293 362 82 466 351 445 1
379 419 51 565 447 443 1
408 376 54 555 436 185 1
649 366 21 745 615 587 1
146 368 95 396 306 574 1
700 123 36 711 530 523 1
640 546 75 841 449 1723 1
196 138 16 240 491 594 1
65 65 97 92 92 305 1
375 478 9 608 708 623 1
227 94 75 246 271 330 1
491 51 58 494 409 512 1
128 104 15 165 446 611 1
375 271 99 463 323 292 1
683 373 15 778 670 610 1
747 370 11 834 724 2000 3
213 58 28 221 398 500 1
615 323 64 695 444 516 1
576 284 96 642 374 515 1
549 471 18 723 633 559 1
