69 81 91 106 122 323 1
166 415 70 447 367 561 1
420 542 26 686 572 2000 3
534 424 40 682 509 830 1
466 528 77 704 419 404 1
745 414 88 852 428 715 1
183 331 61 378 363 560 1
304 128 37 330 416 594 1
209 220 70 303 311 384 1
142 489 63 509 401 779 1
181 526 24 556 553 377 1
347 178 96 390 302 308 1
630 431 9 763 741 1108 1
705 313 57 771 476 513 1
52 355 62 359 353 712 1
440 511 39 674 511 871 1
614 508 99 797 401 695 1
621 202 62 653 440 403 1
719 445 86 846 430 798 1
399 154 82 428 338 1078 1
