687 314 29 755 570 2000 3
245 221 45 330 387 806 1
572 180 39 600 494 782 1
748 287 17 801 656 676 1
446 197 90 488 344 511 1
266 440 37 514 480 574 1
723 156 65 740 451 1218 1
573 342 67 667 432 2000 3
132 547 31 563 518 2000 3
233 369 70 436 364 2000 3
319 282 9 426 656 2000 3
202 373 90 424 324 2000 3
106 372 50 387 395 2000 3
578 409 25 708 582 2000 3
214 377 37 434 455 2000 3
696 109 70 704 433 2000 3
521 65 62 525 408 2000 3
350 423 83 549 373 2000 3
111 159 73 194 241 2000 3
689 267 17 739 644 2000 3
