351 380 30 517 511 872 1
68 109 74 128 179 350 1
591 464 83 751 418 381 1
746 547 71 925 470 363 1
337 131 38 362 425 617 1
474 302 19 562 589 791 1
169 500 6 528 746 691 1
603 363 64 704 446 447 1
573 497 90 759 408 504 1
376 97 76 388 335 601 1
486 354 91 601 372 1356 1
467 482 48 671 481 919 1
670 296 58 732 466 596 1
134 57 5 146 587 1062 1
740 521 25 905 618 934 1
377 191 6 423 714 961 1
135 350 66 375 351 472 1
267 86 82 281 278 351 1
191 316 70 369 340 387 1
645 482 6 805 807 998 1
