138 412 6 434 718 1473 1
583 546 66 799 460 470 1
181 382 10 423 640 866 1
111 195 41 224 345 421 1
581 310 66 659 432 638 1
197 109 57 225 298 335 1
63 447 27 451 506 624 1
406 375 55 553 433 326 1
680 132 7 693 763 1777 1
620 384 90 729 402 334 1
117 77 76 140 188 224 1
535 253 18 592 604 485 1
700 322 22 771 613 494 1
508 511 15 721 659 850 1
416 259 13 490 624 532 1
449 105 23 461 533 706 1
666 445 48 801 506 850 1
151 58 76 162 209 344 1
723 80 20 727 618 731 1
220 142 67 262 297 99 1
