83 513 48 520 444 795 1
367 542 40 655 503 711 1
325 149 77 358 322 481 1
455 220 61 505 405 900 1
641 364 91 737 402 2000 3
555 387 21 677 601 1990 1
50 440 17 443 570 1389 1
170 259 59 310 339 738 1
410 302 39 509 471 632 1
316 126 60 340 350 807 1
196 60 99 205 205 617 1
410 413 30 582 528 2000 3
370 309 77 482 365 1041 1
629 341 62 715 453 841 1
172 278 8 327 635 2000 3
670 466 27 816 592 2000 3
252 186 27 313 454 1345 1
427 253 39 496 467 859 1
549 541 34 771 550 738 1
620 330 8 702 746 651 1
