78 53 6 94 497 1672 1
297 248 29 387 474 608 1
431 90 5 440 746 2000 3
655 196 13 684 672 683 1
416 165 17 448 572 140 1
518 267 44 583 473 504 1
471 303 60 560 422 459 1
693 267 69 743 443 327 1
198 271 37 336 418 334 1
71 185 21 198 424 591 1
526 502 5 727 818 1746 1
699 207 36 729 534 379 1
675 489 58 834 485 563 1
166 359 93 396 309 432 1
693 496 59 852 485 412 1
665 479 66 820 464 511 1
337 151 88 369 307 254 1
324 204 18 383 541 112 1
323 129 11 348 598 405 1
557 533 64 771 459 559 1
