750 245 17 789 654 969 1
529 526 70 746 441 334 1
435 247 80 500 364 360 1
253 430 5 499 764 1476 1
423 149 60 448 390 818 1
541 109 46 552 458 802 1
474 240 100 531 341 401 1
458 487 66 669 434 576 1
558 98 29 567 529 416 1
727 341 73 803 446 391 1
195 328 66 382 353 559 1
101 184 91 210 221 270 1
294 162 11 336 593 870 1
589 392 41 708 511 354 1
619 334 59 703 457 346 1
190 507 70 541 395 465 1
541 517 98 748 393 273 1
329 311 90 453 333 300 1
289 129 76 316 306 287 1
259 471 90 538 358 509 1
