250 549 36 603 507 679 1
743 482 28 886 598 1004 1
261 352 10 438 645 730 1
475 50 67 478 383 359 1
210 408 7 459 703 1053 1
165 193 51 254 332 416 1
76 494 22 500 551 681 1
218 373 39 432 447 492 1
487 396 24 628 571 721 1
479 432 76 645 409 353 1
509 347 49 616 465 534 1
653 435 40 785 529 360 1
318 496 66 589 416 713 1
701 303 64 764 458 623 1
408 123 72 426 356 513 1
117 194 80 227 250 395 1
125 195 63 232 288 111 1
439 332 61 550 417 398 1
723 182 52 746 484 857 1
74 402 12 409 609 761 1
