500 102 65 510 397 897 1
693 237 27 732 576 696 1
636 431 49 768 497 614 1
369 161 14 403 585 378 1
171 124 82 211 236 370 1
597 376 12 706 688 799 1
498 346 59 606 436 330 1
191 369 30 416 479 459 1
381 515 37 641 511 484 1
401 161 66 432 371 420 1
706 143 88 720 403 501 1
481 159 19 507 574 649 1
370 108 18 385 542 470 1
500 382 34 629 521 511 1
295 352 57 459 401 520 1
484 323 97 582 358 585 1
516 206 21 556 573 652 1
648 242 76 692 419 370 1
163 470 21 497 556 669 1
660 184 70 685 429 380 1
