198 57 15 206 478 1638 1
137 198 20 241 459 614 1
196 88 58 215 289 426 1
534 511 92 739 401 323 1
128 313 96 338 282 443 1
459 205 11 503 651 905 1
270 175 5 322 701 783 1
560 200 57 595 438 407 1
369 442 91 576 366 352 1
81 232 21 246 455 677 1
328 158 7 364 670 1430 1
553 501 49 746 493 324 1
587 187 7 616 746 743 1
505 547 25 744 590 761 1
678 463 79 821 438 479 1
551 425 25 696 580 534 1
422 415 91 592 370 612 1
645 507 56 820 487 616 1
283 244 62 374 359 575 1
104 375 58 389 375 513 1
