631 502 36 806 548 639 1
512 165 59 538 419 669 1
346 164 81 383 324 415 1
633 54 52 635 461 882 1
535 193 5 569 783 1113 1
573 267 12 632 672 1025 1
544 160 79 567 384 224 1
241 102 42 262 364 103 1
107 369 31 384 463 384 1
700 338 77 777 433 356 1
118 442 28 457 503 389 1
312 90 39 325 406 745 1
276 254 18 375 538 886 1
575 170 62 600 427 882 1
539 223 44 583 473 527 1
103 389 88 402 319 489 1
666 152 53 683 469 656 1
688 486 29 842 586 752 1
709 311 97 774 400 86 1
709 237 13 748 685 2000 3
