736 430 27 852 598 565 1
701 278 20 754 624 425 1
598 510 62 786 466 392 1
136 190 13 234 517 677 1
172 532 85 559 372 346 1
176 448 15 481 600 788 1
140 64 84 154 187 346 1
76 232 30 244 402 515 1
232 526 11 575 671 1032 1
649 433 74 780 440 346 1
434 404 29 593 535 562 1
303 166 90 345 294 309 1
250 501 49 560 451 489 1
358 496 35 612 513 375 1
592 278 83 654 398 640 1
232 222 57 321 349 307 1
478 463 49 665 476 623 1
410 522 30 664 547 776 1
399 253 34 472 480 585 1
346 402 20 530 573 565 1
