393 539 69 667 427 1547 1
122 268 73 294 301 351 1
464 436 32 637 532 567 1
374 508 86 631 388 331 1
303 123 6 327 677 1119 1
381 236 97 448 321 111 1
111 393 32 408 467 466 1
707 90 39 713 519 616 1
52 279 71 284 300 346 1
418 376 79 562 383 304 1
748 471 45 884 530 550 1
578 459 75 738 430 333 1
404 140 29 428 488 320 1
686 153 62 703 450 349 1
429 404 19 589 595 404 1
345 126 5 367 720 916 1
190 82 65 207 267 50 1
365 207 9 420 654 618 1
727 548 27 910 607 666 1
267 550 40 611 493 536 1
