333 251 50 417 406 704 1
562 168 25 587 555 845 1
253 457 65 522 401 548 1
659 61 71 662 422 484 1
625 315 41 700 509 474 1
96 248 44 266 360 722 1
55 420 48 424 414 567 1
516 392 7 648 753 882 1
58 441 14 445 599 552 1
424 413 57 592 438 577 1
480 357 89 598 375 312 1
152 134 64 203 267 724 1
679 149 64 695 444 638 1
206 371 57 424 390 557 1
202 496 23 536 554 639 1
498 416 66 649 430 381 1
584 285 29 650 549 341 1
288 99 71 305 310 406 1
597 438 9 740 736 1266 1
706 77 25 710 583 634 1
