623 312 8 697 745 839 1
97 86 89 130 155 68 1
159 252 32 298 422 749 1
136 246 51 281 346 761 1
184 132 23 226 430 484 1
724 490 47 874 522 820 1
270 221 17 349 536 828 1
97 426 46 437 425 1047 1
414 164 94 445 324 527 1
132 535 75 551 388 745 1
176 321 24 366 493 495 1
275 540 10 606 692 1577 1
629 429 20 761 625 1106 1
407 547 80 682 409 673 1
307 326 49 448 419 655 1
228 346 88 414 323 595 1
78 132 41 153 290 256 1
358 496 67 612 419 488 1
99 83 50 129 237 509 1
123 400 90 418 322 801 1
