91 119 77 150 196 2000 3
656 386 18 761 640 2000 3
129 125 62 180 254 2000 3
307 523 85 606 383 2000 3
163 323 19 362 525 2000 3
91 481 44 490 448 2000 3
552 317 13 637 661 2000 3
547 248 20 601 591 2000 3
578 171 54 603 448 2000 3
534 466 68 709 438 2000 3
642 526 100 830 405 2000 3
292 245 17 381 549 2000 3
428 254 28 498 515 2000 3
260 235 17 350 536 2000 3
709 55 53 711 475 2000 3
616 362 75 714 425 2000 3
484 113 50 497 431 2000 3
690 338 37 768 538 2000 3
232 195 64 303 324 2000 3
63 86 81 107 140 1417 1
