316 421 47 526 448 526 1
155 316 56 352 365 340 1
723 396 59 824 480 802 1
441 446 74 627 408 316 1
60 349 60 354 356 290 1
319 113 42 338 401 579 1
370 127 75 391 338 304 1
241 411 88 476 344 377 1
180 532 70 562 401 547 1
704 326 47 776 505 758 1
417 316 23 523 551 446 1
89 86 81 124 161 378 1
703 188 39 728 522 592 1
79 66 70 103 156 28 1
160 501 89 526 356 374 1
473 243 45 532 456 578 1
503 242 90 558 363 364 1
273 137 74 305 304 285 1
266 240 64 358 348 270 1
505 432 72 665 421 562 1
