275 545 22 610 579 2000 3
446 64 6 451 723 1275 1
232 210 95 313 272 638 1
549 250 31 603 528 828 1
564 91 87 571 371 654 1
412 219 76 467 362 639 1
452 463 68 647 425 757 1
552 436 47 703 490 546 1
683 360 94 772 404 587 1
50 185 34 192 350 506 1
448 332 12 558 654 855 1
265 443 11 516 655 1371 1
645 391 74 754 435 641 1
381 434 41 578 482 443 1
86 271 70 284 302 741 1
300 481 23 567 562 1193 1
621 517 87 808 422 821 1
487 406 71 634 416 589 1
463 361 80 587 388 556 1
493 256 44 556 466 683 1
