166 130 92 211 220 246 1
656 458 5 800 832 1882 1
556 470 84 728 412 2000 3
389 199 46 437 425 2000 3
285 461 79 542 378 2000 3
648 447 96 787 404 2000 3
546 188 69 577 406 694 1
729 524 48 898 523 2000 3
317 259 35 409 455 800 1
453 220 21 504 558 617 1
86 416 9 425 656 2000 3
507 255 70 568 402 2000 3
130 372 80 394 330 2000 3
312 527 88 612 380 2000 3
210 465 77 510 373 2000 3
730 527 15 900 691 1149 1
220 401 62 457 388 651 1
595 153 20 614 594 564 1
494 148 50 516 437 389 1
428 293 60 519 411 2000 3
