242 483 45 540 458 857 1
614 219 76 652 410 2000 3
579 337 93 670 385 431 1
619 257 54 670 463 422 1
528 79 21 534 567 1228 1
322 301 100 441 314 2000 3
71 294 94 302 268 500 1
229 429 24 486 534 1057 1
632 439 37 770 538 2000 3
75 228 88 240 245 516 1
596 68 17 600 614 929 1
656 405 80 771 427 506 1
434 540 92 693 391 688 1
386 97 37 398 443 640 1
589 88 67 596 415 692 1
746 518 93 908 429 748 1
406 468 59 620 439 646 1
613 350 18 706 629 781 1
452 241 92 512 348 421 1
739 408 90 844 423 885 1
