144 93 9 171 525 1444 1
582 451 91 736 402 465 1
153 266 46 307 374 535 1
339 146 68 369 344 275 1
680 185 96 705 388 677 1
157 436 61 463 392 709 1
184 328 85 376 315 527 1
573 109 76 583 394 802 1
65 323 72 329 319 475 1
75 352 99 360 286 475 1
84 308 13 319 562 918 1
478 324 73 577 398 711 1
255 284 17 382 549 745 1
660 354 62 749 459 486 1
331 509 78 607 396 502 1
297 300 43 422 429 403 1
439 97 35 450 468 751 1
166 150 5 224 649 710 1
606 99 68 614 417 496 1
85 181 38 200 340 474 1
