276 206 45 344 393 669 1
91 228 21 245 454 533 1
136 513 47 531 450 541 1
98 143 67 173 237 178 1
634 58 12 637 673 645 1
626 414 66 751 451 374 1
412 389 50 567 450 630 1
435 179 65 470 385 337 1
591 514 77 783 435 363 1
520 102 12 530 646 559 1
402 304 12 504 639 1298 1
615 168 28 638 551 529 1
464 527 31 702 550 547 1
397 216 96 452 324 258 1
618 214 93 654 381 501 1
441 399 90 595 372 375 1
65 292 86 299 280 417 1
532 348 63 636 434 503 1
299 424 31 519 507 510 1
515 536 45 743 505 360 1
