193 361 44 409 422 450 1
251 494 89 554 364 396 1
491 63 72 495 378 385 1
444 443 6 627 771 1051 1
140 277 28 310 447 681 1
175 455 88 487 347 329 1
736 365 72 822 451 578 1
461 70 32 466 486 493 1
379 440 34 581 509 790 1
502 147 27 523 528 873 1
478 197 35 517 488 346 1
336 525 22 623 582 703 1
623 68 18 627 612 624 1
707 86 68 712 439 695 1
52 210 93 216 222 496 1
283 188 14 340 560 603 1
83 249 77 262 277 415 1
606 102 13 615 656 1223 1
669 127 8 681 741 1712 1
421 94 55 431 397 381 1
