348 203 34 403 457 696 1
415 88 69 424 362 699 1
227 170 47 284 360 631 1
220 541 89 584 371 616 1
705 465 48 845 514 582 1
229 209 18 310 511 457 1
526 378 57 648 451 531 1
246 205 27 320 457 472 1
736 225 47 770 503 698 1
440 111 45 454 433 547 1
218 63 38 227 358 649 1
268 241 13 360 579 554 1
140 219 95 260 245 402 1
217 102 49 240 329 507 1
564 325 39 651 506 646 1
642 175 65 665 435 392 1
392 58 46 396 411 449 1
573 73 94 578 362 592 1
329 346 90 477 341 589 1
212 288 47 358 393 396 1
