238 494 69 548 399 787 1
302 271 96 406 308 836 1
474 325 12 575 658 1890 1
416 68 84 422 333 1302 1
401 328 71 518 387 814 1
271 408 72 490 377 815 1
726 263 51 772 492 2000 3
633 450 22 777 614 1010 1
687 464 25 829 605 1600 1
594 90 47 601 468 1198 1
280 234 49 365 390 787 1
84 427 24 435 518 1138 1
337 142 83 366 314 741 1
676 212 82 708 411 2000 3
426 163 97 456 323 2000 3
402 506 54 646 458 1044 1
157 401 13 431 605 1500 1
281 177 5 332 705 2000 3
530 478 28 714 567 2000 3
507 378 50 632 466 1251 1
