566 517 70 767 445 599 1
164 338 92 376 303 474 1
316 61 93 322 279 365 1
698 426 74 818 447 766 1
407 313 8 513 700 633 1
685 343 29 766 572 574 1
320 376 52 494 425 388 1
514 117 22 527 558 740 1
566 490 42 749 516 517 1
251 445 60 511 409 357 1
627 88 14 633 650 438 1
382 374 94 535 351 342 1
714 419 45 828 520 580 1
389 496 95 630 373 283 1
720 295 82 778 425 421 1
674 386 74 777 439 303 1
478 322 42 576 478 91 1
541 525 71 754 441 350 1
93 511 5 519 770 1095 1
432 544 44 695 498 371 1
