743 318 55 808 488 416 1
66 381 21 387 520 928 1
191 87 81 210 237 385 1
573 164 48 596 463 575 1
144 303 34 335 430 422 1
91 461 41 470 452 648 1
185 209 8 279 612 1285 1
319 175 90 364 302 370 1
645 358 95 738 396 523 1
302 501 59 585 431 391 1
444 94 45 454 433 610 1
542 109 67 553 405 346 1
505 81 100 511 335 334 1
609 543 55 816 489 407 1
580 410 43 710 505 445 1
656 302 90 722 400 350 1
450 197 13 491 624 941 1
727 484 48 873 518 821 1
655 410 21 773 620 629 1
692 411 40 805 533 653 1
