308 426 84 526 365 463 1
331 442 62 552 415 83 1
437 464 8 637 732 894 1
311 77 39 320 404 490 1
609 158 62 629 434 351 1
544 179 45 573 467 444 1
290 494 69 573 405 571 1
413 357 66 546 405 341 1
575 538 48 787 504 632 1
191 379 69 424 362 498 1
370 252 18 448 564 427 1
638 187 71 665 423 430 1
244 510 41 565 478 611 1
350 518 29 625 543 705 1
491 286 47 568 460 460 1
290 375 68 474 380 382 1
155 87 61 178 254 846 1
209 475 47 519 447 704 1
630 324 95 708 390 479 1
371 537 18 653 618 557 1
