451 326 19 556 587 1050 1
293 78 64 303 324 630 1
523 500 53 724 477 755 1
187 543 79 574 386 442 1
284 57 93 290 264 440 1
71 507 54 512 425 653 1
386 103 96 400 306 507 1
472 391 86 613 383 375 1
497 412 15 646 643 986 1
196 59 91 205 217 432 1
547 282 34 615 518 789 1
180 264 7 320 651 1327 1
601 518 66 793 459 505 1
540 210 23 579 565 720 1
216 220 95 308 270 473 1
329 446 32 554 511 753 1
165 455 26 484 522 674 1
739 115 52 748 485 777 1
99 78 24 126 339 32 1
308 492 35 580 505 665 1
