625 362 98 722 388 532 1
615 333 80 699 413 440 1
695 187 26 720 579 542 1
329 533 74 626 408 370 1
575 468 56 741 473 506 1
137 196 70 239 277 576 1
134 132 60 188 265 668 1
637 411 29 758 571 890 1
614 253 48 664 479 598 1
508 100 51 518 434 606 1
330 228 96 401 306 299 1
169 140 8 219 577 821 1
221 66 54 231 310 373 1
72 254 8 264 604 1198 1
516 104 13 526 634 602 1
733 143 48 747 496 355 1
459 387 61 600 430 804 1
542 533 9 760 740 1401 1
96 508 52 517 431 531 1
747 380 20 838 639 860 1
