615 88 41 621 492 837 1
147 253 20 293 487 494 1
76 435 20 442 547 534 1
644 413 97 765 398 572 1
730 183 38 753 531 344 1
358 509 35 622 515 668 1
476 235 81 531 371 330 1
401 291 98 495 334 199 1
257 344 67 429 368 239 1
268 366 85 454 342 336 1
281 137 29 313 443 606 1
724 385 72 820 451 587 1
118 351 61 370 360 553 1
414 212 37 465 465 504 1
662 154 57 680 458 342 1
539 303 91 618 376 451 1
460 280 82 539 372 614 1
153 145 9 211 555 804 1
113 461 58 475 403 577 1
297 473 19 559 588 602 1
