179 517 57 547 426 604 1
469 273 60 543 418 945 1
654 311 29 724 564 1204 1
539 277 99 606 361 606 1
687 117 77 697 418 463 1
238 65 47 247 339 551 1
403 266 36 483 475 897 1
707 342 50 785 497 582 1
554 192 15 586 629 861 1
418 417 66 590 416 779 1
461 294 95 547 353 431 1
312 153 91 347 293 253 1
396 381 5 550 778 2000 3
335 205 32 393 462 566 1
111 228 76 254 274 450 1
457 289 79 541 378 478 1
109 243 47 266 350 460 1
631 54 36 633 514 1036 1
505 182 23 537 555 1016 1
525 429 97 678 381 1552 1
