64 303 30 310 437 459 1
233 160 8 283 614 733 1
93 338 64 351 346 200 1
655 78 57 660 453 699 1
170 182 23 249 444 539 1
406 360 65 543 406 427 1
184 206 25 276 446 526 1
443 438 20 623 596 929 1
311 512 46 599 470 578 1
69 298 61 306 333 464 1
87 206 48 224 322 701 1
235 89 39 251 369 931 1
325 495 33 592 517 838 1
452 204 26 496 525 671 1
374 450 62 585 424 640 1
59 452 31 456 488 1099 1
584 135 69 599 412 863 1
190 471 39 508 470 1370 1
53 196 13 203 496 2000 3
645 134 49 659 475 533 1
