94 106 58 142 229 565 1
747 516 24 908 624 1470 1
176 153 54 233 311 477 1
323 117 83 344 305 394 1
61 348 53 353 374 591 1
506 499 13 711 677 1100 1
645 221 18 682 624 1342 1
483 486 42 685 503 712 1
95 181 96 204 209 303 1
251 189 56 314 349 439 1
550 56 77 553 384 342 1
523 206 58 562 428 534 1
50 481 62 484 396 2000 3
689 363 95 779 404 720 1
286 373 75 470 365 424 1
676 326 19 751 630 872 1
708 295 16 767 658 625 1
125 246 5 276 679 576 1
240 107 56 263 323 1232 1
610 60 31 613 531 902 1
