149 503 97 525 344 422 1
636 308 21 707 607 816 1
199 495 29 534 520 507 1
357 467 79 588 390 486 1
448 228 40 503 465 389 1
599 422 24 733 593 516 1
439 328 48 548 451 611 1
597 345 6 690 785 2000 3
219 338 66 403 361 696 1
385 156 46 415 417 403 1
350 308 88 466 340 344 1
311 351 26 469 517 420 1
656 423 99 781 398 1785 1
68 445 47 450 426 587 1
469 442 99 644 370 362 1
100 84 9 131 486 1582 1
709 139 65 722 447 535 1
392 111 29 407 481 565 1
379 108 74 394 341 3 1
627 245 48 673 481 751 1
