381 478 72 611 409 1042 1
114 286 94 308 271 971 1
411 161 64 441 378 972 1
291 93 90 305 276 571 1
585 216 38 624 504 754 1
339 319 90 465 337 474 1
484 315 89 577 370 386 1
564 179 50 592 457 652 1
501 450 93 673 386 443 1
100 471 41 481 455 727 1
301 406 32 505 498 601 1
548 350 40 650 502 352 1
62 122 24 137 351 805 1
462 338 93 572 362 655 1
472 344 21 584 580 1505 1
256 264 46 368 400 565 1
306 498 63 584 421 959 1
334 455 21 564 575 856 1
346 196 33 398 459 1200 1
620 192 94 649 379 504 1
