397 508 30 645 543 752 1
200 534 28 570 535 963 1
655 532 61 844 479 628 1
643 537 40 838 539 620 1
52 422 68 425 364 370 1
515 142 21 534 567 741 1
192 105 90 219 228 300 1
416 362 7 551 730 593 1
549 429 45 697 495 536 1
417 418 21 590 581 1297 1
206 293 90 358 299 343 1
660 295 68 723 441 439 1
138 489 91 508 348 438 1
159 74 79 175 215 501 1
532 438 5 689 811 1419 1
255 194 35 320 419 867 1
107 431 53 444 407 313 1
289 373 12 472 630 944 1
475 368 7 601 742 1118 1
487 466 41 674 504 767 1
