430 61 81 434 342 791 1
130 491 64 508 399 399 1
172 428 56 461 404 651 1
324 517 56 610 445 378 1
97 354 96 367 293 398 1
158 263 47 307 371 377 1
120 271 42 296 382 677 1
734 290 84 789 423 621 1
392 201 76 441 354 721 1
78 121 51 144 250 397 1
369 303 58 477 404 483 1
599 366 99 702 383 343 1
177 281 33 332 433 913 1
227 143 79 268 276 405 1
496 102 79 506 368 590 1
242 519 58 573 430 372 1
338 452 76 564 389 588 1
108 193 77 221 252 336 1
692 326 83 765 420 406 1
203 247 36 320 415 384 1
