166 434 56 465 405 779 1
318 56 37 323 413 650 1
281 424 76 509 374 528 1
735 113 47 744 498 489 1
532 398 45 664 488 660 1
234 323 36 399 447 695 1
599 506 57 784 478 432 1
145 308 72 340 324 1141 1
664 372 73 761 438 494 1
355 203 72 409 351 668 1
432 428 28 608 544 705 1
692 501 35 854 561 727 1
321 288 33 431 471 411 1
204 172 25 267 442 512 1
391 308 100 498 332 663 1
229 521 37 569 494 601 1
391 447 99 594 358 476 1
335 182 66 381 353 478 1
288 143 68 322 324 395 1
103 175 8 203 567 2000 3
