293 59 56 299 342 737 1
730 414 57 839 488 721 1
231 358 92 426 321 457 1
326 219 25 393 497 385 1
100 170 15 197 472 477 1
599 459 7 755 775 1297 1
116 289 12 311 570 916 1
318 505 20 597 590 972 1
308 166 29 350 459 521 1
616 532 34 814 558 569 1
700 305 47 764 502 880 1
139 225 66 264 300 520 1
626 169 27 648 558 1021 1
88 205 95 223 223 430 1
260 244 63 357 350 490 1
228 445 24 500 538 1014 1
313 472 7 566 734 1310 1
548 322 68 636 423 615 1
177 262 14 316 550 595 1
416 480 14 635 650 1021 1
