344 342 97 485 332 1061 1
146 118 27 188 380 1336 1
281 467 70 545 396 349 1
302 510 53 593 448 391 1
568 405 39 698 516 693 1
613 549 97 823 408 527 1
89 209 19 227 458 512 1
150 215 57 262 320 49 1
594 261 10 649 702 1036 1
259 395 89 472 341 368 1
382 360 48 525 445 576 1
175 539 84 567 375 416 1
211 351 25 410 504 393 1
481 492 50 688 478 550 1
678 491 13 837 701 697 1
531 161 48 555 453 598 1
728 140 82 741 418 522 1
454 154 10 479 658 1152 1
655 305 36 723 533 367 1
623 143 58 639 446 448 1
