733 158 80 750 423 441 1
485 501 40 697 512 758 1
386 351 63 522 405 584 1
344 532 77 634 404 527 1
546 143 45 564 465 913 1
431 274 61 511 407 491 1
98 385 24 397 505 855 1
92 484 86 493 352 592 1
581 155 76 601 398 745 1
469 315 63 565 416 544 1
413 223 11 469 641 1023 1
589 315 14 668 658 1018 1
692 84 72 697 428 590 1
307 153 74 343 321 539 1
93 472 35 481 478 803 1
444 394 26 594 551 1825 1
287 410 49 500 435 523 1
181 186 35 260 389 599 1
246 365 73 440 359 550 1
684 139 54 698 469 980 1
