643 364 32 739 553 1099 1
593 482 50 764 493 311 1
665 478 99 819 405 638 1
411 300 40 509 467 341 1
311 238 81 392 327 438 1
557 326 8 645 733 1218 1
620 96 92 627 377 518 1
183 235 14 298 541 1085 1
374 172 17 412 560 723 1
231 512 84 562 374 791 1
311 355 36 472 471 591 1
297 539 92 615 374 564 1
456 116 19 471 563 819 1
356 271 83 447 343 368 1
526 77 98 532 344 409 1
446 532 90 694 395 623 1
722 416 80 833 438 328 1
679 296 52 741 483 1031 1
710 533 89 888 432 815 1
724 272 62 773 464 988 1
