90 315 42 328 397 837 1
428 479 5 642 800 1151 1
445 127 44 463 440 336 1
602 92 65 609 423 756 1
238 486 98 541 346 629 1
308 176 72 355 330 606 1
53 125 56 136 228 388 1
423 168 23 455 531 678 1
227 264 7 348 664 931 1
375 58 19 379 532 878 1
413 245 97 480 331 529 1
167 339 77 378 330 506 1
360 330 39 488 465 704 1
173 329 36 372 437 708 1
211 380 60 435 386 490 1
725 279 64 777 460 929 1
452 71 25 458 520 372 1
237 72 29 248 410 650 1
190 309 52 363 380 354 1
146 325 14 356 567 647 1
