260 51 100 265 241 691 1
706 385 37 804 544 1647 1
408 126 51 427 407 498 1
585 70 47 589 465 746 1
705 206 23 734 600 529 1
135 229 6 266 647 601 1
594 78 20 599 590 606 1
262 72 94 272 253 164 1
366 241 41 438 442 507 1
553 69 42 557 473 810 1
66 56 80 87 112 12 1
657 543 52 852 503 515 1
361 384 17 527 595 576 1
598 461 55 755 478 412 1
168 83 69 187 244 427 1
304 105 75 322 310 358 1
222 86 26 238 419 833 1
433 110 43 447 438 451 1
700 150 12 716 690 1114 1
711 308 45 775 511 459 1
