460 414 95 619 370 799 1
420 218 67 473 382 296 1
363 143 34 390 452 662 1
200 363 80 414 337 1117 1
377 114 27 394 487 2000 3
574 362 12 679 682 2000 3
684 95 69 691 432 2000 3
687 103 71 695 429 2000 3
317 95 78 331 309 2000 3
234 126 13 266 535 2000 3
695 79 13 699 675 2000 3
175 214 6 276 652 2000 3
600 445 60 747 464 2000 3
437 387 19 584 594 1463 1
651 497 52 819 498 2000 3
242 79 13 255 529 2000 3
239 221 22 326 489 2000 3
229 510 94 559 357 2000 3
58 140 98 152 163 2000 3
624 304 57 694 461 2000 3
