615 54 83 617 389 495 1
502 406 69 646 423 606 1
272 289 63 397 366 479 1
583 173 95 608 368 388 1
551 418 69 692 433 568 1
591 491 92 768 406 544 1
347 81 43 356 405 742 1
275 332 18 431 558 1410 1
142 163 14 216 495 736 1
211 103 73 235 269 469 1
338 60 5 343 710 1014 1
496 184 78 529 376 369 1
224 145 72 267 289 979 1
458 534 30 704 555 801 1
137 87 34 162 325 388 1
126 195 89 232 238 350 1
595 533 23 799 612 1309 1
94 518 50 526 440 690 1
318 369 82 487 357 446 1
292 275 39 401 436 495 1
