605 500 53 785 489 720 1
566 501 51 756 489 432 1
453 143 17 475 580 945 1
429 277 13 511 630 452 1
631 335 40 714 516 687 1
282 123 45 308 377 647 1
611 170 19 634 606 604 1
491 542 38 731 527 606 1
591 241 74 638 411 408 1
312 293 19 428 549 723 1
419 379 83 565 377 311 1
620 261 8 673 739 646 1
606 54 93 608 371 708 1
566 500 85 755 415 530 1
560 407 79 692 413 384 1
269 429 96 506 340 469 1
393 163 12 425 615 539 1
747 459 23 877 625 635 1
288 298 15 414 579 622 1
612 398 97 730 391 363 1
