270 310 42 411 429 725 1
75 160 7 177 566 1124 1
372 65 31 378 461 672 1
354 56 60 358 358 794 1
355 420 62 550 415 2000 3
683 161 74 702 425 2000 3
552 500 89 745 407 960 1
390 499 45 633 481 2000 3
177 524 64 553 411 2000 3
535 198 74 570 395 2000 3
571 550 59 793 475 2000 3
83 363 73 372 335 2000 3
592 139 12 608 666 2000 3
379 349 91 515 350 2000 3
747 85 94 752 400 2000 3
271 283 63 392 364 2000 3
537 409 18 675 623 2000 3
223 86 61 239 297 2000 3
666 109 23 675 588 2000 3
464 161 6 491 735 2000 3
