330 77 42 339 401 615 1
440 190 34 479 482 574 1
668 537 16 857 674 1386 1
209 351 90 409 318 480 1
713 343 58 791 477 780 1
225 354 11 419 625 984 1
588 100 40 596 490 424 1
684 135 88 697 399 475 1
658 497 60 825 478 475 1
645 253 8 693 744 1045 1
507 235 44 559 467 727 1
520 332 78 617 398 619 1
433 524 40 680 509 504 1
436 445 91 623 378 368 1
272 435 76 513 375 305 1
225 348 29 414 484 410 1
165 548 65 572 414 387 1
684 507 96 851 415 426 1
383 484 78 617 398 615 1
100 336 100 351 281 673 1
