107 312 67 330 330 773 1
518 301 49 599 461 557 1
724 106 5 732 819 1049 1
237 218 66 322 329 395 1
248 491 66 550 406 692 1
648 464 69 797 453 432 1
74 55 36 92 235 733 1
464 329 44 569 469 596 1
410 539 40 677 508 2000 3
157 377 12 408 609 1517 1
264 334 47 426 418 485 1
269 322 7 420 691 728 1
111 130 48 171 283 232 1
518 156 44 541 462 596 1
698 97 68 705 437 698 1
560 539 10 777 728 1030 1
223 490 76 538 382 751 1
703 217 93 736 398 404 1
169 339 83 379 319 534 1
474 293 98 557 351 558 1
