449 463 69 645 422 333 1
594 97 77 602 397 468 1
268 475 35 545 496 344 1
469 375 33 600 518 500 1
698 129 30 710 556 696 1
534 412 65 674 437 290 1
495 313 23 586 567 415 1
134 265 15 297 531 307 1
90 499 53 507 426 953 1
92 526 35 534 493 483 1
588 100 83 596 384 284 1
245 453 6 515 742 744 1
247 414 41 482 456 292 1
422 227 37 479 469 340 1
186 385 52 428 404 307 1
690 77 20 694 612 715 1
74 57 13 93 384 565 1
730 432 53 848 500 351 1
136 60 25 149 358 342 1
208 504 32 545 509 366 1
