318 284 71 426 358 55 1
599 475 64 764 458 324 1
590 246 70 639 419 353 1
654 194 6 682 783 557 1
674 537 100 862 411 368 1
281 408 51 495 428 637 1
153 78 65 172 240 407 1
53 528 72 531 388 602 1
412 531 97 672 379 382 1
553 392 46 678 488 871 1
563 547 47 785 506 461 1
412 192 5 455 751 2000 3
348 272 83 442 341 290 1
668 549 40 865 543 596 1
371 124 20 391 529 408 1
465 176 42 497 456 588 1
523 319 41 613 490 327 1
550 520 98 757 395 357 1
260 395 59 473 400 554 1
667 295 37 729 530 506 1
