316 277 53 420 399 494 1
704 298 80 764 426 437 1
453 440 40 632 498 602 1
238 80 57 251 314 473 1
424 425 17 600 614 393 1
554 295 57 628 446 348 1
65 545 60 549 419 659 1
601 452 42 752 516 628 1
587 103 39 596 493 569 1
220 259 69 340 330 321 1
371 484 15 610 635 1009 1
539 487 90 726 401 319 1
460 181 38 494 470 405 1
385 253 67 461 378 324 1
607 248 30 656 545 457 1
176 300 96 348 286 476 1
370 80 23 379 504 350 1
217 262 63 340 343 325 1
458 456 49 646 472 302 1
335 512 21 612 587 614 1
