121 501 61 515 408 914 1
444 326 16 551 611 1952 1
527 396 49 659 475 603 1
231 483 10 535 674 976 1
356 349 10 499 664 703 1
356 497 82 611 390 625 1
342 429 16 549 610 891 1
131 501 78 518 373 554 1
596 61 81 599 389 730 1
272 91 5 287 684 1032 1
335 241 73 413 350 403 1
699 325 76 771 434 437 1
401 244 95 469 330 8 1
312 181 85 361 309 541 1
204 266 80 335 307 434 1
553 318 15 638 641 1867 1
681 487 71 837 456 738 1
748 145 11 762 711 1156 1
551 474 32 727 551 764 1
54 298 34 303 416 513 1
