349 445 94 566 359 683 1
632 356 61 725 457 1017 1
726 287 17 781 652 987 1
244 540 42 593 482 751 1
242 176 84 299 283 811 1
396 248 62 467 391 1311 1
54 468 56 471 407 709 1
288 55 8 293 619 1104 1
703 531 12 881 720 1457 1
321 402 67 514 394 928 1
734 196 94 760 402 988 1
134 192 84 234 248 783 1
338 429 28 546 529 1303 1
698 448 87 829 425 858 1
79 358 30 367 461 996 1
308 362 94 475 334 634 1
237 398 51 463 418 847 1
227 500 53 549 437 936 1
189 357 82 404 330 738 1
166 290 88 334 292 691 1
