434 509 81 669 405 699 1
409 373 41 554 476 540 1
188 450 93 488 339 483 1
353 382 80 520 370 728 1
222 255 97 338 280 683 1
444 451 81 633 397 420 1
286 259 98 386 298 334 1
357 444 34 570 507 579 1
50 272 31 277 416 695 1
533 256 88 591 375 531 1
576 508 67 768 452 324 1
549 328 65 640 430 391 1
306 354 87 468 343 483 1
428 56 85 432 335 444 1
447 338 54 560 437 603 1
359 330 10 488 661 1612 1
430 259 78 502 369 384 1
582 112 70 593 408 580 1
394 273 22 479 544 702 1
298 161 53 339 368 353 1
