281 187 20 338 508 2000 3
640 319 12 715 690 1163 1
533 221 39 577 489 432 1
276 164 61 321 340 348 1
654 91 22 660 591 1915 1
67 111 47 130 247 73 1
369 460 26 590 550 1461 1
509 152 97 531 345 350 1
326 463 50 566 450 851 1
287 416 33 505 494 927 1
520 286 68 593 412 573 1
77 340 82 349 309 421 1
523 432 69 678 430 900 1
210 72 11 222 533 781 1
706 446 88 835 425 394 1
179 257 92 313 277 707 1
620 368 23 721 597 771 1
660 95 100 667 374 569 1
744 61 86 746 412 558 1
56 403 19 407 542 748 1
