589 203 59 623 440 1765 1
713 163 41 731 516 999 1
311 460 48 555 453 1019 1
450 282 32 531 505 2000 3
128 276 72 304 308 1048 1
591 326 97 675 380 968 1
224 492 47 541 452 1048 1
475 333 61 580 425 1041 1
497 155 82 521 367 2000 3
701 459 65 838 469 1237 1
252 174 17 306 517 1482 1
195 210 44 287 371 1211 1
507 275 36 577 500 1028 1
573 153 55 593 443 953 1
650 131 36 663 520 1069 1
399 154 65 428 372 748 1
536 529 71 753 441 848 1
263 56 8 269 607 1737 1
225 237 11 327 589 1347 1
447 51 100 450 317 1099 1
