239 304 41 387 424 2000 3
540 523 55 752 477 1790 1
57 285 37 291 398 1519 1
443 406 39 601 495 1527 1
89 184 38 204 342 621 1
652 382 34 756 547 1533 1
220 480 93 528 351 2000 3
350 376 62 514 405 1701 1
727 509 37 887 558 1026 1
100 204 80 227 250 1439 1
256 319 50 409 403 1696 1
72 226 37 237 368 178 1
534 416 42 677 501 2088 1
650 69 49 654 474 1572 1
339 527 65 627 427 1078 1
649 151 65 666 436 2000 3
717 507 29 878 592 2000 3
592 453 74 745 433 2000 3
601 186 7 629 749 2000 3
144 88 60 169 249 2000 3
