290 496 89 575 369 832 1
513 176 56 542 427 2000 3
138 501 83 520 365 2000 3
292 125 68 318 323 456 1
356 363 100 508 334 829 1
133 386 50 408 403 705 1
228 115 94 255 244 486 1
637 315 6 711 789 1744 1
732 321 73 799 445 1126 1
164 550 53 574 444 1187 1
374 509 95 632 373 615 1
684 274 87 737 408 676 1
699 64 71 702 431 533 1
293 190 26 349 475 827 1
116 447 52 462 415 1015 1
548 474 26 725 580 775 1
356 410 71 543 394 660 1
72 525 33 530 501 1018 1
92 70 84 116 147 1222 1
511 493 28 710 566 1426 1
