175 514 97 543 348 504 1
528 413 25 670 574 1537 1
164 253 71 302 309 511 1
426 178 52 462 415 682 1
536 278 85 604 383 712 1
318 69 78 325 306 489 1
135 194 96 236 230 413 1
512 354 82 622 392 555 1
574 228 97 618 367 451 1
88 459 56 467 406 517 1
696 119 88 706 400 1260 1
204 259 68 330 328 585 1
585 521 19 783 636 1162 1
318 239 90 398 314 457 1
310 242 11 393 616 938 1
155 212 20 263 472 730 1
258 141 79 294 290 671 1
561 442 43 714 505 1068 1
397 315 83 507 361 456 1
368 502 67 622 421 705 1
