154 482 91 506 348 880 1
709 415 37 822 547 690 1
357 192 86 405 324 679 1
201 415 88 461 339 350 1
508 193 16 543 608 699 1
399 165 41 432 440 512 1
503 60 52 507 429 379 1
468 199 40 509 467 340 1
448 395 64 597 422 424 1
489 420 72 645 416 29 1
498 216 62 543 413 580 1
440 431 45 616 477 630 1
398 291 66 493 390 501 1
242 256 63 352 348 340 1
744 52 6 746 796 1395 1
442 215 74 492 373 330 1
366 220 60 427 383 540 1
578 202 77 612 399 709 1
674 166 27 694 568 2000 3
190 160 77 248 269 860 1
