435 516 98 675 378 374 1
431 208 7 479 710 1307 1
569 517 50 769 494 546 1
484 478 87 680 397 358 1
448 210 35 495 482 561 1
553 394 42 679 501 663 1
722 504 84 881 439 646 1
382 150 64 410 368 389 1
78 199 24 214 416 566 1
651 58 78 654 407 378 1
215 317 78 383 330 413 1
386 63 22 391 515 1049 1
510 81 69 516 390 431 1
548 420 18 690 626 967 1
157 219 17 269 498 550 1
102 156 21 186 415 427 1
519 428 66 673 435 628 1
648 269 59 702 457 307 1
367 335 49 497 434 350 1
174 200 71 265 290 442 1
