171 356 60 395 372 432 1
177 488 25 519 538 706 1
53 401 83 404 328 374 1
51 295 30 299 432 418 1
71 256 73 266 287 400 1
197 438 90 480 342 592 1
473 397 89 618 380 379 1
382 144 54 408 392 382 1
474 282 79 552 380 420 1
275 494 78 565 386 366 1
503 289 26 580 548 421 1
432 164 74 462 364 350 1
435 167 95 466 329 379 1
558 211 19 597 597 524 1
406 389 95 562 356 338 1
629 444 68 770 450 684 1
124 85 60 150 232 5 1
103 219 12 242 533 428 1
323 295 69 437 366 378 1
319 422 80 529 373 446 1
