658 183 73 683 423 390 1
539 452 54 703 470 1879 1
496 197 39 534 478 677 1
305 71 56 313 348 532 1
313 509 31 598 527 2000 3
697 390 7 799 783 2000 3
265 198 98 331 276 713 1
369 90 8 380 657 1256 1
320 145 23 351 493 387 1
73 162 33 178 343 463 1
717 515 29 883 593 760 1
445 457 80 638 400 400 1
160 354 44 388 414 560 1
425 357 98 555 350 481 1
333 91 49 345 382 565 1
613 122 41 625 493 711 1
278 134 61 309 334 327 1
436 432 13 614 656 896 1
542 103 95 552 354 368 1
642 196 31 671 544 712 1
