604 482 58 773 474 744 1
498 190 24 533 547 2000 3
495 75 43 501 454 1032 1
589 500 17 773 651 1157 1
485 284 43 562 471 624 1
482 353 94 597 367 2000 3
276 518 67 587 413 2000 3
445 296 51 534 439 1435 1
682 204 43 712 505 1048 1
384 353 67 522 396 873 1
715 388 21 813 627 2000 3
601 263 89 656 388 278 1
240 232 99 334 275 2000 3
117 142 55 184 274 2000 3
196 466 91 506 348 2000 3
475 368 27 601 548 2000 3
636 335 48 719 490 2000 3
586 182 80 614 394 2000 3
523 148 35 544 496 2000 3
632 161 58 652 449 2000 3
