165 399 99 432 313 403 1
712 412 33 823 564 1075 1
574 343 52 669 469 647 1
240 170 30 294 429 1586 1
316 242 19 398 539 2000 3
551 128 30 566 524 633 1
318 176 86 363 308 1803 1
150 399 51 426 406 683 1
700 428 24 820 609 751 1
342 173 42 383 419 513 1
637 440 91 774 409 521 1
214 399 97 453 322 417 1
511 404 20 651 602 715 1
67 486 58 491 408 680 1
611 92 29 618 541 1027 1
153 201 18 253 481 830 1
672 201 34 701 537 523 1
716 82 59 721 461 468 1
542 474 15 720 658 694 1
564 69 93 568 361 406 1
