478 428 89 642 385 895 1
662 189 59 688 454 522 1
244 295 21 383 519 1131 1
607 142 76 623 404 354 1
644 92 74 651 414 292 1
634 540 96 833 412 511 1
75 369 19 377 531 1984 1
406 366 52 547 439 499 1
161 180 13 241 521 558 1
206 527 23 566 562 1522 1
411 318 44 520 456 725 1
468 259 75 535 383 288 1
722 319 99 789 399 349 1
417 177 89 453 335 881 1
206 339 5 397 731 2000 3
631 103 84 639 393 463 1
607 103 92 616 374 575 1
205 270 64 339 341 354 1
477 272 76 549 385 387 1
88 228 71 244 278 432 1
