496 160 25 521 538 883 1
393 152 10 421 640 810 1
739 367 90 825 420 365 1
535 411 98 675 378 445 1
216 393 100 448 316 630 1
511 89 7 519 721 653 1
370 66 37 376 435 346 1
378 288 38 475 464 785 1
256 492 93 555 358 393 1
587 57 96 590 362 318 1
303 343 65 458 382 360 1
660 539 77 852 447 536 1
150 487 12 510 641 940 1
318 301 33 438 473 490 1
191 153 16 245 494 747 1
450 124 97 467 327 341 1
741 166 5 759 825 940 1
109 167 64 199 264 344 1
127 94 62 158 235 1 1
297 212 85 365 310 405 1
