589 228 100 632 366 663 1
718 501 13 876 707 690 1
494 346 25 603 559 264 1
60 328 92 333 286 429 1
183 423 43 461 442 753 1
268 383 92 467 334 297 1
710 263 7 757 776 906 1
172 390 50 426 409 396 1
160 137 61 211 279 373 1
78 495 64 501 397 332 1
718 543 65 900 479 372 1
440 127 61 458 391 572 1
460 324 14 563 633 608 1
193 258 43 322 390 1625 1
550 170 57 576 434 327 1
331 286 84 437 338 355 1
232 479 54 532 430 364 1
320 78 5 329 704 1084 1
374 236 63 442 381 359 1
614 344 63 704 448 659 1
