744 297 29 801 579 2000 3
240 410 71 475 374 777 1
111 298 24 318 473 584 1
745 458 77 875 451 652 1
226 523 75 570 393 440 1
344 356 80 495 363 602 1
470 209 7 514 720 1807 1
293 320 73 434 357 499 1
243 394 42 463 446 350 1
597 410 85 724 409 547 1
473 295 50 557 448 489 1
559 517 48 761 499 623 1
704 257 58 749 469 652 1
115 413 100 429 310 881 1
688 381 41 786 526 1525 1
618 458 55 769 481 351 1
570 136 31 586 524 634 1
641 332 34 722 541 441 1
441 312 52 540 438 374 1
149 403 57 430 392 401 1
