374 357 31 517 506 695 1
323 55 99 328 273 347 1
136 535 31 552 515 694 1
237 276 21 364 512 733 1
713 485 87 862 431 314 1
110 60 62 125 201 306 1
186 156 21 243 453 625 1
420 221 43 475 447 301 1
321 488 63 584 421 912 1
106 287 18 306 509 494 1
50 210 44 216 330 416 1
476 478 78 675 411 390 1
101 205 85 229 243 353 1
698 363 72 787 445 460 1
643 438 91 778 410 440 1
415 143 56 439 397 367 1
571 224 66 613 422 720 1
169 435 95 467 330 719 1
108 236 13 260 532 396 1
678 320 57 750 472 733 1
