156 151 66 217 272 2000 3
473 265 93 542 354 760 1
536 186 76 567 390 991 1
578 468 48 744 495 829 1
733 446 38 858 550 710 1
597 170 71 621 413 1146 1
214 62 19 223 455 1941 1
104 335 65 351 343 1107 1
381 291 41 479 455 1067 1
598 395 70 717 436 792 1
513 282 39 585 491 893 1
149 429 14 454 602 2000 3
266 89 27 280 437 1188 1
130 396 55 417 392 989 1
552 488 81 737 419 896 1
235 275 35 362 437 2000 3
258 411 33 485 488 2000 3
470 93 64 479 390 2000 3
449 447 82 634 395 2000 3
408 279 33 494 490 2000 3
