310 186 98 362 289 624 1
97 492 8 501 697 2000 3
554 238 37 603 503 580 1
184 142 83 232 248 395 1
69 414 77 420 345 521 1
596 237 32 641 532 638 1
277 274 36 390 444 681 1
177 524 89 553 364 524 1
566 137 60 582 428 605 1
434 499 59 661 449 385 1
321 465 61 565 421 561 1
470 194 49 508 437 658 1
97 440 59 451 393 550 1
360 167 5 397 731 2000 3
260 277 39 380 428 675 1
413 274 21 496 556 989 1
518 491 93 714 394 700 1
270 431 15 509 608 682 1
220 83 30 235 397 739 1
69 94 24 117 329 788 1
