63 174 21 185 414 760 1
442 434 51 619 460 762 1
224 495 92 543 356 372 1
305 291 85 422 331 309 1
700 424 5 818 835 1176 1
674 306 38 740 528 652 1
428 205 91 475 338 347 1
275 146 29 311 442 589 1
228 142 56 269 326 27 1
353 500 20 612 594 827 1
513 427 59 667 450 403 1
553 292 49 625 467 548 1
67 330 58 337 354 384 1
478 238 68 534 397 567 1
557 511 63 756 458 459 1
550 233 37 597 501 566 1
619 143 26 635 561 787 1
572 322 70 656 423 400 1
561 329 53 650 462 493 1
132 407 33 428 470 871 1
