337 273 38 434 451 790 1
678 487 24 835 612 426 1
89 407 47 417 415 355 1
655 442 89 790 415 354 1
383 157 45 414 420 476 1
683 517 13 857 704 844 1
730 416 64 840 471 384 1
417 209 69 466 376 580 1
333 419 22 535 560 569 1
50 455 9 458 667 697 1
395 440 98 591 359 364 1
741 162 80 759 425 612 1
494 456 75 672 416 377 1
402 548 24 680 582 692 1
621 93 26 628 559 648 1
197 426 43 469 445 657 1
248 361 32 438 477 593 1
400 413 15 575 626 662 1
192 87 34 211 363 386 1
401 534 11 668 692 864 1
