648 279 40 706 514 910 1
606 144 35 623 515 924 1
199 481 12 521 644 891 1
597 498 60 777 469 752 1
490 241 97 546 349 487 1
617 529 63 813 469 552 1
516 242 78 570 387 552 1
495 216 90 540 358 438 1
193 415 6 458 725 1266 1
393 530 57 660 453 763 1
267 266 79 377 325 515 1
379 437 91 578 367 453 1
95 249 100 267 242 479 1
644 380 12 748 696 1189 1
696 384 80 795 431 593 1
313 101 81 329 302 770 1
310 234 62 388 365 392 1
395 61 31 400 469 796 1
112 478 99 491 331 546 1
606 499 11 785 716 1179 1
