715 143 48 729 492 322 1
69 87 37 111 258 369 1
586 120 41 598 487 339 1
512 358 74 625 408 353 1
545 386 9 668 721 459 1
275 181 79 329 306 322 1
334 367 9 496 678 596 1
373 255 34 452 473 325 1
171 408 45 442 430 574 1
171 112 44 204 321 317 1
144 103 61 177 254 267 1
697 111 56 706 466 530 1
51 513 45 516 452 364 1
300 220 83 372 316 311 1
653 349 32 740 553 515 1
359 106 100 374 290 300 1
670 104 9 678 724 604 1
344 147 49 374 393 782 1
391 484 10 622 696 747 1
52 178 53 185 280 363 1
