158 420 76 449 356 639 1
553 71 16 558 612 485 1
140 213 7 255 619 979 1
379 109 91 394 311 323 1
628 400 89 745 407 679 1
384 467 51 605 457 630 1
201 225 58 302 338 345 1
183 453 41 489 458 499 1
72 56 46 91 198 418 1
568 253 39 622 500 552 1
598 356 62 696 449 522 1
260 214 48 337 381 394 1
362 183 78 406 338 388 1
229 498 98 548 348 691 1
584 298 30 656 545 496 1
669 312 27 738 577 853 1
535 219 80 578 385 392 1
101 114 65 152 223 397 1
272 365 87 455 339 546 1
220 159 78 271 280 198 1
