587 268 26 645 563 476 1
497 524 53 722 477 633 1
258 541 70 599 410 433 1
215 331 71 395 348 300 1
125 154 32 198 363 434 1
495 483 35 692 531 439 1
264 179 60 319 341 384 1
173 391 45 428 425 709 1
229 520 95 568 358 434 1
562 378 67 677 434 628 1
336 117 9 356 631 1352 1
608 249 28 657 555 500 1
398 341 55 524 425 453 1
749 444 29 871 591 766 1
352 140 51 379 389 450 1
420 264 11 496 649 679 1
549 317 65 634 429 319 1
581 538 40 792 531 432 1
523 170 62 550 415 423 1
549 489 58 735 466 599 1
