693 433 73 817 448 887 1
106 213 51 238 322 878 1
704 199 98 732 390 1758 1
122 429 43 446 437 1284 1
561 151 89 581 371 699 1
96 281 21 297 482 1055 1
711 543 39 895 552 1265 1
59 150 56 161 252 969 1
444 301 95 536 350 852 1
341 528 46 629 477 984 1
95 211 21 231 446 1235 1
173 259 55 311 350 786 1
461 302 21 551 571 1117 1
418 97 30 429 484 1001 1
583 404 67 709 440 788 1
665 291 94 726 395 927 1
95 452 46 462 433 1036 1
507 81 87 513 356 989 1
274 228 46 356 395 778 1
705 106 17 713 639 1486 1
