356 161 17 391 552 549 1
358 263 48 444 421 432 1
586 536 22 794 617 685 1
554 545 20 777 628 740 1
257 112 12 280 554 738 1
118 521 95 534 349 505 1
160 350 85 385 318 379 1
457 309 56 552 430 364 1
402 323 84 516 362 436 1
354 191 10 402 633 738 1
507 264 97 572 356 365 1
247 212 73 326 316 7 1
96 331 57 345 360 428 1
677 98 37 684 521 572 1
696 314 64 764 458 542 1
455 340 26 568 545 559 1
728 424 88 842 426 446 1
663 130 35 676 527 531 1
509 77 48 515 442 380 1
650 219 75 686 419 349 1
