433 464 5 635 799 934 1
555 146 76 574 392 467 1
519 239 11 571 670 777 1
580 69 62 584 424 438 1
291 404 5 498 764 948 1
617 256 91 668 388 363 1
397 135 7 419 690 954 1
665 410 44 781 515 652 1
350 113 34 368 444 551 1
357 82 72 366 335 475 1
695 455 83 831 432 546 1
396 365 44 539 461 635 1
502 234 74 554 390 388 1
553 344 76 651 410 566 1
87 177 9 197 545 551 1
679 392 39 784 533 582 1
632 418 16 758 657 846 1
76 86 91 115 134 298 1
728 241 67 767 452 677 1
607 340 78 696 416 567 1
