211 83 56 227 302 603 1
148 189 49 240 329 412 1
727 172 7 747 774 1189 1
577 68 45 581 469 883 1
725 95 90 731 402 384 1
373 136 85 397 322 256 1
354 221 72 417 353 444 1
732 74 85 736 411 399 1
483 396 84 625 390 422 1
173 436 57 469 404 719 1
742 345 60 818 477 407 1
697 54 9 699 728 929 1
470 110 28 483 511 486 1
273 92 66 288 313 603 1
689 430 33 812 562 918 1
522 368 85 639 391 572 1
137 299 71 329 321 501 1
415 379 83 562 376 392 1
321 384 20 500 564 659 1
625 329 63 706 449 439 1
