228 353 76 420 347 1180 1
373 522 10 642 700 2000 3
612 69 81 616 393 1270 1
527 106 87 538 363 1357 1
425 208 8 473 689 1721 1
737 358 97 819 408 1299 1
689 58 14 691 663 2000 3
498 454 64 674 440 2000 3
569 533 82 780 425 1179 1
108 369 80 384 326 1158 1
711 506 87 873 433 1006 1
708 373 49 800 503 1736 1
494 297 62 576 422 1218 1
631 451 81 776 426 744 1
273 194 33 335 434 958 1
736 545 14 916 703 1931 1
363 56 77 367 325 1198 1
435 240 73 497 377 326 1
530 364 63 643 435 726 1
558 270 87 620 383 1258 1
