456 317 10 555 679 1002 1
629 288 97 692 383 394 1
241 296 57 382 374 632 1
327 426 63 537 409 316 1
401 542 49 674 478 364 1
66 147 77 161 206 524 1
562 374 70 675 427 488 1
476 544 52 723 480 413 1
526 55 61 529 412 705 1
222 392 42 450 442 462 1
573 471 56 742 473 608 1
510 549 77 749 428 259 1
315 135 92 343 290 449 1
219 236 34 322 424 383 1
492 90 32 500 497 629 1
531 108 81 542 374 330 1
689 126 32 700 545 356 1
593 265 77 650 408 344 1
265 92 52 281 343 458 1
320 296 64 436 377 527 1
