724 523 87 893 436 650 1
610 421 65 741 451 1268 1
147 265 38 303 400 650 1
610 224 25 650 570 842 1
528 127 61 543 415 701 1
391 120 51 409 400 1052 1
717 94 19 723 625 980 1
266 398 71 479 375 617 1
356 228 17 423 564 800 1
182 477 100 511 335 467 1
501 142 51 521 435 401 1
615 247 49 663 476 668 1
196 340 28 392 481 708 1
347 360 59 500 408 667 1
415 344 65 539 405 399 1
722 77 36 726 533 700 1
210 529 66 569 411 717 1
240 351 5 425 741 751 1
362 518 33 632 526 801 1
426 546 91 693 393 468 1
