77 430 63 437 379 482 1
688 82 13 693 674 1346 1
561 182 26 590 550 562 1
626 249 7 674 759 1411 1
608 331 16 692 643 586 1
155 196 43 250 354 87 1
718 75 93 722 396 668 1
249 74 86 260 260 384 1
675 480 87 828 425 657 1
171 398 95 433 319 405 1
231 149 87 275 266 736 1
363 500 65 618 425 490 1
361 281 29 457 498 515 1
572 141 59 589 432 919 1
131 245 29 278 426 755 1
407 515 90 656 387 392 1
718 292 20 775 628 721 1
624 104 11 633 685 1115 1
286 423 92 511 347 404 1
329 209 5 390 729 1013 1
