596 323 25 678 576 1042 1
487 82 14 494 614 1019 1
230 278 37 361 429 596 1
229 491 77 542 382 512 1
206 426 10 473 656 857 1
476 404 98 624 367 483 1
580 130 66 594 417 616 1
411 315 68 518 393 586 1
651 63 35 654 522 691 1
346 371 74 507 378 411 1
122 100 11 158 484 762 1
534 525 5 749 823 1328 1
207 263 13 335 569 812 1
76 345 65 353 344 670 1
292 500 63 579 420 525 1
120 339 66 360 345 425 1
712 538 96 892 422 543 1
537 465 89 710 400 402 1
373 534 95 651 378 362 1
102 281 41 299 387 543 1
