361 208 22 417 524 667 1
224 79 16 238 489 1066 1
473 448 19 651 610 746 1
518 201 32 556 512 581 1
378 390 96 543 350 426 1
454 208 70 499 383 372 1
119 404 74 421 351 581 1
623 429 17 756 647 787 1
71 178 24 192 400 1002 1
392 166 59 426 385 627 1
241 240 66 340 336 687 1
608 115 99 619 364 441 1
330 161 14 367 571 879 1
99 497 76 507 374 556 1
482 73 84 487 354 423 1
555 253 85 610 384 356 1
313 236 51 392 394 554 1
730 416 93 840 418 378 1
517 449 55 685 464 398 1
723 233 32 760 557 628 1
