505 410 10 650 702 833 1
301 101 94 317 275 372 1
563 253 72 617 410 260 1
673 493 83 834 433 464 1
389 271 24 474 530 476 1
411 366 60 550 420 426 1
485 177 19 516 576 829 1
641 177 58 665 452 677 1
116 187 77 220 251 561 1
533 511 16 738 653 842 1
417 476 92 633 378 552 1
86 175 84 195 222 696 1
716 521 83 885 441 547 1
519 261 36 581 501 605 1
176 473 8 505 698 1163 1
366 208 20 421 540 790 1
88 458 32 466 486 728 1
397 300 25 498 532 648 1
262 213 56 338 359 476 1
309 256 41 401 429 824 1
