467 203 20 509 567 1251 1
706 469 57 848 490 702 1
145 192 60 241 301 561 1
192 512 12 547 651 469 1
617 536 79 817 437 698 1
523 511 29 731 566 770 1
198 297 17 357 539 675 1
202 345 62 400 369 453 1
373 242 64 445 380 465 1
570 182 5 598 790 1070 1
302 202 90 363 301 356 1
332 230 28 404 485 505 1
187 393 97 435 316 476 1
690 413 60 804 474 520 1
77 131 8 152 525 634 1
479 394 18 620 611 734 1
390 444 41 591 485 605 1
509 484 24 702 587 432 1
310 205 63 372 356 523 1
99 382 76 395 338 429 1
