495 490 61 697 451 1344 1
209 258 53 332 365 714 1
463 269 7 535 726 1682 1
731 529 26 902 612 2000 3
521 152 79 543 378 2000 3
209 301 82 366 316 2000 3
303 461 83 552 373 2000 3
651 337 7 733 771 2000 3
665 262 69 715 437 2000 3
181 225 13 289 547 2000 3
673 425 61 796 471 2000 3
354 296 79 461 354 2000 3
545 313 82 628 394 2000 3
144 393 58 419 385 2000 3
715 523 83 886 442 2000 3
380 317 33 495 491 2000 3
198 391 99 438 315 2000 3
424 335 53 540 435 2000 3
159 56 86 169 197 205 1
500 135 70 518 389 2000 3
