507 477 41 696 509 866 1
487 403 72 632 413 328 1
561 329 15 650 644 704 1
364 315 61 481 398 395 1
133 92 13 162 464 755 1
89 73 14 115 404 376 1
513 442 100 677 376 568 1
480 352 66 595 417 339 1
672 372 96 768 400 585 1
108 155 34 189 347 561 1
440 256 39 509 471 602 1
378 279 22 470 542 686 1
383 274 7 471 707 1131 1
272 375 14 463 605 857 1
472 328 20 575 585 682 1
706 51 35 708 534 616 1
252 461 89 525 356 601 1
590 421 81 725 416 467 1
225 293 26 369 483 515 1
307 212 47 373 399 518 1
