86 279 34 292 410 714 1
315 357 48 476 431 1264 1
186 352 34 398 455 856 1
238 391 14 458 603 692 1
189 159 77 247 268 561 1
220 79 90 234 238 333 1
474 459 13 660 667 1892 1
486 501 44 698 499 380 1
591 96 6 599 764 814 1
474 303 49 563 452 434 1
331 302 7 448 700 844 1
532 436 31 688 547 660 1
579 111 19 590 596 821 1
50 516 52 518 432 651 1
302 365 7 474 708 681 1
556 402 86 686 400 381 1
402 145 91 427 323 461 1
547 299 78 623 400 215 1
714 215 66 746 450 415 1
395 434 39 587 491 502 1
