117 284 78 307 298 464 1
629 185 35 656 523 1042 1
138 119 46 182 298 385 1
192 481 84 518 362 571 1
239 106 79 261 272 307 1
505 146 89 526 356 649 1
91 110 60 143 225 474 1
316 134 99 343 279 367 1
137 456 55 476 411 536 1
54 443 67 446 373 417 1
168 454 29 484 506 1293 1
159 520 55 544 431 662 1
62 489 96 493 336 400 1
420 352 40 548 478 758 1
656 430 42 784 522 725 1
639 69 29 643 547 674 1
392 101 62 405 371 321 1
202 220 20 299 490 667 1
312 138 26 341 471 601 1
409 233 72 471 371 396 1
