577 63 25 580 554 803 1
417 528 5 673 807 2000 3
319 113 66 338 336 364 1
639 519 60 823 478 2000 3
331 240 23 409 515 2000 3
495 52 52 498 426 2000 3
133 208 37 247 374 2000 3
312 112 57 331 354 2000 3
614 525 71 808 451 2000 3
436 318 94 540 352 2000 3
547 483 66 730 447 2000 3
324 362 34 486 484 2000 3
150 67 28 164 355 2000 3
336 268 51 430 408 2000 3
419 221 56 474 408 2000 3
258 71 72 268 290 2000 3
349 254 6 432 717 2000 3
233 119 100 262 239 2000 3
357 274 77 450 355 2000 3
290 72 19 299 498 2000 3
