106 356 36 371 437 684 1
645 487 10 808 734 1165 1
160 130 60 206 278 619 1
244 204 98 318 270 461 1
518 99 43 527 462 593 1
552 545 7 776 779 2000 3
510 548 72 749 438 632 1
504 149 25 526 540 361 1
517 335 8 616 727 871 1
334 372 79 500 366 436 1
210 264 28 337 459 411 1
721 312 67 786 455 533 1
336 515 78 615 398 378 1
524 340 61 625 436 560 1
325 300 52 442 409 544 1
353 463 70 582 406 382 1
242 280 67 370 347 324 1
268 197 53 333 365 331 1
515 365 42 631 491 610 1
267 327 27 422 497 475 1
