741 315 21 805 626 875 1
540 500 75 736 429 550 1
632 252 15 680 650 610 1
729 169 60 748 464 634 1
274 485 35 557 499 404 1
275 127 31 303 429 481 1
173 210 99 272 246 441 1
534 127 24 549 552 589 1
399 134 23 421 519 493 1
745 93 97 751 395 394 1
566 411 96 699 386 399 1
512 379 31 637 536 684 1
72 280 50 289 353 438 1
698 427 16 818 668 666 1
68 303 20 311 496 687 1
517 181 66 548 405 375 1
540 228 50 586 455 542 1
82 444 15 452 591 729 1
558 160 60 580 427 401 1
118 496 29 510 514 552 1
