217 320 39 387 431 802 1
688 524 81 865 442 618 1
541 533 31 759 561 552 1
187 56 98 195 199 340 1
729 134 8 741 753 1114 1
663 50 42 665 498 668 1
552 456 26 716 578 537 1
382 349 70 517 388 335 1
658 219 52 693 474 429 1
480 332 81 584 385 368 1
438 186 12 476 631 853 1
351 293 33 457 479 365 1
462 407 40 616 494 688 1
261 152 73 302 305 326 1
417 245 30 484 501 312 1
192 521 10 555 679 641 1
54 67 87 86 98 14 1
568 244 65 618 425 535 1
284 398 75 489 370 451 1
378 352 44 517 455 498 1
