172 495 17 524 595 1406 1
166 243 18 294 503 792 1
185 118 87 219 233 446 1
525 433 12 681 683 1330 1
684 319 59 755 468 470 1
719 79 76 723 425 538 1
575 334 89 665 390 2000 3
525 338 55 624 450 485 1
213 443 87 492 350 792 1
693 518 8 865 776 2000 3
270 517 99 583 356 570 1
243 198 35 313 416 1337 1
536 473 35 715 535 1480 1
175 238 74 295 300 492 1
250 88 9 265 588 2000 3
561 98 58 569 429 430 1
730 197 69 756 445 2000 3
723 295 93 781 407 2000 3
662 422 14 785 681 902 1
162 193 92 252 245 1309 1
