725 61 33 728 546 1128 1
285 275 93 396 309 942 1
662 526 59 846 484 754 1
84 120 94 146 164 1013 1
624 510 14 806 685 1194 1
82 128 48 152 266 766 1
356 534 33 642 528 1048 1
567 298 18 641 615 1049 1
369 302 16 477 590 1030 1
627 311 29 700 559 850 1
389 469 95 609 368 866 1
588 107 25 598 558 1940 1
169 437 44 469 441 996 1
444 239 46 504 445 895 1
410 413 93 582 365 744 1
137 295 70 325 322 886 1
730 261 10 775 728 901 1
85 263 55 276 333 922 1
57 145 69 156 218 774 1
413 402 17 576 608 1240 1
