136 537 32 554 511 589 1
693 539 16 878 678 874 1
650 237 96 692 385 472 1
374 103 17 388 551 554 1
284 322 40 429 442 312 1
141 480 37 500 476 612 1
322 123 92 345 291 359 1
704 444 26 832 600 587 1
407 381 67 558 406 301 1
363 417 69 553 400 454 1
404 381 24 555 553 429 1
535 69 35 539 494 728 1
221 412 21 468 548 631 1
427 300 68 522 394 291 1
291 259 100 390 296 72 1
111 117 64 161 233 506 1
650 345 59 736 464 335 1
395 412 49 571 454 376 1
306 277 20 413 537 339 1
323 357 70 481 378 327 1
