654 190 42 681 502 393 1
221 391 41 449 445 460 1
383 449 53 590 448 442 1
73 338 28 346 463 645 1
176 186 58 256 314 710 1
210 337 95 397 306 628 1
586 221 15 626 638 663 1
676 530 20 859 642 766 1
436 105 20 448 549 575 1
379 135 34 402 456 394 1
228 550 45 595 472 460 1
137 276 10 308 594 523 1
172 166 28 239 409 530 1
664 417 21 784 622 678 1
714 262 47 761 502 431 1
215 84 8 231 585 900 1
709 227 12 744 695 715 1
682 123 89 693 396 635 1
580 270 64 640 432 561 1
54 320 43 325 392 554 1
