652 200 31 682 546 1617 1
143 419 35 443 466 988 1
51 148 65 157 227 978 1
403 297 91 501 346 901 1
331 365 65 493 392 937 1
291 525 50 600 458 996 1
577 151 28 596 541 1103 1
520 233 34 570 507 967 1
321 271 58 420 386 649 1
169 513 12 540 649 1690 1
618 502 46 796 511 2000 3
545 184 39 575 488 1175 1
331 181 82 377 320 540 1
433 125 24 451 523 819 1
245 260 96 357 289 611 1
191 508 97 543 348 811 1
369 122 9 389 643 1729 1
538 531 98 756 395 2000 3
314 526 16 613 626 1672 1
430 192 55 471 410 727 1
