86 197 61 215 282 665 1
469 69 46 474 437 396 1
551 118 27 563 538 625 1
395 351 14 528 624 806 1
288 336 62 443 384 831 1
188 226 95 294 263 394 1
164 490 74 517 380 1039 1
438 50 65 441 376 2000 3
142 518 57 537 424 484 1
160 188 29 247 409 1562 1
108 91 12 141 455 481 1
133 418 68 439 369 460 1
76 250 83 261 265 409 1
282 528 81 599 389 668 1
290 208 64 357 348 530 1
162 97 82 189 220 378 1
629 60 84 632 391 518 1
488 467 37 675 519 541 1
160 316 58 354 361 558 1
506 372 89 628 382 383 1
