647 52 19 649 609 1114 1
84 486 49 493 433 502 1
425 487 26 646 563 903 1
291 271 87 398 319 26 1
463 184 82 498 360 770 1
431 279 40 513 468 451 1
225 412 45 469 438 681 1
449 192 66 488 389 445 1
105 379 30 393 471 1119 1
471 268 68 542 399 376 1
180 311 20 359 517 867 1
261 304 96 401 306 368 1
330 423 15 536 616 1187 1
322 518 90 610 376 353 1
182 415 34 453 474 640 1
460 473 29 660 551 519 1
722 122 74 732 431 594 1
735 204 41 763 522 801 1
397 466 64 612 426 492 1
515 351 58 623 443 368 1
