335 148 57 366 368 412 1
502 462 5 682 809 2000 3
401 339 75 525 381 271 1
566 536 39 780 532 906 1
184 474 62 508 403 318 1
186 225 93 292 265 30 1
219 180 99 283 252 15 1
586 400 98 710 386 356 1
550 56 96 553 353 401 1
321 470 48 569 457 336 1
534 98 16 543 608 1073 1
103 523 68 533 397 650 1
734 84 53 739 480 614 1
172 138 66 221 274 116 1
493 270 85 562 373 323 1
702 58 19 704 621 700 1
722 508 23 883 626 701 1
615 145 94 632 375 411 1
398 209 57 450 398 250 1
607 332 56 692 463 335 1
