542 456 74 708 426 880 1
197 53 20 204 435 1549 1
455 248 20 518 569 1316 1
334 237 23 410 516 1136 1
371 103 40 385 427 592 1
406 468 87 620 383 1311 1
167 224 9 279 595 1759 1
122 484 36 499 479 1335 1
531 416 69 675 429 622 1
439 373 85 576 376 622 1
185 470 18 505 581 1334 1
354 313 35 473 476 739 1
243 332 79 411 338 252 1
76 375 25 383 494 1474 1
359 514 25 627 565 1194 1
470 502 15 688 652 1565 1
273 216 82 348 309 852 1
433 367 44 568 469 648 1
278 256 12 378 598 1198 1
748 135 6 760 798 2000 3
