548 405 36 681 524 946 1
416 114 41 431 439 450 1
577 448 90 731 402 745 1
498 239 33 552 506 408 1
193 325 80 378 324 533 1
50 219 33 225 377 542 1
316 135 60 344 352 582 1
345 130 72 369 336 459 1
324 229 36 397 446 640 1
643 384 14 749 674 1033 1
188 272 61 331 344 685 1
738 242 60 777 469 824 1
391 65 6 396 704 1277 1
390 363 76 533 381 661 1
417 170 57 450 398 409 1
466 243 21 526 565 725 1
405 446 89 602 376 609 1
269 340 67 434 370 463 1
63 370 63 375 357 562 1
441 470 22 645 587 832 1
