624 52 10 626 697 1042 1
418 445 55 611 447 436 1
539 331 85 633 390 487 1
440 193 89 480 343 424 1
151 523 62 544 413 535 1
617 272 13 674 670 1339 1
125 511 15 526 613 931 1
436 430 18 612 609 1195 1
462 63 34 466 478 665 1
474 208 10 518 669 986 1
458 135 63 477 392 461 1
319 161 55 357 370 436 1
476 494 11 686 696 749 1
708 398 67 812 460 641 1
130 94 85 160 191 376 1
207 52 32 213 373 434 1
655 535 74 846 452 401 1
442 281 62 524 408 709 1
185 537 11 568 669 994 1
635 293 85 699 404 403 1
