670 217 35 704 533 1927 1
620 519 19 809 641 2000 3
385 539 74 662 416 1980 1
688 528 65 867 474 1538 1
651 452 9 793 746 1832 1
129 105 27 166 362 210 1
105 215 79 239 260 1892 1
292 112 36 313 412 1116 1
492 412 25 642 568 1780 1
631 417 13 756 686 2000 3
279 538 66 606 420 1558 1
292 196 66 352 342 1111 1
714 343 11 792 717 1412 1
543 285 25 613 562 1001 1
221 276 92 354 294 951 1
361 211 99 418 308 899 1
599 153 14 618 646 1033 1
462 406 48 615 468 934 1
229 446 77 501 370 1108 1
338 433 51 549 443 980 1
