420 494 39 648 505 434 1
241 451 8 511 700 1444 1
699 267 12 748 696 724 1
631 357 27 725 575 631 1
455 74 66 461 380 446 1
349 469 9 585 702 991 1
377 372 96 530 346 98 1
459 133 40 478 458 443 1
688 545 91 878 427 378 1
580 214 10 618 695 780 1
368 348 83 506 361 366 1
70 342 99 349 282 457 1
747 58 72 749 438 378 1
722 548 46 906 530 668 1
262 63 21 269 468 892 1
561 308 80 640 400 340 1
729 282 75 782 438 511 1
716 251 48 759 498 275 1
728 61 55 731 473 569 1
610 260 38 663 512 624 1
