203 168 75 264 282 312 1
415 72 85 421 331 338 1
295 154 41 333 402 38 1
551 268 32 613 526 300 1
292 418 58 510 414 860 1
399 498 41 638 496 903 1
56 483 76 486 368 776 1
125 548 22 562 567 1114 1
61 476 28 480 510 892 1
553 531 54 767 483 682 1
549 203 9 585 702 1735 1
463 433 75 634 408 994 1
533 78 77 539 381 672 1
413 479 48 632 472 603 1
621 372 94 724 395 502 1
483 458 13 666 668 1075 1
124 63 12 139 453 611 1
224 345 14 411 588 813 1
454 437 48 630 471 567 1
620 130 89 633 383 547 1
