180 357 68 400 356 521 1
118 120 61 168 246 341 1
219 189 61 289 324 348 1
679 519 91 855 423 663 1
421 547 79 690 413 416 1
63 206 47 215 319 416 1
70 280 93 289 264 289 1
217 515 6 559 754 2000 3
323 201 74 380 336 2000 3
468 125 41 484 456 1101 1
689 466 51 832 503 874 1
591 471 16 756 656 937 1
398 216 54 453 407 357 1
438 206 92 484 340 299 1
483 408 86 632 388 311 1
342 103 86 357 305 408 1
262 550 73 609 406 506 1
263 363 86 448 338 700 1
63 299 42 306 387 472 1
707 400 71 812 452 391 1
