574 90 63 581 421 579 1
534 499 18 731 634 693 1
208 519 83 559 375 347 1
168 421 84 453 343 418 1
272 545 55 609 447 325 1
647 246 39 692 515 742 1
253 163 89 301 276 497 1
406 187 66 447 376 427 1
172 282 81 330 303 367 1
279 354 24 451 523 591 1
394 341 28 521 522 715 1
738 173 97 758 397 361 1
672 225 21 709 608 969 1
254 211 35 330 424 734 1
237 221 25 324 470 393 1
124 204 54 239 315 418 1
606 264 73 661 418 530 1
478 457 64 661 437 329 1
298 442 97 533 346 318 1
433 489 38 653 510 445 1
