169 186 9 251 580 792 1
170 165 26 237 419 651 1
471 423 66 633 426 498 1
149 337 11 368 606 529 1
214 332 51 395 395 114 1
151 350 64 381 357 376 1
203 225 58 303 339 424 1
486 313 87 578 373 408 1
558 312 17 639 623 590 1
328 242 55 408 389 86 1
308 534 47 616 471 734 1
104 192 70 218 264 3 1
321 537 9 626 712 1118 1
346 216 39 408 439 372 1
143 334 20 363 518 422 1
315 496 92 588 368 350 1
176 414 73 450 362 312 1
405 157 53 434 403 645 1
230 409 58 469 402 352 1
409 322 5 521 770 1005 1
