548 391 86 673 397 369 1
149 460 48 484 433 502 1
567 106 75 577 394 585 1
539 123 7 553 730 374 1
194 500 54 536 431 649 1
358 337 58 492 408 269 1
563 213 72 602 406 520 1
612 179 94 638 376 467 1
485 63 10 489 661 1251 1
600 333 35 686 529 411 1
612 424 47 745 499 401 1
178 326 54 371 378 546 1
147 109 32 183 352 830 1
107 417 31 431 480 626 1
506 452 73 678 422 307 1
190 415 64 456 383 426 1
436 510 25 671 575 637 1
657 155 79 675 409 537 1
499 290 86 577 375 701 1
497 448 50 669 474 393 1
