271 234 77 358 322 819 1
524 346 64 628 429 721 1
318 512 49 603 462 910 1
696 213 84 728 412 763 1
432 456 84 628 390 860 1
224 438 73 492 375 520 1
320 350 49 474 427 447 1
379 249 30 453 492 848 1
539 342 85 638 391 742 1
78 268 75 279 290 655 1
718 422 37 833 549 1476 1
177 209 100 274 245 261 1
358 236 78 429 346 413 1
573 527 21 778 621 1370 1
303 505 88 589 374 622 1
398 154 81 427 340 446 1
677 437 17 806 657 2000 3
250 124 48 279 354 996 1
134 203 20 243 460 998 1
166 339 47 377 400 747 1
