239 231 46 332 385 852 1
102 264 17 283 506 597 1
524 274 94 591 365 576 1
60 58 69 83 127 476 1
575 59 53 578 445 903 1
594 82 57 600 440 717 1
728 56 89 730 404 478 1
685 541 76 873 452 730 1
148 78 89 167 191 594 1
88 410 38 419 446 1048 1
603 417 95 733 395 769 1
740 298 57 798 481 757 1
211 186 14 281 533 1699 1
718 294 23 776 608 922 1
147 328 79 359 318 544 1
223 308 13 380 587 1138 1
552 235 60 600 432 621 1
644 514 65 824 466 744 1
640 220 43 677 498 682 1
701 245 10 743 722 849 1
