76 99 90 125 147 651 1
374 545 78 661 408 568 1
746 179 50 767 494 780 1
235 488 64 542 408 602 1
164 92 73 188 236 781 1
700 159 52 718 479 784 1
391 117 50 408 403 766 1
286 505 65 580 416 675 1
648 299 39 714 519 673 1
119 248 35 275 397 510 1
224 76 69 237 278 1654 1
579 542 82 793 427 837 1
256 478 78 542 380 340 1
679 256 87 726 406 399 1
343 308 51 461 418 448 1
233 253 16 344 543 708 1
553 157 39 575 488 464 1
458 522 97 694 384 666 1
216 473 45 520 453 617 1
626 528 29 819 582 724 1
