218 340 79 404 335 835 1
264 224 5 346 711 2000 3
625 81 60 630 439 2000 3
323 165 82 363 315 2000 3
494 425 88 652 389 728 1
344 380 54 513 425 2000 3
177 482 11 513 654 2000 3
626 81 90 631 381 1030 1
358 466 62 588 425 1304 1
331 122 100 353 282 902 1
478 491 96 685 383 1226 1
444 51 79 447 350 1474 1
450 301 22 541 562 2000 3
655 487 35 816 554 1860 1
360 325 73 485 373 1047 1
146 418 89 443 332 2000 3
462 377 59 596 434 2000 3
229 546 7 592 740 1881 1
100 114 35 152 312 996 1
601 438 14 744 673 1206 1
