729 504 45 886 530 2000 3
451 485 52 662 467 2000 3
367 401 37 544 488 2000 3
388 323 37 505 477 2000 3
174 545 10 572 684 2000 3
83 340 16 350 545 2000 3
679 169 35 700 532 2000 3
528 442 96 689 384 2000 3
723 479 87 867 432 2000 3
273 177 6 325 676 2000 3
485 404 32 631 530 2000 3
749 338 89 822 421 2000 3
192 517 77 552 384 2000 3
524 339 68 624 420 2000 3
473 293 5 556 780 2000 3
684 281 96 739 394 2000 3
296 133 83 325 297 2000 3
254 86 37 268 386 2000 3
529 326 50 621 463 2000 3
579 383 85 694 403 2000 3
