251 79 95 263 247 410 1
534 237 15 584 628 985 1
348 261 73 435 358 400 1
383 172 99 420 308 361 1
727 368 5 815 835 1444 1
465 263 34 534 497 586 1
458 503 81 680 407 406 1
149 540 18 560 596 722 1
227 278 65 359 347 579 1
606 107 43 615 484 619 1
253 546 61 602 430 444 1
492 184 17 525 595 632 1
265 186 42 324 395 621 1
546 456 6 711 789 1277 1
601 240 87 647 389 353 1
318 102 11 334 592 667 1
356 183 62 400 369 398 1
227 221 96 317 272 427 1
479 335 55 585 441 588 1
521 90 13 529 635 805 1
