525 456 52 695 474 836 1
199 205 50 286 352 565 1
354 502 75 614 403 428 1
270 355 35 446 467 6 1
487 147 7 509 718 1249 1
423 544 59 689 455 608 1
608 250 68 657 427 557 1
543 481 51 725 483 697 1
738 202 15 765 667 762 1
216 468 90 515 352 439 1
400 244 84 469 348 447 1
597 442 81 743 420 553 1
64 465 58 469 402 848 1
372 307 31 482 496 636 1
446 266 57 519 419 498 1
674 253 84 720 410 463 1
292 441 65 529 402 382 1
64 54 64 84 139 447 1
462 85 75 470 365 423 1
564 219 10 605 692 627 1
