123 97 68 157 221 2000 3
60 282 62 288 322 835 1
207 527 6 566 756 2000 3
437 98 7 448 700 1996 1
447 111 56 461 404 750 1
424 545 86 691 401 663 1
71 459 72 464 369 904 1
349 98 30 362 459 689 1
464 233 94 519 347 489 1
455 112 66 469 383 541 1
481 110 45 493 445 909 1
116 228 47 256 345 625 1
223 66 6 233 628 1553 1
526 514 46 735 500 1170 1
466 205 42 509 460 781 1
180 227 11 290 572 1375 1
534 533 38 754 531 1149 1
345 200 43 399 421 798 1
594 527 18 794 646 1323 1
510 193 12 545 651 1469 1
