611 209 37 646 513 915 1
602 285 63 666 440 519 1
536 246 47 590 465 719 1
390 251 40 464 454 847 1
726 537 19 903 657 927 1
361 178 64 402 365 511 1
575 98 13 583 649 2000 3
205 358 63 413 371 616 1
684 470 26 830 600 733 1
633 126 37 645 512 515 1
169 403 7 437 696 2000 3
346 143 96 374 296 1617 1
391 134 55 413 391 484 1
353 180 97 396 303 339 1
83 263 36 276 394 995 1
319 360 69 481 380 617 1
555 308 79 635 401 631 1
513 121 14 527 623 899 1
481 463 37 668 517 929 1
228 391 44 453 436 693 1
