204 335 72 392 344 433 1
637 406 10 755 724 2000 3
267 452 41 525 468 2000 3
533 276 64 600 423 739 1
633 112 76 643 408 542 1
252 419 31 489 498 784 1
365 151 71 395 348 526 1
545 105 26 555 542 904 1
110 105 65 152 223 10 1
445 448 70 631 417 469 1
542 461 79 712 417 595 1
213 151 69 261 292 764 1
477 476 93 674 386 680 1
469 110 30 482 501 825 1
374 53 35 378 443 563 1
461 272 32 535 506 661 1
699 536 30 881 588 709 1
214 378 87 434 332 411 1
276 382 21 471 549 635 1
80 186 51 202 299 11 1
