96 113 40 148 289 701 1
256 117 50 281 349 442 1
430 195 63 472 391 319 1
108 502 24 513 542 731 1
307 386 28 493 514 563 1
445 545 8 704 746 999 1
346 148 61 376 362 572 1
306 421 66 520 398 561 1
130 504 31 520 507 658 1
724 88 83 729 413 660 1
445 335 42 557 473 981 1
611 216 6 648 775 2000 3
197 149 32 247 395 597 1
328 548 32 639 532 762 1
171 380 65 417 368 313 1
124 332 15 354 556 795 1
611 196 5 642 800 1505 1
184 549 35 579 505 709 1
601 152 14 620 647 1293 1
118 169 90 206 219 156 1
