493 367 11 615 681 1282 1
586 285 6 652 776 2000 3
747 74 88 751 409 2000 3
291 470 26 553 541 2000 3
355 145 78 383 330 2000 3
62 298 76 304 300 2000 3
158 533 69 556 401 2000 3
588 322 57 670 456 2000 3
179 84 44 198 317 2000 3
455 201 8 497 696 2000 3
96 127 86 159 189 2000 3
664 395 74 773 438 2000 3
388 378 17 542 599 2000 3
78 213 70 227 270 2000 3
684 160 44 702 500 2000 3
610 480 53 776 487 2000 3
319 84 17 330 528 2000 3
405 172 13 440 608 2000 3
185 303 40 355 415 2000 3
177 214 54 278 336 2000 3
