112 426 30 440 487 1420 1
315 94 51 329 369 406 1
645 72 26 649 564 674 1
210 537 86 577 375 487 1
343 316 51 466 419 612 1
218 220 72 310 311 364 1
202 463 85 505 357 424 1
416 188 85 457 343 315 1
232 369 63 436 379 306 1
231 282 13 365 581 299 1
265 469 26 539 537 624 1
444 446 64 629 430 328 1
466 476 62 666 443 341 1
459 232 33 514 496 340 1
453 406 83 608 387 327 1
109 262 57 284 332 327 1
95 164 5 190 625 681 1
50 242 62 247 299 338 1
509 250 46 567 462 502 1
511 160 39 535 478 397 1
