606 356 83 703 408 1016 1
59 431 83 435 339 461 1
726 69 39 729 522 820 1
316 507 14 597 641 463 1
380 529 59 651 446 115 1
432 289 56 520 422 377 1
676 174 18 698 628 555 1
276 155 33 317 426 619 1
393 145 35 419 458 547 1
518 522 90 735 403 395 1
542 219 12 585 661 1729 1
742 533 80 914 451 377 1
197 100 13 221 509 1136 1
314 303 47 436 421 537 1
574 366 22 681 595 540 1
593 328 25 678 576 449 1
587 311 88 664 392 364 1
82 125 85 149 181 528 1
374 355 75 516 378 301 1
90 241 83 257 263 448 1
