292 378 13 478 620 1301 1
560 509 90 757 407 432 1
537 290 95 610 368 622 1
665 344 6 749 796 1579 1
521 546 29 755 570 747 1
412 73 85 418 330 435 1
429 438 45 613 477 675 1
441 145 21 464 547 831 1
464 457 15 651 644 1360 1
74 255 53 266 333 615 1
260 108 75 282 291 532 1
179 481 76 513 375 582 1
290 517 35 593 508 830 1
422 123 70 440 365 664 1
687 239 9 727 734 1103 1
192 199 7 277 631 651 1
309 300 71 431 360 443 1
604 483 49 773 498 799 1
195 476 42 514 461 834 1
238 323 86 401 322 457 1
