457 80 6 464 727 856 1
91 103 74 137 189 294 1
327 252 21 413 530 487 1
366 545 14 656 655 669 1
297 342 5 453 750 486 1
577 301 39 651 506 326 1
484 376 75 613 403 319 1
432 504 16 664 638 517 1
132 52 82 142 179 361 1
447 117 61 462 392 570 1
730 535 75 905 459 347 1
130 192 83 232 248 257 1
150 371 99 400 301 278 1
538 252 31 594 526 583 1
368 403 10 546 677 313 1
360 299 12 468 629 414 1
248 66 99 257 238 305 1
321 153 63 356 350 292 1
256 539 92 597 370 333 1
487 405 92 633 378 264 1
