395 250 75 467 364 398 1
240 211 39 320 404 678 1
557 404 28 688 562 610 1
692 178 64 715 448 529 1
472 492 22 682 595 750 1
457 313 70 554 398 497 1
238 259 8 352 646 557 1
238 324 16 402 565 1378 1
217 240 91 324 283 134 1
520 542 31 751 560 874 1
189 223 66 292 315 433 1
642 520 14 826 688 521 1
702 195 57 729 468 542 1
458 258 81 526 370 299 1
724 117 29 733 566 383 1
55 409 75 413 346 388 1
390 277 42 478 451 559 1
738 494 20 888 647 1400 1
544 220 12 587 661 638 1
238 217 16 322 533 587 1
