415 441 60 606 434 602 1
266 69 33 275 406 677 1
79 165 11 183 506 584 1
294 424 31 516 506 395 1
411 127 59 430 387 911 1
307 166 8 349 645 1744 1
230 258 16 346 543 643 1
609 270 50 666 474 804 1
152 274 19 313 504 508 1
747 251 72 788 445 522 1
57 362 54 366 376 474 1
224 216 32 311 428 60 1
401 82 15 409 577 669 1
558 263 36 617 510 437 1
261 440 66 512 396 482 1
273 131 23 303 472 529 1
138 58 11 150 477 852 1
186 109 73 216 257 12 1
416 287 59 505 410 604 1
622 240 84 667 399 1058 1
