105 489 59 500 408 830 1
314 319 87 448 336 297 1
251 322 89 408 320 344 1
681 435 81 808 432 383 1
618 150 23 636 579 734 1
93 446 66 456 379 442 1
258 532 81 591 387 428 1
335 366 47 496 440 433 1
645 89 8 651 735 1038 1
667 452 61 806 472 505 1
660 547 15 857 684 1171 1
503 383 48 632 472 696 1
349 475 25 589 556 622 1
518 391 87 649 390 607 1
661 540 49 854 512 846 1
599 324 48 681 483 502 1
113 297 18 318 514 851 1
106 91 66 140 208 384 1
695 304 73 759 438 503 1
97 458 80 468 355 448 1
