266 295 65 397 361 714 1
214 521 62 563 418 790 1
58 220 80 228 251 355 1
390 53 47 394 407 2000 3
572 269 77 632 404 716 1
625 198 57 656 452 2000 3
731 434 70 850 460 1083 1
384 121 13 403 595 1340 1
172 70 72 186 237 85 1
129 449 73 467 368 609 1
339 445 92 559 360 339 1
383 284 21 477 551 445 1
484 176 43 515 458 491 1
746 377 80 836 439 603 1
307 68 45 314 380 361 1
392 50 76 395 338 332 1
123 114 46 168 287 343 1
52 367 25 371 489 982 1
300 538 31 616 531 714 1
60 301 29 307 440 635 1
