225 510 7 557 731 2000 3
330 173 94 373 299 2000 3
458 463 61 651 442 2000 3
735 492 18 884 662 1286 1
133 97 29 165 351 1180 1
459 223 31 510 504 2000 3
280 71 97 289 258 1007 1
91 95 77 132 178 197 1
488 477 74 682 420 1258 1
637 160 40 657 504 1556 1
128 366 90 388 311 917 1
223 410 97 467 327 702 1
308 72 24 316 472 1189 1
462 386 30 602 533 997 1
721 365 71 808 451 787 1
690 430 51 813 499 1379 1
112 254 35 278 399 2000 3
445 188 13 483 622 720 1
473 144 31 494 499 938 1
78 416 53 423 400 1566 1
