555 545 65 778 458 1104 1
599 229 32 641 532 1941 1
520 466 63 698 447 717 1
398 462 53 610 452 2000 3
87 537 65 544 407 1156 1
482 261 67 548 403 839 1
553 260 18 611 609 951 1
175 134 95 220 221 769 1
514 408 14 656 655 1339 1
204 271 15 339 550 2000 3
439 516 72 677 423 1673 1
509 469 42 692 504 1423 1
584 248 64 634 431 1008 1
734 475 78 874 449 1247 1
302 95 13 317 561 2000 3
584 194 27 615 551 1370 1
162 480 28 507 518 1832 1
617 113 94 627 374 1887 1
533 197 16 568 615 1218 1
559 482 16 738 653 2000 3
