612 209 16 647 634 654 1
517 485 5 709 815 1034 1
65 186 63 197 264 341 1
100 84 13 131 433 891 1
221 199 25 297 457 403 1
642 107 31 651 539 493 1
87 167 43 188 313 356 1
112 319 39 338 412 528 1
564 502 7 755 775 1055 1
162 125 24 205 409 530 1
506 155 76 529 380 392 1
176 127 63 217 278 323 1
446 486 13 660 667 765 1
207 62 35 216 363 372 1
343 419 44 541 462 377 1
542 114 61 554 418 671 1
692 175 31 714 553 642 1
187 542 53 573 443 414 1
51 269 16 274 510 368 1
696 451 94 829 414 1095 1
