578 104 15 587 629 649 1
702 114 64 711 447 309 1
297 328 68 442 370 360 1
65 279 71 286 301 348 1
561 423 51 703 478 604 1
538 502 59 736 464 487 1
672 278 29 727 565 651 1
350 274 49 444 418 570 1
334 414 66 532 401 486 1
156 473 30 498 505 485 1
229 262 37 348 423 390 1
304 512 22 595 576 610 1
475 445 51 651 467 470 1
212 410 62 462 390 350 1
634 54 20 636 599 467 1
307 79 97 317 271 387 1
280 186 31 336 444 335 1
742 535 85 915 443 450 1
389 191 64 433 376 287 1
321 230 23 395 510 861 1
