679 127 98 691 382 363 1
624 362 40 721 517 646 1
244 446 73 508 380 621 1
564 386 7 683 761 1157 1
198 421 50 465 422 399 1
389 122 96 408 309 312 1
406 102 76 419 346 585 1
370 131 16 393 562 1038 1
120 291 9 315 613 846 1
519 380 79 643 402 904 1
637 363 79 733 421 643 1
379 143 71 405 351 330 1
336 390 100 515 336 324 1
472 116 45 486 443 866 1
301 139 54 332 362 253 1
733 363 70 818 455 307 1
162 397 11 429 629 747 1
496 528 9 724 733 548 1
639 401 35 754 543 522 1
332 371 56 498 415 378 1
