116 293 10 315 598 2000 3
498 95 11 507 653 865 1
194 330 81 383 324 462 1
206 356 85 411 327 939 1
364 526 68 640 423 417 1
163 475 21 502 558 1524 1
220 161 16 273 509 667 1
72 463 21 469 548 1279 1
650 300 64 716 448 676 1
526 136 39 543 480 864 1
485 375 89 613 378 354 1
433 218 68 485 383 413 1
212 399 34 452 473 626 1
648 451 27 789 587 1009 1
444 464 93 642 379 700 1
77 348 27 356 472 667 1
597 433 54 737 477 442 1
736 176 91 757 406 511 1
545 269 73 608 406 758 1
157 120 30 198 372 670 1
