456 195 50 496 431 421 1
407 393 49 566 453 640 1
395 94 77 406 340 425 1
550 221 11 593 675 1082 1
553 344 5 651 802 723 1
477 407 90 627 380 435 1
161 96 51 187 287 640 1
154 400 91 429 324 718 1
616 186 38 643 508 657 1
590 452 87 743 409 506 1
699 437 34 824 560 577 1
415 127 33 434 472 1018 1
436 92 20 446 548 717 1
448 88 23 457 531 607 1
259 269 5 373 722 1109 1
541 164 43 565 472 664 1
619 225 87 659 392 459 1
333 264 87 425 329 620 1
370 208 9 424 656 779 1
327 393 90 511 351 521 1
