89 460 53 469 415 813 1
625 392 49 738 491 636 1
228 349 93 417 316 324 1
641 316 48 715 490 496 1
227 526 24 573 558 542 1
290 182 73 342 323 1130 1
510 108 31 521 507 1093 1
476 393 98 617 365 425 1
748 353 94 827 414 466 1
588 503 42 774 520 2000 3
708 86 15 713 657 2000 3
412 196 58 456 397 882 1
195 269 18 332 521 480 1
96 272 44 288 371 579 1
741 173 92 761 405 339 1
196 106 30 223 389 610 1
399 87 17 408 558 788 1
535 356 84 643 394 490 1
699 494 14 856 693 940 1
439 509 85 672 398 407 1
