99 110 89 148 173 809 1
549 217 47 590 465 998 1
200 464 82 505 362 770 1
51 237 97 242 232 854 1
300 307 76 429 350 783 1
261 258 87 367 308 771 1
527 282 8 598 722 2000 3
477 499 50 690 479 1039 1
662 57 50 664 473 1206 1
106 311 89 329 289 865 1
625 534 74 822 447 1240 1
165 110 91 198 212 204 1
592 285 36 657 519 1186 1
363 502 54 619 452 1122 1
256 523 86 582 376 763 1
377 284 23 472 536 859 1
713 195 13 739 683 1694 1
282 400 50 489 429 302 1
677 515 67 851 467 1003 1
385 226 43 446 437 839 1
