518 524 17 737 644 862 1
89 513 20 521 570 1712 1
498 493 60 701 455 482 1
546 296 35 621 515 1518 1
104 323 73 339 322 478 1
475 258 87 541 364 613 1
84 486 19 493 570 1372 1
703 266 32 752 555 859 1
721 250 52 763 488 923 1
91 297 34 311 419 405 1
55 406 47 410 412 594 1
692 547 99 882 416 741 1
717 484 73 865 457 580 1
272 506 57 574 433 457 1
311 547 70 629 417 848 1
91 376 68 387 351 796 1
531 507 44 734 506 694 1
394 250 62 467 391 446 1
454 344 20 570 583 1401 1
164 323 67 362 343 1153 1
