66 369 76 375 330 1171 1
448 303 36 541 491 616 1
315 414 26 520 532 658 1
288 468 79 550 380 442 1
613 520 69 804 454 375 1
228 311 59 386 371 93 1
232 418 22 478 544 706 1
627 502 15 803 674 1177 1
351 361 53 504 425 149 1
558 527 22 768 613 1263 1
331 259 43 420 429 490 1
708 301 69 769 448 560 1
558 362 79 665 407 430 1
138 288 9 319 615 826 1
471 100 84 481 352 475 1
296 135 46 325 382 615 1
320 363 74 484 371 427 1
219 255 29 336 453 490 1
53 333 43 337 397 541 1
414 263 63 490 396 531 1
