658 326 91 734 401 721 1
200 158 43 255 357 458 1
420 259 88 493 349 480 1
212 550 81 589 386 564 1
563 279 79 628 399 1975 1
354 117 37 373 433 2000 3
627 456 67 775 453 648 1
471 389 53 611 453 2000 3
462 480 95 666 381 393 1
222 347 27 412 493 1412 1
279 312 82 419 335 429 1
204 274 80 342 310 51 1
344 106 22 360 503 2000 3
254 106 45 275 361 2000 3
216 306 11 375 609 1550 1
369 137 48 394 404 2000 3
618 351 81 711 413 2000 3
255 390 17 466 578 2000 3
226 231 20 323 501 1968 1
73 82 34 110 269 608 1
