702 456 36 837 554 632 1
738 386 56 833 489 381 1
657 331 51 736 485 347 1
587 67 43 591 478 900 1
152 201 78 252 269 318 1
692 337 36 770 542 575 1
190 459 98 497 334 335 1
405 425 64 587 420 326 1
583 424 83 721 412 526 1
279 312 29 419 485 344 1
677 387 65 780 458 339 1
610 284 10 673 707 696 1
232 528 84 577 378 447 1
391 308 19 498 571 327 1
476 474 72 672 422 307 1
700 268 51 750 488 604 1
474 416 37 631 509 453 1
538 364 39 650 506 1401 1
372 283 80 467 355 370 1
353 534 52 640 462 383 1
