629 131 17 642 624 1430 1
170 471 97 501 337 2000 3
302 432 95 527 347 632 1
248 307 11 395 617 739 1
251 291 60 384 368 822 1
485 332 6 588 761 2000 3
324 497 42 593 482 2000 3
260 481 24 547 551 2000 3
483 415 9 637 715 2000 3
194 275 38 337 415 2000 3
325 242 7 405 685 2000 3
663 401 92 775 407 2000 3
204 344 51 400 397 2000 3
306 218 45 376 406 2000 3
63 61 69 88 135 2000 3
250 512 38 570 491 2000 3
739 534 46 912 531 735 1
300 547 21 624 589 776 1
429 289 36 517 484 506 1
234 105 6 256 642 965 1
