526 190 93 559 359 638 1
372 456 25 588 556 650 1
402 194 44 446 434 419 1
557 549 85 782 420 538 1
553 147 23 572 564 369 1
311 521 58 607 439 353 1
107 143 5 179 616 1882 1
150 332 38 364 426 85 1
362 89 32 373 454 463 1
615 355 24 710 589 549 1
212 52 86 218 234 547 1
409 477 93 628 376 535 1
546 495 77 737 426 375 1
716 546 44 900 535 1018 1
267 117 80 292 287 443 1
479 80 95 486 335 408 1
143 269 6 305 667 785 1
640 224 69 678 430 481 1
98 175 71 201 250 527 1
410 466 33 621 523 617 1
