329 505 84 603 384 459 1
461 518 95 693 387 270 1
245 126 70 276 298 408 1
405 165 70 437 364 400 1
189 90 95 209 214 248 1
750 90 16 755 656 1150 1
510 324 33 604 519 689 1
692 266 87 741 409 540 1
435 73 5 441 746 791 1
676 304 79 741 423 480 1
112 367 67 384 352 799 1
727 270 65 776 458 370 1
721 62 47 724 495 490 1
424 286 66 511 395 390 1
562 130 21 577 578 419 1
339 273 49 435 415 510 1
116 398 68 415 361 442 1
140 298 57 329 353 448 1
261 439 52 511 430 531 1
418 57 77 422 345 449 1
