465 316 86 562 371 605 1
298 458 55 546 431 327 1
301 436 59 530 417 433 1
445 349 19 566 590 629 1
660 167 24 681 583 734 1
383 255 30 460 494 1035 1
310 237 82 390 325 309 1
650 534 28 841 591 601 1
608 117 28 619 547 334 1
300 538 47 616 471 564 1
683 277 9 737 736 649 1
732 486 83 879 440 552 1
389 353 14 525 623 811 1
301 181 82 351 310 337 1
270 183 27 326 459 522 1
128 498 36 514 484 386 1
99 141 85 172 202 329 1
376 256 81 455 349 323 1
487 402 54 631 455 541 1
336 243 75 415 347 319 1
