539 416 47 681 486 782 1
306 494 54 581 443 591 1
552 289 95 623 371 554 1
123 521 91 535 356 391 1
319 255 50 408 403 545 1
92 491 7 500 716 1571 1
640 361 75 735 429 582 1
729 405 22 834 624 707 1
544 481 83 726 413 533 1
80 371 72 380 340 587 1
473 60 100 477 325 636 1
188 465 29 502 511 1344 1
261 466 50 534 442 579 1
451 117 60 466 396 704 1
390 221 38 448 456 733 1
457 323 76 560 388 606 1
592 230 48 635 473 697 1
529 521 41 742 518 710 1
480 231 54 533 430 654 1
454 416 37 616 506 624 1
