85 250 8 264 604 2000 3
588 359 54 689 467 2000 3
730 365 86 816 425 2000 3
445 290 26 531 535 2000 3
377 392 66 544 404 2000 3
567 129 13 581 648 2000 3
726 464 7 862 794 2000 3
210 318 17 381 549 2000 3
127 232 20 264 472 2000 3
290 383 9 480 674 2000 3
199 278 68 342 333 2000 3
465 285 64 545 409 2000 3
252 83 67 265 298 2000 3
224 253 32 338 440 2000 3
608 184 29 635 545 2000 3
636 493 56 805 485 2000 3
217 110 89 243 245 2000 3
291 187 6 346 685 2000 3
528 486 93 718 395 2000 3
131 443 73 462 366 2000 3
