561 530 63 772 462 756 1
325 179 60 371 363 678 1
579 371 46 688 490 647 1
631 221 27 669 563 475 1
88 488 48 496 437 831 1
191 507 84 542 369 425 1
206 396 96 446 322 344 1
386 336 75 512 377 425 1
452 493 87 669 394 371 1
645 460 6 792 804 861 1
715 88 65 720 447 657 1
683 252 13 728 681 844 1
128 371 99 392 299 482 1
498 191 63 533 408 735 1
408 307 75 511 377 497 1
433 212 36 482 474 440 1
502 97 21 511 560 1046 1
696 229 51 733 485 1042 1
515 431 32 672 539 633 1
428 348 93 552 357 358 1
