190 391 37 435 456 563 1
704 97 53 711 475 571 1
506 99 36 516 484 503 1
347 57 42 352 407 501 1
179 252 56 309 346 498 1
232 439 27 497 520 758 1
642 347 15 730 660 1332 1
408 210 45 459 435 1126 1
362 520 59 634 443 484 1
131 52 53 141 241 524 1
345 362 53 500 424 1017 1
184 449 75 485 369 443 1
202 188 51 276 344 251 1
432 371 60 569 425 328 1
490 201 25 530 541 677 1
746 529 77 915 457 366 1
550 489 92 736 400 598 1
682 53 16 684 642 999 1
471 213 25 517 537 354 1
55 450 71 453 367 795 1
