203 356 26 410 498 1208 1
366 391 83 536 369 2000 3
597 130 85 611 385 2000 3
395 413 33 571 511 2000 3
188 522 50 555 447 2000 3
452 238 15 511 609 2000 3
57 116 32 129 301 840 1
723 288 49 778 499 974 1
713 450 32 843 572 1218 1
102 109 59 149 234 2000 3
695 244 48 737 494 743 1
146 405 74 431 354 1087 1
474 434 27 643 557 1605 1
646 76 21 650 595 1232 1
356 111 76 373 330 2000 3
76 153 65 171 240 2000 3
369 541 60 655 445 2000 3
249 391 65 464 384 2000 3
467 184 90 502 348 2000 3
664 385 5 768 826 2000 3
