303 308 69 432 365 687 1
197 511 29 548 524 1085 1
358 481 86 600 380 710 1
677 184 26 702 575 1078 1
442 492 57 661 454 794 1
603 163 78 625 400 781 1
453 417 92 616 374 809 1
620 238 7 664 757 2000 3
508 97 28 517 521 953 1
553 471 27 726 575 1178 1
129 390 63 411 371 889 1
300 261 58 398 378 722 1
577 419 96 713 389 805 1
261 342 20 430 543 1111 1
495 133 37 513 479 1058 1
254 326 19 413 544 2000 3
206 377 49 430 413 897 1
733 152 16 749 655 1418 1
479 56 9 482 674 1474 1
482 402 10 628 697 1458 1
