368 262 67 452 375 781 1
610 442 91 753 405 382 1
249 198 74 318 310 360 1
696 196 59 723 462 634 1
201 74 54 214 299 351 1
494 326 36 592 504 714 1
582 230 55 626 451 414 1
526 456 7 696 764 1309 1
86 467 6 475 731 1353 1
713 178 45 735 503 559 1
564 303 97 640 372 452 1
76 466 38 472 463 586 1
119 186 26 221 409 689 1
232 207 44 311 382 344 1
726 186 86 749 412 603 1
327 268 40 423 440 564 1
360 271 63 451 384 372 1
458 334 80 567 383 458 1
277 254 79 376 325 64 1
559 293 6 631 772 2000 3
