86 470 70 478 377 362 1
603 276 70 663 424 580 1
482 223 74 531 384 354 1
95 259 29 276 425 553 1
263 178 57 318 348 335 1
709 517 45 877 528 722 1
279 244 28 371 473 824 1
145 205 80 251 265 1021 1
750 320 77 815 440 1170 1
410 467 64 621 428 348 1
463 398 70 611 413 314 1
576 113 32 587 520 749 1
415 449 87 611 381 362 1
280 229 6 362 691 899 1
539 532 68 757 448 605 1
160 396 24 427 515 629 1
664 366 76 758 432 353 1
384 454 58 595 436 392 1
302 218 22 372 508 609 1
144 316 77 347 317 344 1
