247 168 7 299 642 1018 1
712 375 62 805 470 580 1
703 303 96 766 400 526 1
616 280 50 677 476 308 1
178 127 7 219 597 681 1
367 276 12 459 626 700 1
663 546 71 859 460 520 1
648 437 83 782 424 300 1
389 202 19 438 553 267 1
83 102 22 132 358 311 1
396 75 28 403 485 471 1
627 250 60 675 449 313 1
51 436 19 439 553 1056 1
698 383 71 796 449 341 1
673 543 97 865 416 543 1
150 516 35 537 494 460 1
451 144 59 473 400 305 1
437 103 55 449 403 273 1
491 132 25 508 534 402 1
570 58 87 573 372 300 1
