570 125 87 584 375 1612 1
548 240 100 598 358 682 1
710 92 37 716 527 2000 3
307 520 49 604 462 2000 3
618 386 81 729 417 1580 1
404 489 46 634 478 1333 1
547 354 62 652 439 1696 1
472 157 43 497 453 2000 3
696 457 47 833 515 1262 1
633 117 91 644 382 2000 3
94 160 73 186 235 2000 3
313 486 13 578 647 2000 3
284 502 16 577 617 2000 3
250 490 20 550 578 1197 1
251 388 74 462 364 2000 3
430 498 63 658 438 2000 3
683 505 34 849 564 2000 3
90 67 38 112 256 2000 3
733 409 48 839 513 2000 3
248 169 91 300 272 2000 3
