532 205 11 570 670 897 1
456 442 69 635 420 845 1
171 296 70 342 329 480 1
600 457 67 754 449 1020 1
638 86 5 644 801 2000 3
69 245 82 255 264 1013 1
596 493 55 773 481 897 1
650 193 36 678 524 1097 1
186 364 82 409 332 669 1
128 168 42 211 333 713 1
402 288 40 495 463 831 1
101 205 7 229 603 844 1
201 433 29 477 504 805 1
522 422 27 671 564 1166 1
542 529 18 757 639 1370 1
335 512 15 612 635 790 1
186 465 51 501 430 437 1
548 199 75 583 396 974 1
720 250 27 762 582 1882 1
735 416 67 845 466 509 1
