321 379 34 497 487 899 1
273 99 16 290 518 1173 1
220 510 43 555 469 470 1
96 411 93 422 318 332 1
150 59 78 161 205 392 1
235 385 44 451 436 374 1
458 286 25 540 543 493 1
334 443 78 555 383 537 1
521 303 82 603 388 485 1
293 140 84 325 295 474 1
58 326 63 331 339 635 1
641 140 80 656 404 839 1
236 528 43 578 475 555 1
549 80 48 555 453 432 1
148 193 69 243 282 536 1
603 215 61 640 439 612 1
395 136 92 418 318 376 1
695 201 36 723 533 415 1
432 342 77 551 384 377 1
687 217 72 720 432 569 1
