339 396 55 521 424 2000 3
746 193 75 771 436 2000 3
540 78 72 546 392 2000 3
220 535 61 578 424 2000 3
647 503 26 820 598 2000 3
700 538 64 883 479 2000 3
560 309 69 640 421 2000 3
254 51 85 259 261 684 1
417 407 42 583 480 2000 3
54 385 93 389 306 2000 3
365 374 71 523 388 2000 3
745 111 65 753 453 2000 3
576 370 75 685 419 2000 3
730 482 23 875 625 2000 3
102 284 77 302 297 789 1
555 505 59 750 467 2000 3
356 196 43 406 424 2000 3
557 196 45 590 471 2000 3
565 536 31 779 565 2000 3
218 533 53 576 444 2000 3
