342 83 7 352 665 2000 3
396 253 70 470 375 2000 3
380 451 61 590 427 2000 3
578 190 68 608 416 2000 3
166 531 50 556 448 2000 3
590 350 40 686 510 2000 3
88 409 29 418 485 2000 3
276 271 6 387 701 2000 3
256 199 10 324 602 2000 3
236 266 47 356 392 2000 3
442 58 79 446 350 2000 3
123 315 90 338 291 2000 3
668 239 8 709 747 2000 3
594 284 30 658 546 2000 3
99 378 37 391 440 2000 3
379 461 40 597 490 2000 3
604 325 66 686 438 2000 3
400 112 5 415 738 2000 3
119 413 20 430 543 2000 3
569 53 51 571 448 2000 3
