276 533 66 600 418 956 1
218 485 100 532 341 2000 3
574 262 78 631 402 2000 3
335 230 90 406 317 2000 3
588 398 54 710 472 2000 3
210 351 11 409 622 2000 3
308 83 27 319 456 1018 1
591 198 23 623 576 963 1
248 104 49 269 346 725 1
540 172 64 567 415 500 1
182 98 88 207 223 38 1
308 459 33 553 507 819 1
216 77 92 229 232 466 1
182 489 82 522 367 600 1
736 70 64 739 453 1271 1
74 280 34 290 409 555 1
689 417 93 805 411 601 1
435 159 70 463 373 433 1
540 500 70 736 439 500 1
125 267 8 295 620 1674 1
