295 208 99 361 287 656 1
381 57 85 385 318 509 1
314 270 23 414 517 986 1
474 348 56 588 439 713 1
164 393 57 426 390 562 1
266 474 99 544 346 497 1
163 500 54 526 428 669 1
482 332 91 585 368 418 1
135 401 66 423 368 514 1
709 207 55 739 475 616 1
504 80 97 510 339 428 1
740 407 23 845 620 762 1
631 367 77 730 424 588 1
203 345 68 400 356 554 1
510 270 6 577 759 1042 1
552 369 19 664 613 731 1
297 164 7 339 660 839 1
747 426 50 860 510 697 1
380 529 15 651 644 794 1
721 484 85 868 435 418 1
