55 288 63 293 322 778 1
253 346 83 429 337 432 1
518 204 94 557 357 533 1
600 82 39 606 496 779 1
179 307 25 355 483 766 1
224 343 49 410 406 666 1
332 112 54 350 370 606 1
404 136 57 426 390 689 1
303 138 28 333 457 800 1
183 490 31 523 508 950 1
740 62 42 743 514 717 1
128 226 89 260 255 495 1
540 120 24 553 553 1000 1
269 361 33 450 477 466 1
473 265 31 542 513 1308 1
233 435 93 493 341 467 1
364 200 46 415 417 770 1
438 452 54 629 454 633 1
405 285 31 495 500 760 1
588 486 46 763 505 378 1
