334 513 20 612 594 848 1
448 426 37 618 506 793 1
152 260 84 301 284 567 1
124 112 5 167 606 2000 3
238 396 82 462 349 638 1
430 441 56 616 446 718 1
696 439 36 823 551 784 1
413 345 32 538 507 616 1
396 268 5 478 758 900 1
189 499 43 534 463 674 1
217 531 66 574 412 518 1
689 486 58 843 486 701 1
103 297 18 314 512 529 1
216 244 97 326 275 319 1
226 497 82 546 374 646 1
448 328 100 555 347 430 1
529 111 82 541 372 396 1
522 262 72 584 402 432 1
481 498 66 692 439 522 1
198 175 66 264 300 327 1
