575 474 47 745 499 989 1
562 437 65 712 445 356 1
363 294 26 467 517 390 1
537 139 19 555 587 622 1
595 491 46 771 507 698 1
563 353 78 665 409 94 1
727 279 65 779 458 626 1
197 190 43 274 367 606 1
576 320 6 659 778 1805 1
243 478 90 536 357 621 1
265 411 66 489 389 619 1
693 534 78 875 449 1073 1
740 87 83 745 417 736 1
307 150 81 342 308 394 1
358 102 49 372 392 380 1
329 303 32 447 480 669 1
623 120 68 634 422 522 1
409 444 8 604 724 1131 1
494 247 84 552 372 265 1
95 77 97 122 133 137 1
