175 448 67 481 384 704 1
505 171 62 533 410 682 1
80 366 10 375 623 1202 1
260 233 61 349 352 615 1
56 146 47 156 273 384 1
328 379 41 501 461 676 1
394 86 73 403 346 611 1
212 80 36 227 366 1012 1
439 132 14 458 603 584 1
394 387 47 552 455 600 1
385 89 47 395 407 500 1
512 408 39 655 507 485 1
325 505 73 601 404 551 1
375 521 100 642 368 534 1
672 298 8 735 752 1066 1
268 271 73 381 338 34 1
403 490 28 634 550 892 1
199 489 9 528 687 1164 1
667 504 21 836 632 951 1
235 502 66 554 407 498 1
