704 458 46 840 519 1195 1
449 190 16 488 593 1016 1
734 60 59 736 464 953 1
326 267 23 421 519 1036 1
491 402 10 635 699 1585 1
103 349 43 364 408 1188 1
337 381 71 509 384 774 1
124 353 46 374 402 1055 1
560 505 18 754 639 2000 3
460 242 86 520 360 1007 1
648 278 74 705 425 807 1
178 384 80 423 340 862 1
665 89 82 671 403 787 1
397 401 95 564 357 806 1
630 446 26 772 589 826 1
168 414 69 447 370 1133 1
284 505 56 579 437 2000 3
446 284 23 529 552 2000 3
492 305 86 579 375 2000 3
598 104 23 607 572 2000 3
