50 472 81 475 355 1054 1
106 270 90 290 269 1113 1
367 318 7 486 712 2000 3
691 287 45 748 506 552 1
721 103 92 728 398 1287 1
413 204 82 461 349 1126 1
505 538 44 738 507 1061 1
105 134 63 170 243 1110 1
293 124 79 318 301 893 1
302 320 62 440 383 78 1
461 140 76 482 366 1011 1
453 324 17 557 603 1010 1
628 168 42 650 495 2000 3
244 465 95 525 347 812 1
567 337 27 660 561 2000 3
354 361 10 506 666 1033 1
582 175 33 608 520 616 1
483 357 77 601 396 652 1
490 455 15 669 648 1369 1
565 517 23 766 606 781 1
