338 62 71 344 328 447 1
215 530 36 572 499 746 1
69 436 37 441 458 362 1
580 328 44 666 492 444 1
702 97 64 709 447 395 1
540 407 11 676 694 1186 1
134 326 56 352 365 560 1
399 81 62 407 371 425 1
622 538 58 822 483 679 1
451 170 19 482 566 675 1
50 220 13 226 512 842 1
542 141 97 560 353 385 1
407 93 17 417 562 664 1
490 359 68 607 416 389 1
537 271 9 602 706 990 1
621 396 100 737 388 424 1
364 518 46 633 478 527 1
224 389 21 449 542 798 1
435 226 66 490 389 506 1
450 542 98 704 384 383 1
