338 434 39 550 482 2000 3
146 531 73 551 392 2000 3
120 546 51 559 445 2000 3
431 421 65 602 421 2000 3
599 384 65 712 445 583 1
666 192 54 693 468 919 1
97 282 62 298 326 808 1
500 173 22 529 559 967 1
592 242 50 640 468 686 1
343 452 57 567 431 633 1
276 366 33 458 479 1219 1
616 290 55 681 463 541 1
673 216 10 707 714 1329 1
359 495 75 611 403 760 1
620 128 45 633 481 955 1
174 340 78 382 329 1121 1
166 520 64 546 409 827 1
356 343 47 494 439 751 1
716 481 98 863 414 812 1
715 313 12 781 702 1259 1
