736 83 76 741 429 1449 1
681 510 98 851 412 1054 1
249 499 17 558 604 1270 1
491 291 5 571 784 2000 3
191 315 92 368 300 988 1
294 463 56 548 429 1080 1
251 382 30 457 493 1800 1
613 498 44 790 517 1346 1
666 85 32 671 539 2000 3
319 351 44 474 443 1449 1
454 354 18 576 600 2000 3
148 362 87 391 317 899 1
228 231 13 325 564 2000 3
232 404 50 466 422 1193 1
70 269 55 278 334 1008 1
88 237 27 253 423 1318 1
310 420 53 522 430 1671 1
307 484 40 573 484 1154 1
465 209 11 510 653 2000 3
563 148 45 582 469 1276 1
