581 313 65 660 434 1246 1
248 427 73 494 376 600 1
372 230 27 437 502 493 1
358 424 20 555 579 684 1
222 257 23 340 489 885 1
239 467 45 525 454 640 1
746 387 68 840 463 683 1
490 99 82 500 361 503 1
650 247 94 695 389 367 1
177 217 63 280 315 417 1
50 172 31 179 353 774 1
276 510 25 580 554 722 1
588 542 91 800 414 579 1
458 512 75 687 420 415 1
646 117 94 657 381 691 1
748 389 74 843 451 401 1
145 368 100 396 299 398 1
249 215 37 329 415 22 1
461 492 92 674 387 488 1
164 391 18 424 556 484 1
