58 381 45 385 410 803 1
292 155 56 331 356 674 1
435 107 30 448 490 421 1
205 491 52 532 435 655 1
445 252 25 511 535 638 1
324 470 94 571 360 410 1
741 313 55 804 487 372 1
491 122 14 506 618 611 1
376 253 16 453 582 316 1
274 165 60 320 342 62 1
406 135 84 428 335 364 1
145 391 73 417 351 533 1
317 425 73 530 386 492 1
353 244 55 429 396 423 1
707 314 83 774 422 325 1
334 127 67 357 341 770 1
137 420 95 442 322 599 1
363 447 40 576 485 597 1
196 128 65 234 285 473 1
219 299 45 371 404 462 1
