565 434 82 712 412 1522 1
473 282 47 551 455 695 1
184 495 66 528 400 859 1
294 305 66 424 368 488 1
286 273 26 395 493 446 1
547 440 74 702 425 592 1
743 539 37 918 563 677 1
508 510 9 720 732 1331 1
170 317 15 360 558 663 1
245 363 46 438 425 914 1
480 533 39 717 520 794 1
720 237 64 758 457 721 1
271 289 85 396 322 444 1
495 119 57 509 416 588 1
575 538 71 787 447 555 1
260 395 76 473 364 486 1
715 165 91 734 401 555 1
162 232 32 283 414 1058 1
243 259 100 355 283 295 1
244 412 25 479 526 691 1
