66 350 76 356 323 336 1
712 460 49 848 511 472 1
615 515 8 802 765 650 1
151 347 79 378 326 370 1
554 185 96 584 360 295 1
133 174 85 219 237 17 1
555 241 30 605 533 510 1
250 491 26 551 541 481 1
513 218 66 557 408 895 1
744 304 62 804 470 599 1
177 399 65 436 375 606 1
291 470 62 553 416 440 1
694 534 67 876 471 406 1
84 238 70 252 285 569 1
351 429 31 554 516 362 1
716 422 22 831 624 406 1
590 196 79 622 398 381 1
441 156 31 468 492 500 1
676 478 55 828 491 499 1
235 77 75 247 272 576 1
