173 227 64 285 315 779 1
328 247 72 411 351 1177 1
524 161 85 548 369 557 1
483 400 18 627 612 756 1
454 168 36 484 475 569 1
348 51 64 352 346 665 1
508 195 38 544 484 656 1
546 369 36 659 519 703 1
727 384 27 822 593 564 1
265 188 19 325 510 604 1
735 92 16 741 653 1046 1
99 72 21 122 354 55 1
528 305 88 610 379 562 1
604 144 27 621 552 574 1
422 84 62 430 379 658 1
441 521 40 683 509 542 1
533 312 80 618 395 736 1
649 125 70 661 424 690 1
399 263 87 478 346 402 1
736 56 80 738 421 577 1
