86 79 46 117 235 2000 3
612 436 67 751 449 2000 3
296 248 45 386 410 2000 3
371 203 46 423 420 2000 3
709 364 84 797 425 2000 3
104 247 38 268 382 2000 3
692 416 68 807 457 2000 3
531 269 69 595 411 2000 3
195 70 19 207 445 2000 3
459 219 64 509 399 2000 3
592 84 45 598 473 2000 3
316 263 74 411 347 2000 3
604 468 50 764 493 2000 3
329 71 75 337 317 2000 3
370 354 78 512 371 2000 3
476 164 48 503 439 2000 3
625 345 21 714 609 2000 3
274 54 40 279 380 2000 3
263 447 20 519 570 2000 3
210 156 76 262 279 2000 3
