464 421 57 627 446 649 1
523 119 10 536 674 811 1
487 419 64 642 433 361 1
157 531 64 554 411 281 1
388 350 34 523 494 477 1
729 223 84 762 418 381 1
520 476 20 705 614 1456 1
461 391 29 604 538 325 1
330 285 76 436 352 8 1
73 389 50 396 399 362 1
458 50 30 461 494 788 1
501 237 97 554 351 392 1
557 265 65 617 425 863 1
111 93 48 145 259 830 1
637 445 63 777 462 525 1
92 239 95 256 243 699 1
261 110 42 283 375 686 1
319 217 33 386 455 555 1
579 249 50 630 466 841 1
742 363 89 826 421 594 1
