545 198 77 580 391 1043 1
141 219 64 260 302 2000 3
305 362 90 473 339 2000 3
305 510 98 594 360 2000 3
161 72 100 176 182 2000 3
106 304 73 322 314 2000 3
356 509 90 621 379 2000 3
144 364 86 391 318 2000 3
214 339 47 401 409 1877 1
186 220 20 288 485 2000 3
466 364 11 591 675 2000 3
570 445 41 723 514 2000 3
687 159 51 705 479 2000 3
438 205 40 484 460 2000 3
645 322 47 721 494 2000 3
143 478 40 499 464 2000 3
404 285 57 494 412 1499 1
510 66 24 514 542 2000 3
246 176 11 302 578 2000 3
401 264 92 480 338 2000 3
