303 161 67 343 336 517 1
648 300 80 714 416 407 1
453 231 66 508 394 535 1
274 442 32 520 502 514 1
572 389 50 692 479 1021 1
135 186 29 230 399 691 1
556 347 42 655 496 700 1
612 231 79 654 405 295 1
526 175 79 554 381 542 1
137 374 32 398 464 709 1
109 91 32 142 315 351 1
94 531 23 539 555 702 1
455 54 75 458 361 385 1
216 141 49 258 340 468 1
725 504 99 883 416 673 1
664 214 16 698 645 971 1
689 286 27 746 579 893 1
296 284 52 410 398 401 1
261 352 27 438 502 1001 1
354 86 93 364 297 406 1
