670 51 56 672 458 1358 1
79 91 10 121 460 795 1
177 262 89 316 283 507 1
405 489 59 635 443 543 1
627 497 88 800 418 372 1
715 325 92 785 409 462 1
702 378 15 797 673 767 1
77 527 59 533 418 449 1
611 142 13 627 659 656 1
151 500 5 522 771 1294 1
648 104 41 656 500 662 1
666 389 92 771 407 756 1
67 141 92 156 176 54 1
98 226 72 246 277 422 1
654 323 70 729 438 645 1
208 526 25 566 550 1282 1
597 66 54 601 448 725 1
76 230 18 242 475 888 1
91 50 60 104 179 425 1
653 369 70 750 442 793 1
