599 264 80 655 403 661 1
66 240 84 249 257 516 1
442 361 100 571 351 656 1
325 451 77 556 385 572 1
731 169 27 750 580 428 1
290 126 91 316 280 874 1
182 535 20 565 582 637 1
302 157 24 340 482 1124 1
241 108 6 264 646 917 1
681 379 23 779 608 1027 1
260 333 56 422 391 528 1
713 390 35 813 554 687 1
633 377 74 737 432 558 1
307 549 16 629 630 1452 1
499 321 23 593 569 723 1
743 60 71 745 439 477 1
353 346 50 494 430 677 1
413 263 86 490 351 535 1
148 211 55 258 323 486 1
325 308 25 448 516 701 1
