419 170 63 452 384 573 1
737 83 8 742 754 1215 1
654 126 92 666 386 489 1
402 404 85 570 375 660 1
82 101 48 130 244 680 1
599 394 20 717 616 1080 1
113 62 5 129 569 2000 3
230 469 75 522 380 1749 1
78 153 31 172 347 903 1
114 393 35 409 455 586 1
332 443 13 554 641 1105 1
285 188 99 341 278 51 1
442 154 42 468 448 463 1
348 405 26 534 536 397 1
74 106 63 129 203 568 1
226 434 47 489 438 418 1
270 163 92 315 278 314 1
212 75 93 225 227 151 1
478 192 75 515 378 299 1
409 284 34 498 487 304 1
