383 492 45 624 479 847 1
590 292 70 658 423 463 1
325 111 19 343 517 578 1
683 272 44 735 506 658 1
372 180 16 413 569 548 1
432 246 14 497 615 1112 1
105 205 19 230 460 464 1
704 321 75 774 437 580 1
662 321 17 736 644 1068 1
101 61 31 118 293 411 1
104 79 38 131 279 587 1
139 187 86 233 244 398 1
281 161 63 324 336 391 1
251 145 65 290 316 359 1
334 56 65 339 338 364 1
510 366 61 628 436 755 1
533 216 7 575 736 566 1
400 86 71 409 353 391 1
293 431 95 521 346 577 1
541 157 81 563 380 426 1
