300 181 34 350 436 1356 1
352 291 20 457 551 692 1
266 443 26 517 531 790 1
656 500 79 825 438 500 1
585 406 22 712 602 462 1
250 156 85 295 280 465 1
302 161 19 342 517 382 1
519 330 6 615 768 1199 1
591 187 68 620 419 368 1
53 520 39 523 475 822 1
260 122 7 287 636 1157 1
515 251 76 573 391 394 1
237 303 64 385 359 418 1
405 204 57 453 399 469 1
318 131 29 344 457 386 1
486 478 92 682 389 478 1
147 98 28 177 366 549 1
72 406 15 412 578 1092 1
404 311 87 510 355 305 1
663 514 40 839 539 776 1
