387 267 89 470 340 461 1
281 537 92 606 372 461 1
103 283 54 301 348 2000 3
403 365 65 544 407 2000 3
363 538 17 649 625 2000 3
719 62 44 722 504 2000 3
255 543 28 600 542 2000 3
309 99 94 324 279 2000 3
185 173 15 253 508 2000 3
437 420 35 606 511 2000 3
246 245 18 347 527 2000 3
648 490 40 812 534 2000 3
87 268 48 282 355 862 1
433 223 11 487 647 2000 3
335 256 35 422 459 598 1
62 310 67 316 324 458 1
64 177 72 188 238 2000 3
436 82 76 444 355 2000 3
293 160 87 334 294 2000 3
580 168 70 604 411 2000 3
