498 217 83 543 371 1852 1
722 506 18 882 661 860 1
121 433 35 450 468 432 1
314 364 72 481 374 585 1
330 58 57 335 356 368 1
373 253 23 451 529 602 1
712 339 62 789 467 840 1
646 83 15 651 644 1096 1
348 288 62 452 387 547 1
702 427 67 822 462 398 1
469 501 85 686 401 352 1
366 373 89 523 355 939 1
514 489 97 709 387 352 1
324 307 15 446 589 918 1
236 409 90 472 339 328 1
543 402 71 676 425 639 1
305 412 88 513 354 322 1
517 359 38 629 505 616 1
341 370 93 503 344 358 1
363 346 70 501 384 334 1
