653 188 15 680 650 947 1
480 332 92 584 367 355 1
665 320 46 738 500 469 1
451 329 53 558 440 423 1
320 230 22 394 516 403 1
280 510 50 582 454 414 1
528 210 40 568 483 605 1
51 163 22 171 396 735 1
149 425 18 450 564 675 1
418 181 26 456 513 360 1
412 519 92 663 385 437 1
609 267 34 665 529 454 1
62 476 64 480 391 427 1
372 121 39 391 433 457 1
456 272 36 531 488 709 1
514 394 42 648 495 663 1
183 251 63 311 330 331 1
289 89 12 302 565 733 1
301 79 42 311 389 493 1
741 521 8 906 782 1303 1
