651 427 16 779 661 1113 1
655 307 22 723 604 1193 1
214 230 19 314 505 1517 1
348 351 26 494 525 1062 1
658 135 13 672 669 1208 1
401 543 28 675 559 1067 1
216 359 34 419 462 1086 1
530 126 88 545 363 666 1
50 530 42 532 466 1072 1
738 357 11 820 722 881 1
242 92 62 259 306 1089 1
65 365 21 371 514 1548 1
551 305 58 630 444 1110 1
468 362 6 592 762 1761 1
127 158 89 203 219 1230 1
333 237 21 409 528 814 1
540 195 25 574 552 790 1
552 533 14 767 678 1173 1
273 409 51 492 427 987 1
693 219 92 727 398 805 1
