91 315 56 328 355 784 1
74 526 10 531 673 1433 1
244 193 89 311 281 649 1
286 210 51 355 380 712 1
520 240 97 573 356 448 1
325 408 71 522 388 787 1
228 501 36 550 493 608 1
611 164 37 633 510 1087 1
691 397 72 797 447 729 1
500 283 28 575 536 520 1
681 80 76 686 417 427 1
490 314 83 582 381 713 1
750 153 53 765 485 512 1
380 299 10 484 660 1260 1
442 321 99 546 346 516 1
576 139 84 593 382 417 1
512 161 43 537 464 567 1
117 481 76 495 370 731 1
197 307 70 365 338 677 1
630 102 100 638 367 372 1
