601 268 65 658 434 1415 1
624 331 59 706 458 2000 3
124 368 41 388 424 851 1
552 508 90 750 406 1239 1
137 236 57 273 326 2000 3
359 271 18 450 564 2000 3
556 162 84 579 379 2000 3
650 393 72 760 440 2000 3
229 346 88 415 324 2000 3
684 205 88 714 402 2000 3
123 263 64 290 318 2000 3
737 506 14 894 700 1581 1
318 510 47 601 468 2000 3
696 115 47 705 491 2000 3
146 256 28 295 440 1098 1
281 344 23 444 527 2000 3
140 198 76 242 267 2000 3
725 379 95 818 411 2000 3
609 360 53 707 474 724 1
459 469 94 656 380 2000 3
