657 436 89 789 415 622 1
644 451 34 786 553 786 1
496 507 50 709 483 489 1
251 113 27 275 435 1104 1
489 297 63 572 418 366 1
85 146 21 169 401 555 1
511 118 96 524 345 520 1
137 341 71 367 337 487 1
161 81 25 180 385 490 1
161 133 71 209 256 487 1
227 235 74 327 314 418 1
82 386 64 395 363 568 1
507 302 99 590 358 362 1
370 347 80 507 366 443 1
116 485 24 499 538 852 1
570 84 61 576 424 740 1
166 248 98 298 260 354 1
543 147 71 563 399 478 1
217 507 60 551 420 408 1
692 155 28 709 566 553 1
