399 262 87 477 345 562 1
391 252 62 465 391 2000 3
256 409 26 483 522 548 1
652 405 15 768 668 687 1
434 550 85 701 404 637 1
210 224 47 307 371 2000 3
105 261 31 281 418 1760 1
740 289 96 794 405 560 1
620 448 70 765 445 625 1
537 165 45 562 464 570 1
317 252 89 405 319 481 1
644 169 7 666 757 903 1
446 311 6 544 750 1009 1
437 188 54 476 414 534 1
495 359 35 611 513 588 1
177 465 24 498 538 936 1
532 339 5 631 798 853 1
577 192 39 608 496 842 1
394 162 45 426 424 608 1
187 243 70 307 313 648 1
