77 346 22 354 501 2000 3
515 202 72 553 394 2000 3
516 149 15 537 616 2000 3
123 368 58 388 374 2000 3
643 123 63 655 438 1914 1
121 292 98 316 269 1560 1
523 124 19 537 582 1612 1
521 417 12 667 680 2000 3
236 484 74 538 386 1641 1
175 305 40 352 414 1005 1
633 487 18 799 647 1772 1
186 139 14 232 505 1389 1
468 397 78 614 398 1318 1
414 128 15 433 585 1433 1
433 280 43 516 458 1223 1
56 405 35 409 455 1568 1
107 512 37 523 482 1284 1
353 67 42 359 410 1263 1
62 519 100 523 339 752 1
513 160 14 537 626 1636 1
