499 236 59 552 423 776 1
662 109 12 671 681 1070 1
509 93 82 517 366 269 1
328 66 15 335 548 371 1
728 290 99 784 399 306 1
357 162 22 392 516 101 1
212 296 75 364 328 377 1
210 120 56 242 311 315 1
76 143 83 162 196 267 1
641 332 46 722 497 370 1
159 75 54 176 270 291 1
453 429 85 624 388 298 1
97 517 23 526 552 485 1
109 191 80 220 246 161 1
543 508 92 744 402 315 1
486 427 85 647 393 255 1
143 86 20 167 406 501 1
567 450 88 724 404 516 1
395 393 13 557 642 790 1
252 530 82 587 384 527 1
