496 299 5 579 786 1507 1
78 271 55 282 336 402 1
215 424 47 475 434 2000 3
496 291 25 575 552 616 1
510 219 40 555 479 830 1
521 382 93 646 380 315 1
52 276 95 281 256 676 1
484 219 61 531 412 479 1
247 218 16 329 536 864 1
594 206 12 629 671 897 1
146 204 51 251 330 635 1
317 179 6 364 692 922 1
521 68 60 525 413 703 1
637 109 45 646 484 392 1
713 117 54 723 474 323 1
366 537 58 650 449 623 1
704 295 45 763 508 793 1
89 486 99 494 332 511 1
520 114 25 532 541 667 1
370 55 66 374 350 360 1
