404 511 41 651 499 2000 3
294 346 22 454 537 875 1
702 425 6 821 810 2000 3
391 161 30 423 482 1098 1
101 535 73 544 390 2000 3
104 341 8 357 648 1475 1
726 499 10 881 746 2000 3
61 484 98 488 332 913 1
208 208 20 294 488 916 1
444 390 6 591 762 1584 1
426 140 73 448 362 878 1
294 401 67 497 389 904 1
629 481 46 792 511 1194 1
248 338 29 419 485 1859 1
71 204 81 216 242 1121 1
683 334 87 760 413 1079 1
565 66 49 569 454 804 1
519 464 91 696 394 851 1
198 296 77 356 321 1313 1
375 159 8 407 667 966 1
