273 482 16 554 611 1054 1
274 166 34 320 423 518 1
649 73 81 653 401 492 1
217 334 76 398 339 603 1
287 85 94 299 267 423 1
169 545 87 571 371 633 1
83 350 35 360 436 481 1
320 294 12 435 618 865 1
253 116 63 278 314 457 1
693 291 56 752 475 638 1
742 278 64 792 463 468 1
301 260 96 398 305 377 1
659 509 81 833 436 653 1
160 51 80 168 207 384 1
684 70 47 688 487 704 1
149 286 18 322 516 617 1
262 386 85 467 346 653 1
97 436 88 447 334 569 1
194 331 32 384 458 692 1
687 417 78 804 437 594 1
