570 63 29 573 530 586 1
223 421 83 476 352 410 1
573 65 52 577 447 527 1
394 72 78 401 336 396 1
457 195 47 497 440 535 1
622 215 22 658 590 810 1
537 525 86 751 413 354 1
572 403 25 700 581 542 1
419 134 77 440 351 402 1
567 369 82 676 404 403 1
334 384 71 509 384 656 1
498 536 13 732 682 651 1
201 301 38 362 425 608 1
259 115 52 283 344 382 1
249 316 92 402 313 337 1
222 424 6 479 732 931 1
92 323 85 336 298 374 1
86 380 35 390 448 374 1
182 509 85 541 367 420 1
151 459 86 483 349 302 1
