528 310 87 612 381 1001 1
246 386 11 458 638 926 1
529 325 86 621 385 537 1
228 290 5 369 721 1010 1
75 498 24 504 539 792 1
133 447 76 466 362 799 1
407 86 66 416 366 353 1
262 108 35 283 402 547 1
342 108 30 359 458 603 1
151 238 31 282 419 350 1
376 123 99 396 300 488 1
332 325 30 465 495 547 1
538 162 100 562 349 267 1
702 141 15 716 658 451 1
298 310 71 430 360 350 1
196 124 93 232 232 293 1
336 241 55 413 391 379 1
192 297 41 354 411 535 1
535 54 10 538 675 815 1
254 386 95 462 328 307 1
