323 240 75 402 342 2000 3
637 362 100 733 387 1611 1
281 50 81 285 281 1319 1
269 263 38 376 431 966 1
681 367 29 774 574 1809 1
70 312 30 320 442 1512 1
280 101 76 298 297 1193 1
345 216 85 407 326 1044 1
322 166 11 362 604 1590 1
649 468 80 800 432 1278 1
647 317 39 720 521 1866 1
453 361 23 579 565 1771 1
293 367 92 470 335 1013 1
211 199 91 290 267 1051 1
733 285 64 786 462 1508 1
682 348 65 766 456 2000 3
330 508 60 606 434 1704 1
588 63 74 591 400 2000 3
388 314 87 499 352 1378 1
168 147 57 223 297 1002 1
