246 465 85 526 363 932 1
441 70 54 447 405 800 1
604 101 36 612 509 957 1
605 441 35 749 542 711 1
134 113 99 175 182 700 1
611 177 46 636 479 863 1
122 437 6 454 724 2000 3
719 63 83 722 412 1700 1
324 474 25 574 552 1194 1
663 78 90 668 389 961 1
396 249 19 468 562 863 1
123 343 98 364 289 710 1
623 305 83 694 406 986 1
309 268 23 409 515 785 1
301 311 13 433 606 1310 1
246 153 50 290 354 708 1
653 89 43 659 494 1315 1
260 326 63 417 373 1094 1
235 199 30 308 436 1233 1
526 80 51 532 438 928 1
