572 326 53 658 463 470 1
734 94 87 740 409 473 1
405 451 58 606 439 379 1
637 102 7 645 753 1020 1
164 132 10 211 540 691 1
309 347 80 465 354 416 1
199 201 13 283 544 1541 1
334 115 38 353 422 482 1
528 449 37 693 523 599 1
356 84 53 366 379 1016 1
87 231 35 247 382 559 1
115 493 39 506 470 511 1
252 287 20 382 526 514 1
355 194 39 405 438 577 1
347 148 62 377 360 441 1
354 471 53 589 447 353 1
741 338 64 814 467 621 1
99 396 34 408 458 581 1
172 316 81 360 315 399 1
669 193 99 696 381 416 1
