715 119 25 725 586 740 1
431 283 64 516 401 368 1
583 50 36 585 502 767 1
70 131 68 149 213 351 1
501 437 50 665 473 578 1
93 477 7 486 712 978 1
599 506 20 784 629 848 1
137 304 74 333 317 525 1
553 392 10 678 708 1398 1
592 245 47 641 477 520 1
632 306 81 702 412 581 1
505 194 24 541 549 666 1
682 266 69 732 441 577 1
109 455 83 468 350 558 1
495 399 71 636 416 355 1
454 214 15 502 606 484 1
553 254 57 609 442 463 1
595 98 31 603 528 733 1
462 441 49 639 470 613 1
699 335 39 775 531 361 1
