478 204 96 520 344 631 1
263 470 80 539 375 2000 3
710 532 55 887 501 745 1
628 57 33 631 526 850 1
550 139 10 567 683 831 1
105 128 39 166 309 533 1
258 526 16 586 619 1664 1
666 401 69 777 449 750 1
102 200 68 225 273 585 1
543 513 69 747 444 417 1
323 134 49 350 384 586 1
383 433 11 578 672 1801 1
311 313 75 441 356 978 1
507 165 28 533 525 684 1
301 471 60 559 422 487 1
86 151 90 174 195 316 1
288 158 62 328 340 500 1
63 406 14 411 588 949 1
739 198 87 765 414 550 1
67 342 93 349 291 406 1
