382 355 97 521 343 12 1
86 461 98 469 326 2000 3
423 496 58 652 449 2000 3
586 159 90 607 375 2000 3
91 359 34 370 444 2000 3
747 109 30 755 565 2000 3
652 183 43 677 498 2000 3
668 105 15 676 649 2000 3
583 55 88 586 374 2000 3
65 457 88 462 339 2000 3
423 203 100 469 323 2000 3
416 149 91 442 328 2000 3
358 178 91 400 314 2000 3
578 444 87 729 407 2000 3
272 332 51 429 407 2000 3
207 90 16 226 482 2000 3
109 488 40 500 464 2000 3
102 115 57 154 243 15 1
397 82 30 405 475 2000 3
458 383 8 597 722 2000 3
