117 169 71 206 254 486 1
433 450 52 624 458 478 1
320 155 79 356 317 605 1
389 435 89 584 371 368 1
743 184 30 765 567 651 1
95 260 98 277 250 365 1
611 73 51 615 459 391 1
606 70 73 610 406 352 1
403 163 97 435 316 339 1
392 455 13 601 653 740 1
645 362 59 740 465 713 1
209 391 100 443 315 415 1
549 119 24 562 555 687 1
478 472 55 672 461 715 1
88 299 86 312 286 430 1
382 499 90 628 380 403 1
606 335 28 692 563 684 1
87 190 45 209 322 406 1
201 464 93 506 344 418 1
339 201 82 394 326 361 1
