296 100 16 312 529 996 1
159 249 57 295 337 542 1
161 357 46 392 409 630 1
711 411 71 821 453 661 1
618 486 36 786 545 534 1
374 162 75 408 344 406 1
401 465 76 614 401 421 1
422 436 29 607 539 883 1
239 285 45 372 405 552 1
311 270 42 412 429 559 1
310 185 65 361 347 558 1
476 171 19 506 574 610 1
584 224 89 625 381 631 1
128 215 83 250 259 485 1
612 260 38 665 513 656 1
691 285 57 747 471 470 1
105 208 10 233 554 643 1
667 473 65 818 465 580 1
523 472 86 704 403 624 1
556 72 5 561 781 1100 1
