77 437 61 444 386 498 1
337 237 80 412 336 429 1
361 550 37 658 515 626 1
453 135 83 473 351 515 1
627 113 88 637 386 469 1
467 475 8 666 738 1021 1
390 334 74 513 379 375 1
596 332 72 682 424 558 1
695 288 58 752 470 427 1
733 355 100 814 403 369 1
504 207 92 545 357 238 1
490 382 7 621 747 1018 1
568 357 55 671 461 287 1
402 262 86 480 348 371 1
624 459 31 775 564 539 1
235 311 17 390 552 963 1
611 451 97 759 397 391 1
213 267 81 342 308 536 1
370 527 25 644 569 810 1
410 407 56 578 437 501 1
