657 56 54 659 461 843 1
484 106 57 495 412 377 1
176 404 91 441 328 527 1
309 309 27 437 502 457 1
81 218 51 233 319 342 1
76 182 80 197 230 251 1
447 521 57 686 459 567 1
640 429 76 770 434 679 1
123 94 71 155 213 339 1
553 514 47 755 501 652 1
510 164 66 536 402 601 1
693 490 13 849 703 1136 1
608 466 22 766 612 768 1
722 145 29 736 567 569 1
77 506 94 512 345 533 1
688 411 68 801 456 583 1
566 52 100 568 351 329 1
312 184 36 362 433 430 1
188 452 84 490 354 492 1
331 113 63 350 347 574 1
