155 203 92 255 247 430 1
510 486 98 704 384 340 1
82 225 97 239 230 494 1
562 315 82 644 397 672 1
75 135 58 154 241 435 1
700 115 48 709 488 541 1
487 279 74 561 392 331 1
459 218 35 508 486 529 1
319 418 52 526 434 563 1
641 489 27 806 590 674 1
590 248 48 640 474 694 1
600 240 90 646 384 599 1
663 124 49 674 478 987 1
454 77 62 460 389 441 1
283 479 91 556 361 513 1
382 546 43 666 495 666 1
219 423 36 476 472 464 1
568 495 51 753 488 817 1
558 514 58 759 471 719 1
596 432 14 736 672 1272 1
