391 430 81 581 384 921 1
726 153 33 742 549 852 1
596 164 51 618 460 42 1
304 264 7 403 685 1083 1
325 297 78 440 350 183 1
628 340 49 714 487 672 1
202 254 24 325 476 542 1
630 366 56 729 470 716 1
122 496 12 511 641 938 1
693 292 55 752 477 621 1
533 446 81 695 410 386 1
249 300 31 390 465 351 1
580 401 87 705 402 526 1
431 402 30 589 530 331 1
734 94 69 740 442 354 1
335 404 80 525 371 541 1
381 242 9 451 665 680 1
643 538 45 838 522 541 1
170 361 78 399 335 432 1
226 514 98 561 352 318 1
