528 381 89 651 387 884 1
394 88 84 404 327 417 1
400 319 80 512 368 418 1
501 542 39 738 524 536 1
480 398 35 624 516 1305 1
614 55 69 616 416 412 1
448 304 71 541 393 298 1
63 457 16 461 585 718 1
490 445 75 662 414 754 1
185 479 53 513 427 472 1
737 524 40 904 550 1086 1
722 406 83 828 432 718 1
266 376 90 461 336 450 1
399 349 90 530 356 420 1
93 143 46 171 289 710 1
539 388 26 664 567 1208 1
391 189 77 434 349 445 1
208 342 11 400 618 895 1
378 430 31 573 521 640 1
555 228 58 600 437 939 1
