99 314 58 329 350 533 1
624 107 35 633 518 610 1
409 431 13 594 651 727 1
415 228 22 474 543 230 1
649 177 38 673 515 396 1
374 100 29 387 474 578 1
507 262 89 571 368 261 1
657 65 56 660 456 328 1
347 361 7 501 716 606 1
665 275 23 720 597 556 1
709 296 22 768 613 357 1
216 127 12 251 539 514 1
269 319 33 417 466 425 1
508 310 77 595 395 278 1
254 215 68 333 329 285 1
249 61 71 256 285 339 1
77 307 50 317 366 494 1
686 142 51 701 478 369 1
213 76 54 226 307 319 1
366 539 49 652 473 459 1
