446 302 30 539 517 330 1
324 229 96 397 305 418 1
532 335 92 629 377 590 1
147 485 71 507 384 463 1
691 526 83 868 439 576 1
636 331 66 717 444 388 1
124 121 71 173 228 438 1
210 130 35 247 382 369 1
50 138 39 147 291 437 1
305 210 21 370 514 372 1
207 245 64 321 333 443 1
210 185 20 280 481 611 1
206 297 6 361 691 1139 1
188 534 95 566 357 577 1
65 140 27 154 351 596 1
557 445 43 713 505 804 1
381 253 92 457 331 469 1
327 382 27 503 522 684 1
246 473 9 533 689 699 1
687 411 68 801 456 682 1
