208 93 43 228 341 836 1
238 320 96 399 306 528 1
638 449 39 780 532 1002 1
103 432 100 444 315 663 1
109 453 87 466 342 2000 3
736 323 40 804 533 1115 1
546 312 79 629 399 647 1
72 460 15 466 596 779 1
497 489 86 697 402 1000 1
84 359 90 369 304 464 1
716 532 6 892 822 1062 1
88 346 56 357 367 495 1
127 468 96 485 334 488 1
140 210 22 252 452 907 1
113 78 14 137 429 594 1
738 162 5 756 824 2000 3
631 370 54 731 476 950 1
412 319 12 521 644 1997 1
93 183 56 205 287 477 1
107 199 93 226 228 464 1
