286 171 25 333 474 406 1
750 262 37 794 542 635 1
159 245 15 292 528 694 1
464 148 18 487 576 2000 3
474 258 44 540 462 532 1
67 461 43 466 444 2000 3
321 119 47 342 386 904 1
53 237 62 243 297 828 1
132 68 26 148 351 700 1
141 103 15 175 454 413 1
392 467 77 610 399 625 1
150 440 48 465 428 711 1
688 470 48 833 512 740 1
517 339 20 618 595 874 1
178 477 51 509 432 835 1
581 414 9 713 731 782 1
404 542 27 676 565 498 1
579 228 24 622 570 759 1
202 513 66 551 406 456 1
421 169 57 454 399 387 1
