305 190 79 359 318 803 1
413 148 66 439 373 507 1
623 217 83 660 399 516 1
675 132 11 688 697 813 1
98 546 20 555 579 1128 1
390 260 62 469 392 569 1
562 515 59 762 469 488 1
256 375 22 454 537 788 1
469 266 92 539 355 438 1
493 345 50 602 459 432 1
725 59 59 727 462 839 1
306 368 56 479 410 803 1
301 550 40 627 497 738 1
109 439 39 452 453 1044 1
599 536 44 804 519 512 1
273 63 21 280 474 880 1
561 240 58 610 439 637 1
98 353 82 366 316 692 1
64 433 17 438 569 520 1
635 179 49 660 475 890 1
