631 241 13 675 670 2000 3
131 233 80 267 274 683 1
491 205 80 532 373 342 1
665 147 93 681 387 490 1
103 202 97 227 223 523 1
91 402 32 412 469 942 1
133 236 77 271 282 441 1
378 466 82 600 387 902 1
432 132 97 452 322 558 1
330 266 93 424 319 536 1
464 430 65 633 428 574 1
259 511 38 573 491 591 1
310 157 8 347 644 1154 1
618 204 54 651 459 537 1
311 408 38 513 475 612 1
470 528 48 707 488 1048 1
346 523 88 627 383 571 1
736 141 84 749 416 650 1
336 124 39 358 420 537 1
452 459 89 644 386 1066 1
