105 406 8 419 671 925 1
423 215 9 475 672 611 1
641 370 50 740 489 427 1
719 292 76 776 435 613 1
681 204 95 711 390 311 1
389 138 72 413 352 369 1
683 314 22 752 610 714 1
118 408 52 425 403 729 1
369 92 31 380 462 670 1
198 217 41 294 384 663 1
226 145 72 269 290 342 1
109 435 49 448 419 569 1
93 193 50 214 310 524 1
81 347 20 356 515 446 1
180 517 21 547 570 649 1
160 535 30 558 522 663 1
548 67 22 552 565 916 1
343 274 28 439 497 600 1
310 515 5 601 791 2000 3
687 462 62 828 474 699 1
