607 377 36 715 531 572 1
682 126 86 694 401 396 1
165 530 32 555 512 771 1
492 139 42 511 460 541 1
297 445 75 535 383 656 1
558 282 46 625 476 349 1
489 216 37 535 485 345 1
483 85 89 490 346 333 1
247 398 58 468 401 382 1
256 130 85 287 276 319 1
649 512 86 827 427 711 1
345 343 50 486 428 382 1
167 488 73 516 382 399 1
62 348 17 353 538 525 1
107 449 76 462 360 571 1
635 55 50 637 467 351 1
298 480 37 565 493 459 1
454 155 13 480 621 629 1
160 88 72 183 235 567 1
114 183 83 216 238 366 1
