530 260 72 590 403 666 1
297 178 25 346 479 837 1
225 538 64 583 419 609 1
152 470 59 494 407 542 1
401 329 7 519 721 850 1
367 541 89 654 388 387 1
565 60 84 568 376 752 1
507 402 63 647 436 362 1
517 62 56 521 422 642 1
739 446 95 863 418 482 1
170 395 69 430 364 399 1
511 466 91 692 393 313 1
173 506 98 535 345 576 1
449 126 44 466 440 572 1
504 332 99 604 361 346 1
640 381 67 745 448 384 1
434 507 79 667 408 487 1
630 409 9 751 738 1452 1
246 131 43 279 370 392 1
125 535 28 549 529 676 1
