114 470 86 484 349 1814 1
628 81 35 633 518 2000 3
98 413 59 424 385 1108 1
420 93 29 430 489 1274 1
357 197 73 408 348 968 1
437 127 62 455 388 2000 3
559 127 88 573 370 2000 3
358 483 56 601 442 2000 3
623 152 75 641 410 2000 3
72 227 48 238 331 2000 3
322 503 67 597 416 2000 3
426 532 53 682 469 2000 3
596 388 49 711 486 1082 1
517 321 63 609 427 728 1
389 262 89 469 340 884 1
202 296 98 358 287 709 1
529 290 25 603 559 1641 1
600 73 56 604 443 866 1
525 519 15 738 662 1459 1
334 223 39 402 437 722 1
