212 362 74 420 350 2000 3
736 199 7 762 777 2000 3
227 203 63 305 328 2000 3
76 305 49 314 368 1531 1
542 241 42 593 482 1334 1
626 335 82 710 411 1299 1
429 365 12 563 655 1512 1
526 64 89 530 357 930 1
83 301 7 312 648 1791 1
507 61 83 511 362 1209 1
571 369 18 680 624 1376 1
613 442 78 756 428 1362 1
196 453 36 494 478 1394 1
418 362 56 553 430 1000 1
342 108 96 359 290 1183 1
303 147 7 337 659 1604 1
232 474 27 528 529 1727 1
187 125 82 225 246 784 1
160 218 42 270 368 731 1
112 158 65 194 258 913 1
