336 300 25 450 517 821 1
233 474 18 528 587 639 1
474 375 52 604 454 567 1
491 68 92 496 343 335 1
659 166 12 680 682 836 1
424 149 71 449 366 405 1
263 374 37 457 463 651 1
481 410 20 632 598 667 1
579 205 68 614 417 712 1
461 352 21 580 579 404 1
57 464 93 467 333 515 1
608 243 88 655 390 596 1
381 74 21 388 521 593 1
320 404 81 515 367 456 1
564 269 18 625 612 800 1
623 82 46 628 477 563 1
470 182 95 504 341 451 1
231 163 55 283 336 388 1
54 336 27 340 465 554 1
119 224 42 254 360 471 1
