597 419 65 729 449 653 1
545 474 99 722 387 365 1
247 191 56 312 348 553 1
276 350 51 446 413 484 1
202 162 71 259 287 508 1
130 262 68 292 310 357 1
279 167 81 325 300 281 1
408 231 7 469 707 411 1
263 445 69 517 391 349 1
502 52 33 505 494 295 1
331 212 54 393 386 433 1
258 373 94 454 327 505 1
265 222 51 346 376 559 1
249 436 81 502 363 254 1
148 357 69 386 348 258 1
552 460 32 719 549 295 1
367 446 52 578 447 556 1
308 99 24 324 475 727 1
123 281 32 307 426 681 1
612 130 18 626 612 971 1
