205 244 46 319 379 1092 1
552 121 79 565 384 1937 1
53 442 34 445 471 1324 1
240 371 79 442 348 1146 1
672 88 61 678 447 1156 1
472 60 39 476 461 1030 1
629 77 91 634 380 1158 1
610 226 43 651 492 1161 1
123 521 57 535 423 1404 1
500 318 82 593 385 747 1
605 482 13 774 690 1164 1
221 338 86 404 323 973 1
191 263 44 325 388 734 1
533 342 92 633 378 890 1
289 121 67 313 322 817 1
679 347 24 763 599 1129 1
342 361 26 497 526 863 1
633 434 88 767 412 1284 1
192 545 5 578 785 1160 1
190 542 96 574 358 755 1
