488 187 90 523 354 490 1
544 497 66 737 448 583 1
181 87 81 201 231 577 1
593 480 61 763 464 948 1
107 511 94 522 347 384 1
426 446 78 617 398 390 1
154 240 70 285 303 562 1
347 428 18 551 594 936 1
88 345 99 356 285 387 1
548 178 7 576 736 1330 1
611 383 87 721 405 407 1
506 104 58 517 416 393 1
221 425 74 479 369 548 1
277 326 90 428 325 448 1
533 201 5 570 783 926 1
205 90 37 224 360 655 1
464 523 12 699 686 1105 1
738 403 100 841 407 419 1
79 429 36 436 460 617 1
347 95 10 360 617 944 1
