204 73 80 217 244 1399 1
190 348 19 396 538 1459 1
723 446 99 849 410 1073 1
243 88 86 258 258 625 1
79 133 89 155 180 625 1
341 211 17 401 556 1249 1
575 466 11 740 707 2000 3
685 320 23 756 604 1528 1
177 129 38 219 353 979 1
676 466 24 821 610 2000 3
440 265 92 514 348 427 1
257 226 63 342 344 816 1
50 506 25 508 534 1283 1
455 93 31 464 490 1154 1
365 155 75 397 340 502 1
60 341 10 346 611 1702 1
133 520 64 537 407 600 1
723 382 86 818 425 666 1
308 160 47 347 388 783 1
693 504 44 857 528 1266 1
