704 250 77 747 428 728 1
391 437 95 586 362 622 1
103 197 19 222 455 945 1
123 446 52 463 415 591 1
217 348 89 410 320 829 1
542 250 86 597 380 371 1
739 481 84 882 439 609 1
702 510 28 868 595 661 1
577 301 61 651 442 482 1
419 197 78 463 357 567 1
691 477 75 840 449 536 1
619 114 29 629 544 502 1
295 248 18 385 542 536 1
687 53 17 689 634 951 1
411 61 30 416 479 569 1
203 430 75 476 367 652 1
599 252 34 650 526 602 1
264 305 91 403 315 510 1
656 151 85 673 399 671 1
452 309 9 548 693 764 1
