730 137 5 743 822 2000 3
389 87 8 399 664 2000 3
636 535 73 831 451 2000 3
658 405 74 773 438 2000 3
174 223 83 283 277 2000 3
138 281 42 313 390 2000 3
724 506 17 883 670 2000 3
339 498 30 602 533 2000 3
457 138 33 477 485 2000 3
247 223 25 333 474 2000 3
479 61 79 483 361 2000 3
238 156 89 285 268 2000 3
451 87 9 459 667 2000 3
132 534 11 550 664 2000 3
272 67 77 280 286 2000 3
473 64 74 477 369 2000 3
744 89 31 749 559 2000 3
76 467 18 473 572 2000 3
368 236 71 437 362 2000 3
678 426 26 801 595 2000 3
