743 136 20 755 624 938 1
326 241 39 405 438 480 1
65 513 6 517 743 1557 1
249 361 51 439 411 546 1
63 548 99 552 348 354 1
432 242 77 495 368 403 1
657 427 58 784 476 640 1
383 198 43 431 433 635 1
53 143 19 153 401 335 1
421 128 92 440 326 300 1
189 254 50 317 366 311 1
554 73 17 559 604 639 1
52 346 89 350 298 285 1
430 353 18 556 595 1028 1
600 394 58 718 463 519 1
407 262 23 484 540 596 1
731 327 79 801 434 387 1
739 254 72 781 444 335 1
245 440 7 504 717 1156 1
579 305 20 654 603 496 1
