596 90 52 603 454 829 1
491 401 16 634 631 884 1
235 282 65 367 350 303 1
230 521 69 570 405 370 1
448 378 94 586 364 25 1
366 483 51 606 457 314 1
171 471 12 501 638 565 1
163 64 77 175 218 451 1
457 473 91 658 385 407 1
287 348 88 451 336 386 1
142 427 26 450 511 364 1
77 214 18 227 466 418 1
360 409 49 545 448 668 1
370 303 74 478 369 275 1
325 252 59 411 380 379 1
197 377 72 425 356 339 1
407 394 69 566 404 357 1
443 452 42 633 491 475 1
98 315 16 330 537 1107 1
367 350 10 507 666 523 1
