493 269 55 562 435 862 1
180 327 64 373 354 722 1
432 448 48 622 470 756 1
411 303 7 511 719 1715 1
155 489 45 513 451 843 1
587 372 44 695 498 699 1
359 422 27 554 536 1134 1
416 101 66 428 370 612 1
280 223 50 358 384 648 1
316 76 56 325 354 638 1
392 70 46 398 411 668 1
657 367 16 753 656 859 1
182 384 72 425 356 440 1
279 117 62 303 329 365 1
489 452 44 666 492 681 1
641 141 96 656 377 554 1
428 157 79 456 353 362 1
61 542 15 545 618 1068 1
664 87 51 670 472 718 1
704 290 45 761 508 831 1
