80 215 82 229 248 883 1
255 478 27 542 533 647 1
273 322 70 422 359 312 1
314 242 22 396 517 1017 1
497 524 52 722 480 588 1
332 479 20 583 587 935 1
212 514 63 556 414 491 1
181 160 30 242 401 623 1
273 353 76 446 355 319 1
267 168 64 315 330 371 1
530 91 13 538 637 1597 1
609 281 48 671 481 744 1
487 108 63 499 399 432 1
383 528 57 652 452 410 1
292 258 13 390 591 603 1
199 108 50 226 318 473 1
97 352 18 365 534 932 1
528 258 14 588 639 1057 1
280 229 55 362 372 103 1
621 104 67 630 423 373 1
