599 338 60 688 452 275 1
486 323 26 584 549 485 1
556 467 84 726 411 502 1
431 392 99 583 356 30 1
552 100 7 561 732 702 1
342 504 78 609 396 492 1
176 163 41 240 355 624 1
168 61 19 179 424 411 1
600 447 25 748 590 736 1
682 225 11 718 703 483 1
202 129 91 240 240 391 1
82 159 25 179 384 397 1
389 427 9 578 701 1388 1
320 250 36 406 450 339 1
482 367 41 606 489 297 1
698 410 40 810 534 503 1
645 183 75 670 416 324 1
122 81 46 146 267 611 1
296 174 42 343 403 282 1
711 486 57 861 492 698 1
