1 1 0 1 0 0 0 3000 2 14 14 0
1 2 0 1 0 0 0 3000 2 5 5 14
1 3 0 1 0 0 0 3000 2 12 12 5
1 4 1 0 0 1 0 3000 1 5 5 12
1 5 0 1 0 0 0 3000 3 8 8 5
1 6 0 1 0 0 0 3000 2 15 15 8
1 7 0 1 0 0 0 3000 3 1 1 15
1 8 1 1 1 0 0 623 1 15 15 1
1 9 0 1 0 0 0 3000 2 5 5 15
1 10 1 1 1 0 0 592 1 15 15 5
1 11 1 0 0 1 0 3000 1 5 5 15
1 12 0 0 0 0 1 506 3 12 12 5
1 13 0 1 0 0 0 3000 3 10 10 12
1 14 1 1 1 0 0 1011 1 12 12 10
1 15 0 1 0 0 0 3000 3 6 6 12
1 16 0 1 0 0 0 3000 3 1 1 6
1 17 0 0 0 0 1 1251 2 15 15 1
1 18 0 1 0 0 0 3000 2 13 13 15
1 19 0 1 0 0 0 3000 3 11 11 13
1 20 0 1 0 0 0 3000 2 4 4 11
2 1 0 1 0 0 0 3000 1 1 1 4
2 2 0 1 0 0 0 3000 2 8 8 1
2 3 0 1 0 0 0 3000 3 2 2 8
2 4 0 0 0 0 1 2496 2 2 2 2
2 5 1 1 1 0 0 2325 1 2 2 2
2 6 1 0 0 1 0 3000 1 2 2 2
2 7 0 1 0 0 0 3000 3 14 14 2
2 8 1 1 1 0 0 531 1 2 2 14
2 9 0 1 0 0 0 3000 3 1 1 2
2 10 1 0 0 1 0 3000 1 2 2 1
2 11 0 1 0 0 0 3000 2 7 7 2
2 12 1 1 1 0 0 603 1 2 2 7
2 13 1 1 1 0 0 829 1 7 7 2
2 14 0 1 0 0 0 3000 2 15 15 7
2 15 0 0 0 0 1 518 2 12 12 15
2 16 1 1 1 0 0 547 1 15 15 12
2 17 0 1 0 0 0 3000 3 11 11 15
2 18 1 1 1 0 0 528 1 15 15 11
2 19 0 1 0 0 0 3000 3 9 9 15
2 20 1 1 1 0 0 527 1 15 15 9
2 21 1 0 0 1 0 3000 1 9 9 15
2 22 0 1 0 0 0 3000 2 6 6 9
2 23 0 1 0 0 0 3000 3 12 12 6
2 24 1 1 1 0 0 435 1 6 6 12
2 25 0 1 0 0 0 3000 3 2 2 6
2 26 1 1 1 0 0 849 1 6 6 2
2 27 0 1 0 0 0 3000 2 14 14 6
2 28 0 1 0 0 0 3000 3 10 10 14
2 29 1 1 1 0 0 455 1 14 14 10
2 30 1 0 0 1 0 3000 1 10 10 14
3 1 0 1 0 0 0 3000 1 12 12 10
3 2 0 1 0 0 0 3000 2 14 14 12
3 3 0 1 0 0 0 3000 3 7 7 14
3 4 0 1 0 0 0 3000 2 13 13 7
3 5 1 1 1 0 0 1186 1 7 7 13
3 6 1 1 1 0 0 673 1 13 13 7
3 7 0 1 0 0 0 3000 3 8 8 13
3 8 0 1 0 0 0 3000 3 1 1 8
3 9 0 1 0 0 0 3000 2 4 4 1
3 10 0 0 0 0 1 1078 3 10 10 4
3 11 0 1 0 0 0 3000 2 6 6 10
3 12 1 1 1 0 0 746 1 10 10 6
3 13 1 1 1 0 0 588 1 6 6 10
3 14 0 0 0 0 1 1000 3 5 5 6
3 15 0 1 0 0 0 3000 2 2 2 5
3 16 0 0 0 0 1 600 3 6 6 2
3 17 1 1 1 0 0 683 1 2 2 6
3 18 0 1 0 0 0 3000 2 14 14 2
3 19 0 1 0 0 0 3000 3 7 7 14
3 20 0 1 0 0 0 3000 2 15 15 7
3 21 0 1 0 0 0 3000 2 8 8 15
3 22 1 1 1 0 0 520 1 15 15 8
3 23 0 1 0 0 0 3000 3 11 11 15
3 24 0 1 0 0 0 3000 3 3 3 11
3 25 0 1 0 0 0 3000 2 14 14 3
3 26 1 1 1 0 0 594 1 3 3 14
3 27 0 1 0 0 0 3000 2 11 11 3
3 28 0 1 0 0 0 3000 3 15 15 11
3 29 1 1 1 0 0 611 1 11 11 15
3 30 0 1 0 0 0 3000 2 9 9 11
