1 1 0 1 0 0 0 3000 3 10 10 0
1 2 0 1 0 0 0 3000 3 14 14 10
1 3 0 1 0 0 0 3000 3 4 4 14
1 4 0 0 0 0 1 949 2 10 10 4
1 5 0 1 0 0 0 3000 3 3 3 10
1 6 0 1 0 0 0 3000 3 12 12 3
1 7 1 1 1 0 0 441 1 3 3 12
1 8 0 1 0 0 0 3000 3 13 13 3
1 9 0 1 0 0 0 3000 2 9 9 13
1 10 1 0 0 1 0 3000 1 13 13 9
1 11 0 1 0 0 0 3000 3 8 8 13
1 12 1 0 0 1 0 3000 1 13 13 8
1 13 0 1 0 0 0 3000 3 12 12 13
1 14 1 1 1 0 0 1162 1 13 13 12
1 15 0 1 0 0 0 3000 2 5 5 13
1 16 0 0 0 0 1 1102 2 3 3 5
1 17 1 0 0 1 0 3000 1 5 5 3
1 18 0 1 0 0 0 3000 3 4 4 5
1 19 0 1 0 0 0 3000 3 12 12 4
1 20 1 1 1 0 0 641 1 4 4 12
2 1 0 1 0 0 0 3000 3 7 7 4
2 2 0 0 0 0 1 517 2 7 7 7
2 3 0 1 0 0 0 3000 3 3 3 7
2 4 1 1 1 0 0 569 1 7 7 3
2 5 1 1 1 0 0 692 1 3 3 7
2 6 0 1 0 0 0 3000 2 4 4 3
2 7 0 1 0 0 0 3000 2 1 1 4
2 8 0 1 0 0 0 3000 3 6 6 1
2 9 0 1 0 0 0 3000 3 14 14 6
2 10 0 1 0 0 0 3000 3 2 2 14
2 11 0 1 0 0 0 3000 2 8 8 2
2 12 1 0 0 1 0 3000 1 2 2 8
2 13 0 0 0 0 1 608 2 3 3 2
2 14 0 1 0 0 0 3000 2 13 13 3
2 15 0 1 0 0 0 3000 3 10 10 13
2 16 0 0 0 0 1 990 2 4 4 10
2 17 1 1 1 0 0 517 1 10 10 4
2 18 1 1 1 0 0 444 1 4 4 10
2 19 0 1 0 0 0 3000 2 13 13 4
2 20 0 1 0 0 0 3000 3 6 6 13
2 21 0 1 0 0 0 3000 3 2 2 6
2 22 0 1 0 0 0 3000 3 5 5 2
2 23 1 1 1 0 0 724 1 2 2 5
2 24 0 1 0 0 0 3000 3 10 10 2
2 25 0 1 0 0 0 3000 2 3 3 10
2 26 0 1 0 0 0 3000 3 9 9 3
2 27 0 0 0 0 1 977 2 13 13 9
2 28 0 1 0 0 0 3000 3 4 4 13
2 29 0 1 0 0 0 3000 2 15 15 4
2 30 0 0 0 0 1 743 3 15 15 15
3 1 0 1 0 0 0 3000 2 13 13 15
3 2 0 1 0 0 0 3000 1 3 3 13
3 3 0 1 0 0 0 3000 3 9 9 3
3 4 1 1 1 0 0 859 1 3 3 9
3 5 0 1 0 0 0 3000 3 11 11 3
3 6 0 1 0 0 0 3000 2 6 6 11
3 7 1 0 0 1 0 3000 1 11 11 6
3 8 0 1 0 0 0 3000 3 15 15 11
3 9 0 0 0 0 1 532 2 6 6 15
3 10 1 0 0 1 0 3000 1 15 15 6
3 11 0 1 0 0 0 3000 2 4 4 15
3 12 0 0 0 0 1 747 3 10 10 4
3 13 0 1 0 0 0 3000 2 2 2 10
3 14 0 1 0 0 0 3000 2 12 12 2
3 15 0 0 0 0 1 611 2 6 6 12
3 16 1 0 0 1 0 3000 1 12 12 6
3 17 1 1 1 0 0 805 1 6 6 12
3 18 0 1 0 0 0 3000 2 13 13 6
3 19 0 1 0 0 0 3000 2 11 11 13
3 20 0 1 0 0 0 3000 2 2 2 11
3 21 0 1 0 0 0 3000 3 7 7 2
3 22 1 0 0 1 0 3000 1 2 2 7
3 23 0 1 0 0 0 3000 2 1 1 2
3 24 0 1 0 0 0 3000 3 9 9 1
3 25 1 0 0 1 0 3000 1 1 1 9
3 26 0 0 0 0 1 986 3 6 6 1
3 27 0 1 0 0 0 3000 3 4 4 6
3 28 1 1 1 0 0 1070 1 6 6 4
3 29 0 1 0 0 0 3000 2 12 12 6
3 30 0 1 0 0 0 3000 2 4 4 12
