1 1 0 1 0 0 0 3000 2 12 12 0
1 2 0 1 0 0 0 3000 1 13 13 12
1 3 1 1 1 0 0 1386 1 12 12 13
1 4 0 1 0 0 0 3000 2 2 2 12
1 5 0 1 0 0 0 3000 2 5 5 2
1 6 0 1 0 0 0 3000 2 14 14 5
1 7 0 1 0 0 0 3000 3 4 4 14
1 8 0 1 0 0 0 3000 2 9 9 4
1 9 0 0 0 0 1 1449 3 5 5 9
1 10 0 1 0 0 0 3000 2 7 7 5
1 11 0 1 0 0 0 3000 2 1 1 7
1 12 0 1 0 0 0 3000 2 8 8 1
1 13 0 1 0 0 0 3000 2 11 11 8
1 14 1 1 1 0 0 758 1 8 8 11
1 15 1 0 0 1 0 3000 1 11 11 8
1 16 1 0 0 1 0 3000 1 8 8 11
1 17 0 1 0 0 0 3000 2 12 12 8
1 18 0 1 0 0 0 3000 2 6 6 12
1 19 0 1 0 0 0 3000 3 2 2 6
1 20 0 0 0 0 1 595 2 11 11 2
2 1 0 1 0 0 0 3000 2 9 9 11
2 2 0 1 0 0 0 3000 3 15 15 9
2 3 0 1 0 0 0 3000 2 11 11 15
2 4 1 1 1 0 0 1084 1 15 15 11
2 5 0 1 0 0 0 3000 2 5 5 15
2 6 0 1 0 0 0 3000 3 7 7 5
2 7 0 1 0 0 0 3000 3 13 13 7
2 8 0 1 0 0 0 3000 3 15 15 13
2 9 1 1 1 0 0 1077 1 13 13 15
2 10 0 1 0 0 0 3000 3 4 4 13
2 11 0 1 0 0 0 3000 2 4 4 4
2 12 1 1 1 0 0 506 1 4 4 4
2 13 0 1 0 0 0 3000 3 9 9 4
2 14 0 1 0 0 0 3000 3 12 12 9
2 15 0 1 0 0 0 3000 2 12 12 12
2 16 1 1 1 0 0 718 1 12 12 12
2 17 0 1 0 0 0 3000 3 3 3 12
2 18 1 0 0 1 0 3000 1 12 12 3
2 19 0 1 0 0 0 3000 3 11 11 12
2 20 0 1 0 0 0 3000 3 4 4 11
2 21 0 1 0 0 0 3000 2 10 10 4
2 22 1 1 1 0 0 615 1 4 4 10
2 23 0 1 0 0 0 3000 3 11 11 4
2 24 1 0 0 1 0 3000 1 4 4 11
2 25 1 1 1 0 0 1549 1 11 11 4
2 26 0 1 0 0 0 3000 3 7 7 11
2 27 1 0 0 1 0 3000 1 11 11 7
2 28 0 1 0 0 0 3000 2 9 9 11
2 29 0 0 0 0 1 622 3 7 7 9
2 30 0 1 0 0 0 3000 2 2 2 7
3 1 0 1 0 0 0 3000 1 2 2 2
3 2 0 1 0 0 0 3000 3 12 12 2
3 3 0 1 0 0 0 3000 2 9 9 12
3 4 1 1 1 0 0 471 1 12 12 9
3 5 1 0 0 1 0 3000 1 9 9 12
3 6 0 1 0 0 0 3000 3 3 3 9
3 7 0 1 0 0 0 3000 3 10 10 3
3 8 1 1 1 0 0 595 1 3 3 10
3 9 0 1 0 0 0 3000 2 6 6 3
3 10 0 1 0 0 0 3000 2 7 7 6
3 11 0 1 0 0 0 3000 2 5 5 7
3 12 0 1 0 0 0 3000 3 10 10 5
3 13 1 0 0 1 0 3000 1 5 5 10
3 14 0 0 0 0 1 694 2 3 3 5
3 15 1 0 0 1 0 3000 1 5 5 3
3 16 1 0 0 1 0 3000 1 3 3 5
3 17 1 1 1 0 0 738 1 5 5 3
3 18 1 0 0 1 0 3000 1 3 3 5
3 19 0 1 0 0 0 3000 2 9 9 3
3 20 0 1 0 0 0 3000 2 6 6 9
3 21 0 1 0 0 0 3000 3 8 8 6
3 22 0 1 0 0 0 3000 2 15 15 8
3 23 0 0 0 0 1 777 2 5 5 15
3 24 1 0 0 1 0 3000 1 15 15 5
3 25 0 1 0 0 0 3000 2 8 8 15
3 26 1 1 1 0 0 433 1 15 15 8
3 27 0 1 0 0 0 3000 2 4 4 15
3 28 1 0 0 1 0 3000 1 15 15 4
3 29 0 1 0 0 0 3000 2 7 7 15
3 30 1 1 1 0 0 408 1 15 15 7
