1 1 0 1 0 0 0 3000 3 13 13 0
1 2 0 1 0 0 0 3000 3 1 1 13
1 3 0 1 0 0 0 3000 2 5 5 1
1 4 0 1 0 0 0 3000 2 11 11 5
1 5 0 1 0 0 0 3000 2 2 2 11
1 6 1 1 1 0 0 706 1 11 11 2
1 7 0 1 0 0 0 3000 2 11 11 11
1 8 1 1 1 0 0 1662 1 11 11 11
1 9 0 1 0 0 0 3000 2 5 5 11
1 10 0 1 0 0 0 3000 2 3 3 5
1 11 0 0 0 0 1 643 2 3 3 3
1 12 0 1 0 0 0 3000 3 14 14 3
1 13 0 1 0 0 0 3000 2 13 13 14
1 14 0 1 0 0 0 3000 2 11 11 13
1 15 1 1 1 0 0 728 1 13 13 11
1 16 0 1 0 0 0 3000 2 6 6 13
1 17 0 1 0 0 0 3000 3 4 4 6
1 18 0 1 0 0 0 3000 3 10 10 4
1 19 0 1 0 0 0 3000 3 6 6 10
1 20 0 1 0 0 0 3000 2 1 1 6
2 1 0 1 0 0 0 3000 1 11 11 1
2 2 0 1 0 0 0 3000 2 13 13 11
2 3 0 1 0 0 0 3000 2 5 5 13
2 4 1 1 1 0 0 673 1 13 13 5
2 5 1 0 0 1 0 3000 1 5 5 13
2 6 1 0 0 1 0 3000 1 13 13 5
2 7 0 1 0 0 0 3000 3 2 2 13
2 8 0 1 0 0 0 3000 3 15 15 2
2 9 0 1 0 0 0 3000 3 4 4 15
2 10 1 1 1 0 0 486 1 15 15 4
2 11 0 1 0 0 0 3000 2 6 6 15
2 12 1 0 0 1 0 3000 1 15 15 6
2 13 0 1 0 0 0 3000 2 10 10 15
2 14 1 1 1 0 0 468 1 15 15 10
2 15 0 1 0 0 0 3000 2 15 15 15
2 16 0 1 0 0 0 3000 3 11 11 15
2 17 0 1 0 0 0 3000 3 1 1 11
2 18 0 1 0 0 0 3000 2 10 10 1
2 19 0 1 0 0 0 3000 2 3 3 10
2 20 0 1 0 0 0 3000 2 8 8 3
2 21 1 1 1 0 0 845 1 3 3 8
2 22 0 1 0 0 0 3000 2 11 11 3
2 23 1 0 0 1 0 3000 1 3 3 11
2 24 0 1 0 0 0 3000 2 10 10 3
2 25 0 1 0 0 0 3000 2 7 7 10
2 26 1 1 1 0 0 507 1 10 10 7
2 27 0 1 0 0 0 3000 2 5 5 10
2 28 1 0 0 1 0 3000 1 10 10 5
2 29 1 1 1 0 0 527 1 5 5 10
2 30 1 0 0 1 0 3000 1 10 10 5
3 1 0 1 0 0 0 3000 2 1 1 10
3 2 0 0 0 0 1 746 3 1 1 1
3 3 0 1 0 0 0 3000 3 5 5 1
3 4 0 1 0 0 0 3000 3 7 7 5
3 5 0 1 0 0 0 3000 3 14 14 7
3 6 1 1 1 0 0 483 1 7 7 14
3 7 0 1 0 0 0 3000 3 1 1 7
3 8 0 1 0 0 0 3000 3 14 14 1
3 9 1 1 1 0 0 436 1 1 1 14
3 10 1 0 0 1 0 3000 1 14 14 1
3 11 0 1 0 0 0 3000 2 13 13 14
3 12 1 1 1 0 0 469 1 14 14 13
3 13 0 1 0 0 0 3000 3 2 2 14
3 14 0 1 0 0 0 3000 2 12 12 2
3 15 1 1 1 0 0 656 1 2 2 12
3 16 0 1 0 0 0 3000 3 7 7 2
3 17 1 0 0 1 0 3000 1 2 2 7
3 18 0 1 0 0 0 3000 3 12 12 2
3 19 0 1 0 0 0 3000 2 5 5 12
3 20 1 1 1 0 0 507 1 12 12 5
3 21 0 1 0 0 0 3000 3 4 4 12
3 22 1 0 0 1 0 3000 1 12 12 4
3 23 0 1 0 0 0 3000 2 13 13 12
3 24 0 1 0 0 0 3000 3 11 11 13
3 25 1 1 1 0 0 636 1 13 13 11
3 26 1 0 0 1 0 3000 1 11 11 13
3 27 1 0 0 1 0 3000 1 13 13 11
3 28 0 1 0 0 0 3000 2 7 7 13
3 29 0 1 0 0 0 3000 3 15 15 7
3 30 0 1 0 0 0 3000 3 10 10 15
