1 1 0 1 0 0 0 3000 3 10 10 0
1 2 0 1 0 0 0 3000 3 15 15 10
1 3 0 1 0 0 0 3000 2 4 4 15
1 4 1 1 1 0 0 1000 1 15 15 4
1 5 0 1 0 0 0 3000 2 5 5 15
1 6 0 1 0 0 0 3000 2 13 13 5
1 7 1 1 1 0 0 432 1 5 5 13
1 8 1 1 1 0 0 463 1 13 13 5
1 9 0 1 0 0 0 3000 2 14 14 13
1 10 0 1 0 0 0 3000 3 11 11 14
1 11 0 1 0 0 0 3000 3 8 8 11
1 12 1 1 1 0 0 671 1 11 11 8
1 13 1 1 1 0 0 480 1 8 8 11
1 14 1 1 1 0 0 600 1 11 11 8
1 15 1 1 1 0 0 394 1 8 8 11
1 16 1 1 1 0 0 654 1 11 11 8
1 17 0 1 0 0 0 3000 2 12 12 11
1 18 1 1 1 0 0 362 1 11 11 12
1 19 0 1 0 0 0 3000 3 11 11 11
1 20 0 1 0 0 0 3000 2 13 13 11
2 1 0 1 0 0 0 3000 3 13 13 13
2 2 0 1 0 0 0 3000 2 5 5 13
2 3 0 1 0 0 0 3000 3 14 14 5
2 4 0 1 0 0 0 3000 2 3 3 14
2 5 0 1 0 0 0 3000 3 10 10 3
2 6 0 1 0 0 0 3000 3 6 6 10
2 7 0 1 0 0 0 3000 2 12 12 6
2 8 0 1 0 0 0 3000 2 7 7 12
2 9 1 1 1 0 0 387 1 12 12 7
2 10 1 1 1 0 0 480 1 7 7 12
2 11 0 1 0 0 0 3000 2 8 8 7
2 12 0 1 0 0 0 3000 2 13 13 8
2 13 1 1 1 0 0 418 1 8 8 13
2 14 0 1 0 0 0 3000 3 9 9 8
2 15 1 1 1 0 0 912 1 8 8 9
2 16 0 1 0 0 0 3000 3 4 4 8
2 17 0 1 0 0 0 3000 3 10 10 4
2 18 0 1 0 0 0 3000 2 7 7 10
2 19 0 1 0 0 0 3000 2 15 15 7
2 20 0 1 0 0 0 3000 2 9 9 15
2 21 0 1 0 0 0 3000 3 8 8 9
2 22 1 1 1 0 0 396 1 9 9 8
2 23 0 1 0 0 0 3000 2 10 10 9
2 24 1 0 0 1 0 3000 1 9 9 10
2 25 0 1 0 0 0 3000 3 6 6 9
2 26 1 1 1 0 0 574 1 9 9 6
2 27 0 1 0 0 0 3000 3 15 15 9
2 28 0 1 0 0 0 3000 3 5 5 15
2 29 0 1 0 0 0 3000 2 7 7 5
2 30 0 1 0 0 0 3000 2 14 14 7
3 1 0 1 0 0 0 3000 1 11 11 14
3 2 0 1 0 0 0 3000 3 1 1 11
3 3 0 1 0 0 0 3000 3 6 6 1
3 4 0 1 0 0 0 3000 2 10 10 6
3 5 0 1 0 0 0 3000 2 12 12 10
3 6 0 1 0 0 0 3000 2 7 7 12
3 7 0 1 0 0 0 3000 3 6 6 7
3 8 1 1 1 0 0 397 1 7 7 6
3 9 1 1 1 0 0 482 1 6 6 7
3 10 0 1 0 0 0 3000 3 6 6 6
3 11 0 0 0 0 1 648 2 7 7 6
3 12 0 1 0 0 0 3000 2 5 5 7
3 13 0 1 0 0 0 3000 2 14 14 5
3 14 1 1 1 0 0 419 1 5 5 14
3 15 1 1 1 0 0 430 1 14 14 5
3 16 1 1 1 0 0 496 1 5 5 14
3 17 1 1 1 0 0 375 1 14 14 5
3 18 1 1 1 0 0 489 1 5 5 14
3 19 1 1 1 0 0 369 1 14 14 5
3 20 0 1 0 0 0 3000 3 15 15 14
3 21 0 1 0 0 0 3000 2 12 12 15
3 22 1 1 1 0 0 428 1 15 15 12
3 23 0 1 0 0 0 3000 2 10 10 15
3 24 0 1 0 0 0 3000 3 14 14 10
3 25 1 1 1 0 0 425 1 10 10 14
3 26 0 1 0 0 0 3000 3 15 15 10
3 27 1 1 1 0 0 384 1 10 10 15
3 28 0 1 0 0 0 3000 3 9 9 10
3 29 0 1 0 0 0 3000 3 2 2 9
3 30 0 1 0 0 0 3000 3 2 2 2
