1 1 0 1 0 0 0 3000 2 13 13 0
1 2 0 1 0 0 0 3000 1 5 5 13
1 3 1 1 1 0 0 556 1 13 13 5
1 4 0 1 0 0 0 3000 2 1 1 13
1 5 0 1 0 0 0 3000 2 6 6 1
1 6 0 1 0 0 0 3000 3 11 11 6
1 7 0 1 0 0 0 3000 2 8 8 11
1 8 0 1 0 0 0 3000 2 2 2 8
1 9 0 0 0 0 1 621 2 6 6 2
1 10 0 1 0 0 0 3000 3 13 13 6
1 11 0 1 0 0 0 3000 2 3 3 13
1 12 1 1 1 0 0 472 1 13 13 3
1 13 1 1 1 0 0 535 1 3 3 13
1 14 0 1 0 0 0 3000 2 10 10 3
1 15 1 1 1 0 0 735 1 3 3 10
1 16 0 1 0 0 0 3000 3 2 2 3
1 17 0 1 0 0 0 3000 2 10 10 2
1 18 1 1 1 0 0 412 1 2 2 10
1 19 1 1 1 0 0 504 1 10 10 2
1 20 0 1 0 0 0 3000 3 8 8 10
2 1 0 1 0 0 0 3000 2 11 11 8
2 2 0 1 0 0 0 3000 2 1 1 11
2 3 1 1 1 0 0 348 1 11 11 1
2 4 0 0 0 0 1 800 3 10 10 11
2 5 0 1 0 0 0 3000 3 13 13 10
2 6 0 1 0 0 0 3000 3 5 5 13
2 7 1 1 1 0 0 348 1 13 13 5
2 8 1 1 1 0 0 550 1 5 5 13
2 9 0 1 0 0 0 3000 2 14 14 5
2 10 0 1 0 0 0 3000 3 4 4 14
2 11 0 1 0 0 0 3000 2 5 5 4
2 12 0 1 0 0 0 3000 3 14 14 5
2 13 0 0 0 0 1 379 3 4 4 14
2 14 0 1 0 0 0 3000 3 3 3 4
2 15 1 1 1 0 0 357 1 4 4 3
2 16 0 0 0 0 1 1037 2 4 4 4
2 17 0 1 0 0 0 3000 2 15 15 4
2 18 1 1 1 0 0 548 1 4 4 15
2 19 1 1 1 0 0 394 1 15 15 4
2 20 1 1 1 0 0 384 1 4 4 15
2 21 1 1 1 0 0 446 1 15 15 4
2 22 0 1 0 0 0 3000 3 10 10 15
2 23 0 1 0 0 0 3000 3 14 14 10
2 24 0 1 0 0 0 3000 2 8 8 14
2 25 0 1 0 0 0 3000 2 13 13 8
2 26 0 1 0 0 0 3000 3 1 1 13
2 27 0 1 0 0 0 3000 3 14 14 1
2 28 0 1 0 0 0 3000 2 4 4 14
2 29 0 1 0 0 0 3000 3 9 9 4
2 30 0 1 0 0 0 3000 2 6 6 9
3 1 0 1 0 0 0 3000 3 8 8 6
3 2 0 1 0 0 0 3000 1 2 2 8
3 3 0 1 0 0 0 3000 2 15 15 2
3 4 0 1 0 0 0 3000 2 5 5 15
3 5 0 1 0 0 0 3000 3 7 7 5
3 6 1 1 1 0 0 477 1 5 5 7
3 7 0 0 0 0 1 596 3 5 5 5
3 8 0 1 0 0 0 3000 2 8 8 5
3 9 0 1 0 0 0 3000 3 9 9 8
3 10 0 1 0 0 0 3000 2 15 15 9
3 11 1 1 1 0 0 337 1 9 9 15
3 12 0 1 0 0 0 3000 3 4 4 9
3 13 0 1 0 0 0 3000 2 3 3 4
3 14 0 1 0 0 0 3000 3 2 2 3
3 15 0 1 0 0 0 3000 2 4 4 2
3 16 0 1 0 0 0 3000 2 9 9 4
3 17 0 1 0 0 0 3000 2 1 1 9
3 18 1 1 1 0 0 338 1 9 9 1
3 19 1 1 1 0 0 373 1 1 1 9
3 20 0 1 0 0 0 3000 3 11 11 1
3 21 0 1 0 0 0 3000 2 3 3 11
3 22 0 1 0 0 0 3000 2 6 6 3
3 23 1 1 1 0 0 351 1 3 3 6
3 24 1 1 1 0 0 440 1 6 6 3
3 25 0 1 0 0 0 3000 2 10 10 6
3 26 0 1 0 0 0 3000 3 5 5 10
3 27 1 0 0 1 0 3000 1 10 10 5
3 28 0 1 0 0 0 3000 3 6 6 10
3 29 0 1 0 0 0 3000 3 12 12 6
3 30 0 1 0 0 0 3000 2 1 1 12
