1 1 0 1 0 0 0 3000 2 1 1 0
1 2 0 1 0 0 0 3000 3 10 10 1
1 3 0 0 0 0 1 1281 3 9 9 10
1 4 1 1 1 0 0 1084 1 10 10 9
1 5 0 1 0 0 0 3000 3 4 4 10
1 6 1 1 1 0 0 796 1 10 10 4
1 7 0 1 0 0 0 3000 2 3 3 10
1 8 0 1 0 0 0 3000 2 6 6 3
1 9 0 1 0 0 0 3000 3 7 7 6
1 10 0 1 0 0 0 3000 3 14 14 7
1 11 0 1 0 0 0 3000 2 4 4 14
1 12 1 0 0 1 0 3000 1 14 14 4
1 13 0 1 0 0 0 3000 3 7 7 14
1 14 1 0 0 1 0 3000 1 14 14 7
1 15 1 0 0 1 0 3000 1 7 7 14
1 16 1 0 0 1 0 3000 1 14 14 7
1 17 0 1 0 0 0 3000 3 11 11 14
1 18 0 1 0 0 0 3000 3 7 7 11
1 19 1 0 0 1 0 3000 1 11 11 7
1 20 0 1 0 0 0 3000 3 10 10 11
2 1 0 1 0 0 0 3000 1 15 15 10
2 2 0 1 0 0 0 3000 1 4 4 15
2 3 1 0 0 1 0 3000 1 15 15 4
2 4 1 0 0 1 0 3000 1 4 4 15
2 5 0 1 0 0 0 3000 3 9 9 4
2 6 0 1 0 0 0 3000 3 10 10 9
2 7 0 1 0 0 0 3000 2 10 10 10
2 8 1 1 1 0 0 1233 1 10 10 10
2 9 0 1 0 0 0 3000 3 6 6 10
2 10 1 0 0 1 0 3000 1 10 10 6
2 11 0 1 0 0 0 3000 3 3 3 10
2 12 1 1 1 0 0 1171 1 10 10 3
2 13 1 0 0 1 0 3000 1 3 3 10
2 14 0 1 0 0 0 3000 2 2 2 3
2 15 0 1 0 0 0 3000 2 5 5 2
2 16 1 0 0 1 0 3000 1 2 2 5
2 17 0 0 0 0 1 1784 3 10 10 2
2 18 0 1 0 0 0 3000 2 11 11 10
2 19 0 1 0 0 0 3000 2 5 5 11
2 20 1 0 0 1 0 3000 1 11 11 5
2 21 0 1 0 0 0 3000 3 1 1 11
2 22 0 1 0 0 0 3000 2 13 13 1
2 23 0 1 0 0 0 3000 2 8 8 13
2 24 1 0 0 1 0 3000 1 13 13 8
2 25 0 1 0 0 0 3000 3 2 2 13
2 26 0 1 0 0 0 3000 3 3 3 2
2 27 1 0 0 1 0 3000 1 2 2 3
2 28 0 1 0 0 0 3000 3 13 13 2
2 29 0 1 0 0 0 3000 2 7 7 13
2 30 1 0 0 1 0 3000 1 13 13 7
3 1 0 1 0 0 0 3000 2 5 5 13
3 2 0 0 0 0 1 775 1 10 10 5
3 3 0 1 0 0 0 3000 3 7 7 10
3 4 0 1 0 0 0 3000 2 9 9 7
3 5 0 1 0 0 0 3000 3 11 11 9
3 6 1 0 0 1 0 3000 1 9 9 11
3 7 0 1 0 0 0 3000 3 6 6 9
3 8 1 0 0 1 0 3000 1 9 9 6
3 9 0 1 0 0 0 3000 2 15 15 9
3 10 0 1 0 0 0 3000 2 3 3 15
3 11 1 0 0 1 0 3000 1 15 15 3
3 12 0 1 0 0 0 3000 3 6 6 15
3 13 1 0 0 1 0 3000 1 15 15 6
3 14 0 0 0 0 1 2617 3 1 1 15
3 15 0 1 0 0 0 3000 2 1 1 1
3 16 1 0 0 1 0 3000 1 1 1 1
3 17 1 0 0 1 0 3000 1 1 1 1
3 18 0 1 0 0 0 3000 3 8 8 1
3 19 1 0 0 1 0 3000 1 1 1 8
3 20 0 1 0 0 0 3000 3 13 13 1
3 21 0 1 0 0 0 3000 2 6 6 13
3 22 0 1 0 0 0 3000 2 1 1 6
3 23 1 0 0 1 0 3000 1 6 6 1
3 24 0 1 0 0 0 3000 3 6 6 6
3 25 0 1 0 0 0 3000 2 11 11 6
3 26 0 1 0 0 0 3000 2 11 11 11
3 27 0 1 0 0 0 3000 3 6 6 11
3 28 0 1 0 0 0 3000 3 6 6 6
3 29 1 0 0 1 0 3000 1 6 6 6
3 30 0 1 0 0 0 3000 2 4 4 6
