1 1 0 1 0 0 0 3000 1 7 7 0
1 2 0 1 0 0 0 3000 3 6 6 7
1 3 0 1 0 0 0 3000 2 10 10 6
1 4 0 1 0 0 0 3000 2 12 12 10
1 5 0 1 0 0 0 3000 3 7 7 12
1 6 0 1 0 0 0 3000 3 13 13 7
1 7 0 1 0 0 0 3000 3 2 2 13
1 8 0 1 0 0 0 3000 2 7 7 2
1 9 1 0 0 1 0 3000 1 2 2 7
1 10 1 0 0 1 0 3000 1 7 7 2
1 11 0 1 0 0 0 3000 3 13 13 7
1 12 0 1 0 0 0 3000 2 3 3 13
1 13 1 0 0 1 0 3000 1 13 13 3
1 14 0 1 0 0 0 3000 2 1 1 13
1 15 1 0 0 1 0 3000 1 13 13 1
1 16 0 1 0 0 0 3000 3 12 12 13
1 17 0 1 0 0 0 3000 2 1 1 12
1 18 0 1 0 0 0 3000 2 3 3 1
1 19 1 0 0 1 0 3000 1 1 1 3
1 20 1 0 0 1 0 3000 1 3 3 1
2 1 0 1 0 0 0 3000 1 15 15 3
2 2 0 1 0 0 0 3000 3 2 2 15
2 3 1 0 0 1 0 3000 1 15 15 2
2 4 0 1 0 0 0 3000 2 12 12 15
2 5 1 0 0 1 0 3000 1 15 15 12
2 6 0 1 0 0 0 3000 3 6 6 15
2 7 0 1 0 0 0 3000 3 1 1 6
2 8 1 0 0 1 0 3000 1 6 6 1
2 9 0 1 0 0 0 3000 2 9 9 6
2 10 0 0 0 0 1 738 3 10 10 9
2 11 1 0 0 1 0 3000 1 9 9 10
2 12 0 1 0 0 0 3000 2 9 9 9
2 13 0 1 0 0 0 3000 2 12 12 9
2 14 1 0 0 1 0 3000 1 9 9 12
2 15 0 1 0 0 0 3000 2 14 14 9
2 16 0 0 0 0 1 507 2 10 10 14
2 17 0 1 0 0 0 3000 3 2 2 10
2 18 1 1 1 0 0 479 1 10 10 2
2 19 1 0 0 1 0 3000 1 2 2 10
2 20 0 1 0 0 0 3000 3 13 13 2
2 21 1 0 0 1 0 3000 1 2 2 13
2 22 0 1 0 0 0 3000 3 14 14 2
2 23 0 1 0 0 0 3000 3 13 13 14
2 24 0 1 0 0 0 3000 3 4 4 13
2 25 0 1 0 0 0 3000 3 3 3 4
2 26 0 1 0 0 0 3000 2 1 1 3
2 27 0 1 0 0 0 3000 3 5 5 1
2 28 0 1 0 0 0 3000 2 5 5 5
2 29 1 0 0 1 0 3000 1 5 5 5
2 30 0 1 0 0 0 3000 2 4 4 5
3 1 0 0 0 0 1 1053 2 10 10 4
3 2 0 0 0 0 1 489 1 9 9 10
3 3 0 1 0 0 0 3000 3 2 2 9
3 4 0 1 0 0 0 3000 2 13 13 2
3 5 0 1 0 0 0 3000 3 7 7 13
3 6 1 0 0 1 0 3000 1 13 13 7
3 7 0 0 0 0 1 1191 3 10 10 13
3 8 1 0 0 1 0 3000 1 13 13 10
3 9 1 1 1 0 0 704 1 10 10 13
3 10 1 0 0 1 0 3000 1 13 13 10
3 11 0 1 0 0 0 3000 2 1 1 13
3 12 0 1 0 0 0 3000 2 14 14 1
3 13 0 1 0 0 0 3000 3 6 6 14
3 14 1 0 0 1 0 3000 1 14 14 6
3 15 0 1 0 0 0 3000 2 8 8 14
3 16 0 1 0 0 0 3000 3 7 7 8
3 17 1 0 0 1 0 3000 1 8 8 7
3 18 1 0 0 1 0 3000 1 7 7 8
3 19 0 1 0 0 0 3000 3 4 4 7
3 20 1 0 0 1 0 3000 1 7 7 4
3 21 1 0 0 1 0 3000 1 4 4 7
3 22 0 1 0 0 0 3000 2 4 4 4
3 23 0 1 0 0 0 3000 3 5 5 4
3 24 0 1 0 0 0 3000 2 9 9 5
3 25 0 1 0 0 0 3000 2 12 12 9
3 26 0 1 0 0 0 3000 3 6 6 12
3 27 1 0 0 1 0 3000 1 12 12 6
3 28 0 1 0 0 0 3000 2 13 13 12
3 29 0 1 0 0 0 3000 3 2 2 13
3 30 1 0 0 1 0 3000 1 13 13 2
