1 1 0 1 0 0 0 3000 2 12 12 0
1 2 0 1 0 0 0 3000 3 12 12 12
1 3 0 1 0 0 0 3000 3 6 6 12
1 4 0 1 0 0 0 3000 2 15 15 6
1 5 1 1 1 0 0 742 1 6 6 15
1 6 0 1 0 0 0 3000 2 11 11 6
1 7 0 1 0 0 0 3000 2 11 11 11
1 8 1 1 1 0 0 532 1 11 11 11
1 9 0 1 0 0 0 3000 2 15 15 11
1 10 1 0 0 1 0 3000 1 11 11 15
1 11 0 1 0 0 0 3000 3 1 1 11
1 12 0 1 0 0 0 3000 2 2 2 1
1 13 1 1 1 0 0 1023 1 1 1 2
1 14 0 1 0 0 0 3000 3 15 15 1
1 15 1 0 0 1 0 3000 1 1 1 15
1 16 1 1 1 0 0 2622 1 15 15 1
1 17 1 0 0 1 0 3000 1 1 1 15
1 18 0 1 0 0 0 3000 2 1 1 1
1 19 0 1 0 0 0 3000 3 11 11 1
1 20 0 1 0 0 0 3000 2 9 9 11
2 1 0 1 0 0 0 3000 2 1 1 9
2 2 0 1 0 0 0 3000 2 2 2 1
2 3 0 1 0 0 0 3000 2 13 13 2
2 4 1 1 1 0 0 961 1 2 2 13
2 5 1 1 1 0 0 1261 1 13 13 2
2 6 0 1 0 0 0 3000 2 11 11 13
2 7 0 0 0 0 1 647 2 2 2 11
2 8 0 1 0 0 0 3000 2 6 6 2
2 9 1 0 0 1 0 3000 1 2 2 6
2 10 0 1 0 0 0 3000 2 7 7 2
2 11 1 1 1 0 0 542 1 2 2 7
2 12 1 1 1 0 0 1043 1 7 7 2
2 13 0 1 0 0 0 3000 2 1 1 7
2 14 0 1 0 0 0 3000 3 14 14 1
2 15 0 1 0 0 0 3000 2 2 2 14
2 16 0 1 0 0 0 3000 2 3 3 2
2 17 1 1 1 0 0 574 1 2 2 3
2 18 1 1 1 0 0 530 1 3 3 2
2 19 0 1 0 0 0 3000 3 4 4 3
2 20 0 1 0 0 0 3000 3 12 12 4
2 21 1 1 1 0 0 485 1 4 4 12
2 22 0 1 0 0 0 3000 2 7 7 4
2 23 1 1 1 0 0 619 1 4 4 7
2 24 0 1 0 0 0 3000 2 14 14 4
2 25 1 1 1 0 0 388 1 4 4 14
2 26 1 1 1 0 0 724 1 14 14 4
2 27 1 1 1 0 0 584 1 4 4 14
2 28 0 1 0 0 0 3000 2 2 2 4
2 29 0 1 0 0 0 3000 2 15 15 2
2 30 0 1 0 0 0 3000 2 15 15 15
3 1 0 1 0 0 0 3000 2 9 9 15
3 2 0 1 0 0 0 3000 3 12 12 9
3 3 0 1 0 0 0 3000 3 2 2 12
3 4 1 1 1 0 0 708 1 12 12 2
3 5 1 1 1 0 0 599 1 2 2 12
3 6 0 1 0 0 0 3000 3 14 14 2
3 7 0 1 0 0 0 3000 2 7 7 14
3 8 0 1 0 0 0 3000 3 5 5 7
3 9 1 1 1 0 0 509 1 7 7 5
3 10 0 1 0 0 0 3000 2 3 3 7
3 11 0 1 0 0 0 3000 3 8 8 3
3 12 1 1 1 0 0 365 1 3 3 8
3 13 0 1 0 0 0 3000 3 10 10 3
3 14 1 1 1 0 0 1023 1 3 3 10
3 15 1 1 1 0 0 477 1 10 10 3
3 16 0 1 0 0 0 3000 2 13 13 10
3 17 1 1 1 0 0 890 1 10 10 13
3 18 1 1 1 0 0 833 1 13 13 10
3 19 0 1 0 0 0 3000 2 6 6 13
3 20 1 1 1 0 0 697 1 13 13 6
3 21 1 1 1 0 0 935 1 6 6 13
3 22 0 1 0 0 0 3000 3 1 1 6
3 23 0 1 0 0 0 3000 2 10 10 1
3 24 1 1 1 0 0 495 1 1 1 10
3 25 1 1 1 0 0 658 1 10 10 1
3 26 0 1 0 0 0 3000 2 10 10 10
3 27 0 1 0 0 0 3000 3 4 4 10
3 28 1 1 1 0 0 787 1 10 10 4
3 29 1 1 1 0 0 871 1 4 4 10
3 30 0 1 0 0 0 3000 2 4 4 4
