1 1 0 1 0 0 0 3000 2 15 15 0
1 2 0 1 0 0 0 3000 1 11 11 15
1 3 0 1 0 0 0 3000 2 3 3 11
1 4 0 1 0 0 0 3000 2 8 8 3
1 5 0 1 0 0 0 3000 2 6 6 8
1 6 0 1 0 0 0 3000 3 14 14 6
1 7 0 1 0 0 0 3000 3 15 15 14
1 8 0 1 0 0 0 3000 2 9 9 15
1 9 0 0 0 0 1 790 3 14 14 9
1 10 0 1 0 0 0 3000 2 1 1 14
1 11 0 1 0 0 0 3000 3 13 13 1
1 12 1 1 1 0 0 457 1 1 1 13
1 13 0 1 0 0 0 3000 2 14 14 1
1 14 0 1 0 0 0 3000 2 2 2 14
1 15 1 1 1 0 0 460 1 14 14 2
1 16 0 1 0 0 0 3000 3 6 6 14
1 17 1 1 1 0 0 558 1 14 14 6
1 18 1 1 1 0 0 528 1 6 6 14
1 19 1 1 1 0 0 580 1 14 14 6
1 20 0 1 0 0 0 3000 2 12 12 14
2 1 0 1 0 0 0 3000 1 7 7 12
2 2 0 1 0 0 0 3000 1 15 15 7
2 3 1 1 1 0 0 436 1 7 7 15
2 4 0 1 0 0 0 3000 3 12 12 7
2 5 0 1 0 0 0 3000 2 14 14 12
2 6 1 1 1 0 0 418 1 12 12 14
2 7 0 0 0 0 1 691 3 7 7 12
2 8 0 1 0 0 0 3000 2 3 3 7
2 9 0 1 0 0 0 3000 3 4 4 3
2 10 0 1 0 0 0 3000 2 10 10 4
2 11 1 1 1 0 0 456 1 4 4 10
2 12 0 1 0 0 0 3000 3 1 1 4
2 13 0 1 0 0 0 3000 3 9 9 1
2 14 0 1 0 0 0 3000 2 8 8 9
2 15 0 1 0 0 0 3000 3 15 15 8
2 16 0 1 0 0 0 3000 2 10 10 15
2 17 1 1 1 0 0 430 1 15 15 10
2 18 0 1 0 0 0 3000 2 5 5 15
2 19 1 1 1 0 0 505 1 15 15 5
2 20 0 1 0 0 0 3000 2 9 9 15
2 21 0 1 0 0 0 3000 2 1 1 9
2 22 0 1 0 0 0 3000 3 12 12 1
2 23 1 1 1 0 0 430 1 1 1 12
2 24 1 1 1 0 0 819 1 12 12 1
2 25 1 0 0 1 0 3000 1 1 1 12
2 26 0 1 0 0 0 3000 3 4 4 1
2 27 1 1 1 0 0 410 1 1 1 4
2 28 0 1 0 0 0 3000 2 14 14 1
2 29 0 1 0 0 0 3000 3 5 5 14
2 30 0 1 0 0 0 3000 3 8 8 5
3 1 0 1 0 0 0 3000 3 11 11 8
3 2 0 1 0 0 0 3000 1 5 5 11
3 3 1 1 1 0 0 455 1 11 11 5
3 4 0 1 0 0 0 3000 3 9 9 11
3 5 1 1 1 0 0 490 1 11 11 9
3 6 0 1 0 0 0 3000 3 15 15 11
3 7 1 1 1 0 0 433 1 11 11 15
3 8 0 1 0 0 0 3000 3 4 4 11
3 9 1 1 1 0 0 410 1 11 11 4
3 10 0 1 0 0 0 3000 2 7 7 11
3 11 0 1 0 0 0 3000 3 13 13 7
3 12 0 1 0 0 0 3000 3 11 11 13
3 13 0 1 0 0 0 3000 2 1 1 11
3 14 1 1 1 0 0 459 1 11 11 1
3 15 0 1 0 0 0 3000 2 5 5 11
3 16 1 1 1 0 0 462 1 11 11 5
3 17 0 1 0 0 0 3000 2 10 10 11
3 18 0 1 0 0 0 3000 2 4 4 10
3 19 0 1 0 0 0 3000 2 8 8 4
3 20 1 1 1 0 0 405 1 4 4 8
3 21 1 1 1 0 0 476 1 8 8 4
3 22 0 1 0 0 0 3000 3 3 3 8
3 23 1 1 1 0 0 520 1 8 8 3
3 24 0 1 0 0 0 3000 2 8 8 8
3 25 0 1 0 0 0 3000 2 5 5 8
3 26 1 1 1 0 0 444 1 8 8 5
3 27 0 1 0 0 0 3000 3 14 14 8
3 28 1 1 1 0 0 428 1 8 8 14
3 29 1 1 1 0 0 477 1 14 14 8
3 30 0 1 0 0 0 3000 3 7 7 14
