1 1 0 1 0 0 0 3000 3 8 8 0
1 2 0 1 0 0 0 3000 3 9 9 8
1 3 0 1 0 0 0 3000 3 12 12 9
1 4 0 1 0 0 0 3000 2 15 15 12
1 5 1 1 1 0 0 384 1 12 12 15
1 6 0 1 0 0 0 3000 3 12 12 12
1 7 0 1 0 0 0 3000 2 5 5 12
1 8 0 1 0 0 0 3000 2 13 13 5
1 9 0 1 0 0 0 3000 2 14 14 13
1 10 1 1 1 0 0 360 1 13 13 14
1 11 1 1 1 0 0 441 1 14 14 13
1 12 0 1 0 0 0 3000 2 10 10 14
1 13 0 1 0 0 0 3000 3 2 2 10
1 14 0 1 0 0 0 3000 3 3 3 2
1 15 0 1 0 0 0 3000 2 14 14 3
1 16 1 1 1 0 0 369 1 3 3 14
1 17 0 1 0 0 0 3000 2 9 9 3
1 18 0 1 0 0 0 3000 3 11 11 9
1 19 0 1 0 0 0 3000 2 4 4 11
1 20 1 1 1 0 0 374 1 11 11 4
2 1 0 1 0 0 0 3000 1 8 8 11
2 2 0 1 0 0 0 3000 3 4 4 8
2 3 0 1 0 0 0 3000 3 14 14 4
2 4 0 1 0 0 0 3000 3 11 11 14
2 5 0 1 0 0 0 3000 2 3 3 11
2 6 0 1 0 0 0 3000 2 12 12 3
2 7 0 1 0 0 0 3000 3 13 13 12
2 8 1 1 1 0 0 475 1 12 12 13
2 9 1 1 1 0 0 514 1 13 13 12
2 10 1 1 1 0 0 541 1 12 12 13
2 11 0 1 0 0 0 3000 2 11 11 12
2 12 1 1 1 0 0 415 1 12 12 11
2 13 0 1 0 0 0 3000 3 5 5 12
2 14 1 1 1 0 0 410 1 12 12 5
2 15 0 1 0 0 0 3000 2 12 12 12
2 16 0 1 0 0 0 3000 3 2 2 12
2 17 0 1 0 0 0 3000 3 9 9 2
2 18 1 1 1 0 0 394 1 2 2 9
2 19 0 1 0 0 0 3000 3 7 7 2
2 20 1 1 1 0 0 364 1 2 2 7
2 21 0 1 0 0 0 3000 2 10 10 2
2 22 0 1 0 0 0 3000 3 6 6 10
2 23 1 1 1 0 0 525 1 10 10 6
2 24 0 1 0 0 0 3000 3 5 5 10
2 25 0 1 0 0 0 3000 2 14 14 5
2 26 0 1 0 0 0 3000 3 12 12 14
2 27 0 1 0 0 0 3000 2 6 6 12
2 28 0 1 0 0 0 3000 3 9 9 6
2 29 0 1 0 0 0 3000 3 8 8 9
2 30 0 1 0 0 0 3000 2 14 14 8
3 1 0 1 0 0 0 3000 3 7 7 14
3 2 0 1 0 0 0 3000 1 2 2 7
3 3 0 1 0 0 0 3000 2 10 10 2
3 4 0 1 0 0 0 3000 3 7 7 10
3 5 0 1 0 0 0 3000 2 13 13 7
3 6 1 1 1 0 0 411 1 7 7 13
3 7 0 1 0 0 0 3000 2 2 2 7
3 8 0 1 0 0 0 3000 2 5 5 2
3 9 0 1 0 0 0 3000 2 15 15 5
3 10 0 1 0 0 0 3000 3 14 14 15
3 11 0 1 0 0 0 3000 3 3 3 14
3 12 0 1 0 0 0 3000 3 4 4 3
3 13 0 1 0 0 0 3000 3 5 5 4
3 14 1 1 1 0 0 350 1 4 4 5
3 15 0 1 0 0 0 3000 2 12 12 4
3 16 1 1 1 0 0 346 1 4 4 12
3 17 0 1 0 0 0 3000 3 5 5 4
3 18 0 1 0 0 0 3000 2 7 7 5
3 19 0 1 0 0 0 3000 2 6 6 7
3 20 0 1 0 0 0 3000 3 3 3 6
3 21 0 1 0 0 0 3000 2 15 15 3
3 22 0 1 0 0 0 3000 3 10 10 15
3 23 0 1 0 0 0 3000 2 10 10 10
3 24 0 1 0 0 0 3000 2 5 5 10
3 25 0 1 0 0 0 3000 3 14 14 5
3 26 0 1 0 0 0 3000 3 9 9 14
3 27 1 1 1 0 0 374 1 14 14 9
3 28 0 1 0 0 0 3000 2 5 5 14
3 29 0 1 0 0 0 3000 2 13 13 5
3 30 0 1 0 0 0 3000 3 4 4 13
