1 1 0 1 0 0 0 3000 1 7 7 0
1 2 0 1 0 0 0 3000 2 10 10 7
1 3 1 0 0 1 0 3000 1 7 7 10
1 4 0 1 0 0 0 3000 2 13 13 7
1 5 1 0 0 1 0 3000 1 7 7 13
1 6 0 0 0 0 1 749 2 12 12 7
1 7 1 0 0 1 0 3000 1 7 7 12
1 8 0 1 0 0 0 3000 2 5 5 7
1 9 0 1 0 0 0 3000 3 6 6 5
1 10 0 0 0 0 1 205 3 8 8 6
1 11 0 1 0 0 0 3000 3 14 14 8
1 12 0 1 0 0 0 3000 3 2 2 14
1 13 0 0 0 0 1 633 3 8 8 2
1 14 0 1 0 0 0 3000 2 8 8 8
1 15 0 1 0 0 0 3000 2 9 9 8
1 16 0 1 0 0 0 3000 3 13 13 9
1 17 0 1 0 0 0 3000 2 15 15 13
1 18 0 0 0 0 1 478 3 6 6 15
1 19 1 0 0 1 0 3000 1 15 15 6
1 20 1 1 1 0 0 468 1 6 6 15
2 1 0 1 0 0 0 3000 1 1 1 6
2 2 0 1 0 0 0 3000 2 15 15 1
2 3 0 1 0 0 0 3000 3 14 14 15
2 4 0 1 0 0 0 3000 2 3 3 14
2 5 0 1 0 0 0 3000 2 13 13 3
2 6 0 1 0 0 0 3000 3 4 4 13
2 7 1 1 1 0 0 854 1 13 13 4
2 8 0 1 0 0 0 3000 3 10 10 13
2 9 0 1 0 0 0 3000 2 4 4 10
2 10 0 1 0 0 0 3000 3 6 6 4
2 11 0 0 0 0 1 723 3 15 15 6
2 12 1 1 1 0 0 467 1 6 6 15
2 13 0 1 0 0 0 3000 2 7 7 6
2 14 1 1 1 0 0 770 1 6 6 7
2 15 1 0 0 1 0 3000 1 7 7 6
2 16 0 1 0 0 0 3000 2 13 13 7
2 17 0 1 0 0 0 3000 3 12 12 13
2 18 0 1 0 0 0 3000 2 7 7 12
2 19 1 0 0 1 0 3000 1 12 12 7
2 20 0 0 0 0 1 171 3 15 15 12
2 21 0 1 0 0 0 3000 2 3 3 15
2 22 0 0 0 0 1 309 2 7 7 3
2 23 0 0 0 0 1 412 3 12 12 7
2 24 1 1 1 0 0 701 1 7 7 12
2 25 1 0 0 1 0 3000 1 12 12 7
2 26 0 1 0 0 0 3000 3 2 2 12
2 27 1 0 0 1 0 3000 1 12 12 2
2 28 0 0 0 0 1 2498 2 10 10 12
2 29 1 1 1 0 0 674 1 12 12 10
2 30 0 1 0 0 0 3000 3 5 5 12
3 1 0 1 0 0 0 3000 2 2 2 5
3 2 0 1 0 0 0 3000 3 12 12 2
3 3 1 0 0 1 0 3000 1 2 2 12
3 4 0 0 0 0 1 266 2 9 9 2
3 5 0 0 0 0 1 299 2 5 5 9
3 6 0 1 0 0 0 3000 3 7 7 5
3 7 1 1 1 0 0 242 1 5 5 7
3 8 1 0 0 1 0 3000 1 7 7 5
3 9 0 1 0 0 0 3000 2 1 1 7
3 10 0 1 0 0 0 3000 3 10 10 1
3 11 0 0 0 0 1 388 3 5 5 10
3 12 0 1 0 0 0 3000 3 13 13 5
3 13 0 0 0 0 1 344 2 7 7 13
3 14 1 1 1 0 0 270 1 13 13 7
3 15 1 0 0 1 0 3000 1 7 7 13
3 16 0 0 0 0 1 385 2 7 7 7
3 17 1 1 1 0 0 1494 1 7 7 7
3 18 0 1 0 0 0 3000 2 2 2 7
3 19 0 1 0 0 0 3000 3 14 14 2
3 20 0 1 0 0 0 3000 3 1 1 14
3 21 0 1 0 0 0 3000 3 8 8 1
3 22 0 0 0 0 1 1750 3 7 7 8
3 23 0 1 0 0 0 3000 3 15 15 7
3 24 1 0 0 1 0 3000 1 7 7 15
3 25 1 1 1 0 0 389 1 15 15 7
3 26 1 0 0 1 0 3000 1 7 7 15
3 27 1 1 1 0 0 318 1 15 15 7
3 28 0 1 0 0 0 3000 2 14 14 15
3 29 1 0 0 1 0 3000 1 15 15 14
3 30 1 0 0 1 0 3000 1 14 14 15
