1 1 0 1 0 0 0 3000 2 12 12 0
1 2 0 1 0 0 0 3000 2 8 8 12
1 3 0 1 0 0 0 3000 2 4 4 8
1 4 1 0 0 1 0 3000 1 8 8 4
1 5 0 0 0 0 1 954 2 8 8 8
1 6 0 1 0 0 0 3000 2 6 6 8
1 7 0 0 0 0 1 1167 2 6 6 6
1 8 0 1 0 0 0 3000 3 3 3 6
1 9 0 1 0 0 0 3000 3 3 3 3
1 10 0 1 0 0 0 3000 2 2 2 3
1 11 0 0 0 0 1 678 3 8 8 2
1 12 1 1 1 0 0 739 1 2 2 8
1 13 0 1 0 0 0 3000 3 11 11 2
1 14 0 1 0 0 0 3000 3 15 15 11
1 15 1 1 1 0 0 601 1 11 11 15
1 16 1 1 1 0 0 1060 1 15 15 11
1 17 1 1 1 0 0 738 1 11 11 15
1 18 0 1 0 0 0 3000 3 9 9 11
1 19 0 1 0 0 0 3000 2 6 6 9
1 20 1 1 1 0 0 373 1 9 9 6
2 1 0 1 0 0 0 3000 3 1 1 9
2 2 0 1 0 0 0 3000 2 4 4 1
2 3 1 1 1 0 0 379 1 1 1 4
2 4 0 1 0 0 0 3000 3 9 9 1
2 5 0 1 0 0 0 3000 3 8 8 9
2 6 0 1 0 0 0 3000 2 13 13 8
2 7 0 1 0 0 0 3000 3 10 10 13
2 8 0 1 0 0 0 3000 3 7 7 10
2 9 1 1 1 0 0 531 1 10 10 7
2 10 0 1 0 0 0 3000 2 5 5 10
2 11 0 0 0 0 1 539 2 9 9 5
2 12 0 0 0 0 1 791 3 1 1 9
2 13 0 1 0 0 0 3000 3 12 12 1
2 14 0 0 0 0 1 610 2 7 7 12
2 15 0 1 0 0 0 3000 3 15 15 7
2 16 1 1 1 0 0 570 1 7 7 15
2 17 0 1 0 0 0 3000 2 5 5 7
2 18 0 1 0 0 0 3000 2 4 4 5
2 19 1 1 1 0 0 401 1 5 5 4
2 20 0 1 0 0 0 3000 3 6 6 5
2 21 0 0 0 0 1 534 2 9 9 6
2 22 0 0 0 0 1 685 3 10 10 9
2 23 0 0 0 0 1 597 3 7 7 10
2 24 1 1 1 0 0 593 1 10 10 7
2 25 0 1 0 0 0 3000 3 15 15 10
2 26 0 1 0 0 0 3000 3 9 9 15
2 27 0 1 0 0 0 3000 2 6 6 9
2 28 0 0 0 0 1 628 3 6 6 6
2 29 0 1 0 0 0 3000 2 14 14 6
2 30 0 1 0 0 0 3000 2 5 5 14
3 1 0 1 0 0 0 3000 2 6 6 5
3 2 0 1 0 0 0 3000 1 11 11 6
3 3 0 1 0 0 0 3000 2 4 4 11
3 4 0 1 0 0 0 3000 3 14 14 4
3 5 1 1 1 0 0 404 1 4 4 14
3 6 0 0 0 0 1 1060 2 11 11 4
3 7 1 1 1 0 0 607 1 4 4 11
3 8 1 1 1 0 0 586 1 11 11 4
3 9 0 1 0 0 0 3000 3 3 3 11
3 10 0 0 0 0 1 501 3 3 3 3
3 11 1 1 1 0 0 629 1 3 3 3
3 12 1 1 1 0 0 1139 1 3 3 3
3 13 1 1 1 0 0 465 1 3 3 3
3 14 0 1 0 0 0 3000 2 1 1 3
3 15 0 1 0 0 0 3000 2 15 15 1
3 16 0 1 0 0 0 3000 2 5 5 15
3 17 0 1 0 0 0 3000 3 14 14 5
3 18 0 1 0 0 0 3000 2 3 3 14
3 19 0 1 0 0 0 3000 2 11 11 3
3 20 0 0 0 0 1 537 3 5 5 11
3 21 0 1 0 0 0 3000 2 9 9 5
3 22 0 1 0 0 0 3000 2 8 8 9
3 23 0 0 0 0 1 734 3 11 11 8
3 24 0 0 0 0 1 860 2 11 11 11
3 25 0 1 0 0 0 3000 3 12 12 11
3 26 0 1 0 0 0 3000 3 15 15 12
3 27 1 1 1 0 0 445 1 12 12 15
3 28 0 1 0 0 0 3000 3 5 5 12
3 29 0 1 0 0 0 3000 3 3 3 5
3 30 0 1 0 0 0 3000 2 1 1 3
