1 1 0 0 0 0 1 2833 3 15 15 0
1 2 0 0 0 0 1 955 2 2 2 15
1 3 0 0 0 0 1 602 2 5 5 2
1 4 0 0 0 0 1 601 2 7 7 5
1 5 0 0 0 0 1 2203 2 6 6 7
1 6 0 0 0 0 1 801 3 8 8 6
1 7 0 0 0 0 1 1409 3 7 7 8
1 8 0 1 0 0 0 3000 3 9 9 7
1 9 0 0 0 0 1 1713 3 14 14 9
1 10 0 0 0 0 1 2108 3 6 6 14
1 11 0 0 0 0 1 2389 2 2 2 6
1 12 0 0 0 0 1 903 3 8 8 2
1 13 0 0 0 0 1 416 3 8 8 8
1 14 1 1 1 0 0 1110 1 8 8 8
1 15 1 1 1 0 0 633 1 8 8 8
1 16 1 1 1 0 0 581 1 8 8 8
1 17 0 1 0 0 0 3000 2 4 4 8
1 18 0 0 0 0 1 829 2 1 1 4
1 19 0 0 0 0 1 651 2 14 14 1
1 20 0 0 0 0 1 592 3 10 10 14
2 1 0 1 0 0 0 3000 3 15 15 10
2 2 0 1 0 0 0 3000 1 6 6 15
2 3 0 1 0 0 0 3000 3 9 9 6
2 4 0 1 0 0 0 3000 3 14 14 9
2 5 1 1 1 0 0 500 1 9 9 14
2 6 0 1 0 0 0 3000 3 7 7 9
2 7 0 1 0 0 0 3000 2 12 12 7
2 8 1 1 1 0 0 468 1 7 7 12
2 9 0 0 0 0 1 739 2 9 9 7
2 10 0 1 0 0 0 3000 2 3 3 9
2 11 0 0 0 0 1 536 3 5 5 3
2 12 0 0 0 0 1 807 2 6 6 5
2 13 0 0 0 0 1 569 3 9 9 6
2 14 1 1 1 0 0 746 1 6 6 9
2 15 0 0 0 0 1 616 3 4 4 6
2 16 1 1 1 0 0 675 1 6 6 4
2 17 0 1 0 0 0 3000 3 11 11 6
2 18 0 0 0 0 1 599 3 10 10 11
2 19 0 0 0 0 1 432 3 4 4 10
2 20 0 0 0 0 1 678 3 12 12 4
2 21 0 0 0 0 1 843 3 9 9 12
2 22 0 0 0 0 1 1624 2 14 14 9
2 23 0 0 0 0 1 2324 3 10 10 14
2 24 0 0 0 0 1 1334 2 5 5 10
2 25 0 0 0 0 1 673 2 8 8 5
2 26 0 0 0 0 1 482 3 2 2 8
2 27 0 0 0 0 1 817 3 2 2 2
2 28 0 1 0 0 0 3000 3 5 5 2
2 29 1 1 1 0 0 382 1 2 2 5
2 30 1 0 0 1 0 3000 1 5 5 2
3 1 0 1 0 0 0 3000 3 11 11 5
3 2 0 0 0 0 1 1126 3 10 10 11
3 3 0 1 0 0 0 3000 3 1 1 10
3 4 0 0 0 0 1 591 3 8 8 1
3 5 0 1 0 0 0 3000 2 4 4 8
3 6 1 1 1 0 0 431 1 8 8 4
3 7 0 0 0 0 1 615 3 7 7 8
3 8 0 0 0 0 1 574 2 7 7 7
3 9 0 0 0 0 1 996 2 13 13 7
3 10 1 1 1 0 0 487 1 7 7 13
3 11 1 1 1 0 0 2301 1 13 13 7
3 12 1 1 1 0 0 1022 1 7 7 13
3 13 1 1 1 0 0 989 1 13 13 7
3 14 0 0 0 0 1 590 2 2 2 13
3 15 1 1 1 0 0 2284 1 13 13 2
3 16 1 1 1 0 0 2316 1 2 2 13
3 17 0 0 0 0 1 1702 3 6 6 2
3 18 0 0 0 0 1 679 3 15 15 6
3 19 1 1 1 0 0 404 1 6 6 15
3 20 0 1 0 0 0 3000 3 14 14 6
3 21 0 0 0 0 1 913 3 9 9 14
3 22 0 0 0 0 1 2645 2 9 9 9
3 23 1 0 0 1 0 3000 1 9 9 9
3 24 1 0 0 1 0 3000 1 9 9 9
3 25 0 0 0 0 1 508 3 5 5 9
3 26 1 1 1 0 0 994 1 9 9 5
3 27 0 0 0 0 1 712 3 12 12 9
3 28 0 0 0 0 1 666 2 14 14 12
3 29 0 0 0 0 1 769 2 4 4 14
3 30 1 1 1 0 0 653 1 14 14 4
