1 1 0 1 0 0 0 3000 1 6 6 0
1 2 0 1 0 0 0 3000 2 12 12 6
1 3 1 0 0 1 0 3000 1 6 6 12
1 4 1 0 0 1 0 3000 1 12 12 6
1 5 1 0 0 1 0 3000 1 6 6 12
1 6 1 0 0 1 0 3000 1 12 12 6
1 7 0 1 0 0 0 3000 2 11 11 12
1 8 1 0 0 1 0 3000 1 12 12 11
1 9 0 1 0 0 0 3000 2 7 7 12
1 10 1 0 0 1 0 3000 1 12 12 7
1 11 0 1 0 0 0 3000 2 4 4 12
1 12 0 1 0 0 0 3000 3 4 4 4
1 13 0 1 0 0 0 3000 2 9 9 4
1 14 1 0 0 1 0 3000 1 4 4 9
1 15 0 1 0 0 0 3000 3 8 8 4
1 16 1 0 0 1 0 3000 1 4 4 8
1 17 0 1 0 0 0 3000 3 6 6 4
1 18 0 1 0 0 0 3000 2 12 12 6
1 19 1 0 0 1 0 3000 1 6 6 12
1 20 0 1 0 0 0 3000 3 2 2 6
2 1 0 1 0 0 0 3000 1 15 15 2
2 2 0 1 0 0 0 3000 2 11 11 15
2 3 0 1 0 0 0 3000 2 3 3 11
2 4 0 1 0 0 0 3000 2 2 2 3
2 5 0 1 0 0 0 3000 3 15 15 2
2 6 0 1 0 0 0 3000 2 8 8 15
2 7 1 0 0 1 0 3000 1 15 15 8
2 8 0 1 0 0 0 3000 3 6 6 15
2 9 0 1 0 0 0 3000 3 7 7 6
2 10 1 0 0 1 0 3000 1 6 6 7
2 11 1 0 0 1 0 3000 1 7 7 6
2 12 0 1 0 0 0 3000 3 11 11 7
2 13 0 1 0 0 0 3000 2 1 1 11
2 14 1 0 0 1 0 3000 1 11 11 1
2 15 0 1 0 0 0 3000 3 15 15 11
2 16 0 1 0 0 0 3000 2 6 6 15
2 17 0 1 0 0 0 3000 3 1 1 6
2 18 0 1 0 0 0 3000 2 10 10 1
2 19 1 0 0 1 0 3000 1 1 1 10
2 20 0 1 0 0 0 3000 2 15 15 1
2 21 1 0 0 1 0 3000 1 1 1 15
2 22 1 0 0 1 0 3000 1 15 15 1
2 23 0 1 0 0 0 3000 3 3 3 15
2 24 1 0 0 1 0 3000 1 15 15 3
2 25 0 1 0 0 0 3000 3 12 12 15
2 26 0 1 0 0 0 3000 3 13 13 12
2 27 0 1 0 0 0 3000 2 5 5 13
2 28 0 1 0 0 0 3000 2 1 1 5
2 29 0 1 0 0 0 3000 3 2 2 1
2 30 1 0 0 1 0 3000 1 1 1 2
3 1 0 1 0 0 0 3000 2 3 3 1
3 2 0 1 0 0 0 3000 3 12 12 3
3 3 1 0 0 1 0 3000 1 3 3 12
3 4 0 1 0 0 0 3000 3 15 15 3
3 5 0 1 0 0 0 3000 2 10 10 15
3 6 1 0 0 1 0 3000 1 15 15 10
3 7 0 1 0 0 0 3000 3 6 6 15
3 8 1 0 0 1 0 3000 1 15 15 6
3 9 0 1 0 0 0 3000 2 3 3 15
3 10 1 0 0 1 0 3000 1 15 15 3
3 11 0 1 0 0 0 3000 3 14 14 15
3 12 0 1 0 0 0 3000 2 1 1 14
3 13 0 1 0 0 0 3000 3 6 6 1
3 14 0 1 0 0 0 3000 2 6 6 6
3 15 0 1 0 0 0 3000 3 9 9 6
3 16 0 1 0 0 0 3000 3 15 15 9
3 17 0 1 0 0 0 3000 2 1 1 15
3 18 1 0 0 1 0 3000 1 15 15 1
3 19 0 1 0 0 0 3000 2 8 8 15
3 20 0 1 0 0 0 3000 2 4 4 8
3 21 1 0 0 1 0 3000 1 8 8 4
3 22 1 0 0 1 0 3000 1 4 4 8
3 23 0 1 0 0 0 3000 3 1 1 4
3 24 0 1 0 0 0 3000 3 15 15 1
3 25 0 1 0 0 0 3000 3 2 2 15
3 26 0 1 0 0 0 3000 2 13 13 2
3 27 0 1 0 0 0 3000 2 4 4 13
3 28 1 0 0 1 0 3000 1 13 13 4
3 29 0 1 0 0 0 3000 2 8 8 13
3 30 1 0 0 1 0 3000 1 13 13 8
