1 1 0 1 0 0 0 3000 3 3 3 0
1 2 0 0 0 0 1 357 1 14 14 3
1 3 1 0 0 1 0 3000 1 3 3 14
1 4 0 0 0 0 1 1228 2 2 2 3
1 5 0 0 0 0 1 369 3 7 7 2
1 6 0 0 0 0 1 476 3 12 12 7
1 7 0 0 0 0 1 533 2 15 15 12
1 8 0 1 0 0 0 3000 3 9 9 15
1 9 0 1 0 0 0 3000 2 14 14 9
1 10 0 0 0 0 1 1340 2 2 2 14
1 11 0 1 0 0 0 3000 2 1 1 2
1 12 0 1 0 0 0 3000 3 15 15 1
1 13 0 0 0 0 1 725 3 13 13 15
1 14 1 1 1 0 0 1436 1 15 15 13
1 15 0 1 0 0 0 3000 2 4 4 15
1 16 0 1 0 0 0 3000 2 7 7 4
1 17 1 1 1 0 0 497 1 4 4 7
1 18 0 1 0 0 0 3000 3 8 8 4
1 19 0 1 0 0 0 3000 3 3 3 8
1 20 1 1 1 0 0 326 1 8 8 3
2 1 0 1 0 0 0 3000 1 7 7 8
2 2 0 1 0 0 0 3000 1 6 6 7
2 3 0 1 0 0 0 3000 2 4 4 6
2 4 0 1 0 0 0 3000 3 15 15 4
2 5 1 1 1 0 0 1128 1 4 4 15
2 6 0 1 0 0 0 3000 3 4 4 4
2 7 1 0 0 1 0 3000 1 4 4 4
2 8 0 0 0 0 1 512 3 11 11 4
2 9 0 1 0 0 0 3000 2 13 13 11
2 10 1 0 0 1 0 3000 1 11 11 13
2 11 1 1 1 0 0 468 1 13 13 11
2 12 0 1 0 0 0 3000 3 3 3 13
2 13 0 1 0 0 0 3000 2 3 3 3
2 14 1 1 1 0 0 637 1 3 3 3
2 15 0 1 0 0 0 3000 2 2 2 3
2 16 0 1 0 0 0 3000 3 12 12 2
2 17 1 1 1 0 0 329 1 2 2 12
2 18 0 1 0 0 0 3000 2 6 6 2
2 19 1 0 0 1 0 3000 1 2 2 6
2 20 1 1 1 0 0 317 1 6 6 2
2 21 0 1 0 0 0 3000 2 11 11 6
2 22 1 0 0 1 0 3000 1 6 6 11
2 23 0 1 0 0 0 3000 2 5 5 6
2 24 1 1 1 0 0 448 1 6 6 5
2 25 1 0 0 1 0 3000 1 5 5 6
2 26 1 0 0 1 0 3000 1 6 6 5
2 27 1 1 1 0 0 316 1 5 5 6
2 28 0 1 0 0 0 3000 2 8 8 5
2 29 0 1 0 0 0 3000 3 6 6 8
2 30 0 0 0 0 1 677 2 6 6 6
3 1 0 1 0 0 0 3000 1 15 15 6
3 2 0 1 0 0 0 3000 2 10 10 15
3 3 1 1 1 0 0 326 1 15 15 10
3 4 0 1 0 0 0 3000 3 1 1 15
3 5 1 0 0 1 0 3000 1 15 15 1
3 6 0 1 0 0 0 3000 2 2 2 15
3 7 1 1 1 0 0 518 1 15 15 2
3 8 1 0 0 1 0 3000 1 2 2 15
3 9 0 1 0 0 0 3000 2 10 10 2
3 10 1 1 1 0 0 434 1 2 2 10
3 11 0 1 0 0 0 3000 3 2 2 2
3 12 1 0 0 1 0 3000 1 2 2 2
3 13 1 0 0 1 0 3000 1 2 2 2
3 14 0 0 0 0 1 1911 2 14 14 2
3 15 1 0 0 1 0 3000 1 2 2 14
3 16 1 0 0 1 0 3000 1 14 14 2
3 17 0 1 0 0 0 3000 2 9 9 14
3 18 0 1 0 0 0 3000 3 5 5 9
3 19 0 1 0 0 0 3000 3 13 13 5
3 20 0 1 0 0 0 3000 2 11 11 13
3 21 1 1 1 0 0 357 1 13 13 11
3 22 0 1 0 0 0 3000 2 10 10 13
3 23 0 1 0 0 0 3000 3 6 6 10
3 24 1 1 1 0 0 300 1 10 10 6
3 25 0 1 0 0 0 3000 2 5 5 10
3 26 1 0 0 1 0 3000 1 10 10 5
3 27 0 0 0 0 1 1542 3 6 6 10
3 28 1 1 1 0 0 1268 1 10 10 6
3 29 1 0 0 1 0 3000 1 6 6 10
3 30 1 0 0 1 0 3000 1 10 10 6
