1 1 0 1 0 0 0 3000 3 1 1 0
1 2 0 0 0 0 1 426 2 14 14 1
1 3 1 1 1 0 0 702 1 1 1 14
1 4 1 0 0 1 0 3000 1 14 14 1
1 5 1 1 1 0 0 1127 1 1 1 14
1 6 1 0 0 1 0 3000 1 14 14 1
1 7 0 1 0 0 0 3000 3 6 6 14
1 8 0 1 0 0 0 3000 2 8 8 6
1 9 1 1 1 0 0 1038 1 6 6 8
1 10 0 0 0 0 1 493 2 2 2 6
1 11 0 0 0 0 1 1367 3 13 13 2
1 12 1 1 1 0 0 24 1 2 2 13
1 13 0 1 0 0 0 3000 3 5 5 2
1 14 1 0 0 1 0 3000 1 2 2 5
1 15 1 0 0 1 0 3000 1 5 5 2
1 16 0 1 0 0 0 3000 3 4 4 5
1 17 0 1 0 0 0 3000 3 6 6 4
1 18 0 1 0 0 0 3000 2 8 8 6
1 19 0 1 0 0 0 3000 2 8 8 8
1 20 1 0 0 1 0 3000 1 8 8 8
2 1 0 0 0 0 1 2026 1 13 13 8
2 2 0 0 0 0 1 145 1 10 10 13
2 3 1 1 1 0 0 254 1 13 13 10
2 4 0 0 0 0 1 304 3 1 1 13
2 5 0 1 0 0 0 3000 3 6 6 1
2 6 0 0 0 0 1 1478 2 10 10 6
2 7 0 1 0 0 0 3000 2 8 8 10
2 8 0 1 0 0 0 3000 3 9 9 8
2 9 0 1 0 0 0 3000 3 2 2 9
2 10 1 0 0 1 0 3000 1 9 9 2
2 11 0 1 0 0 0 3000 2 1 1 9
2 12 0 1 0 0 0 3000 3 15 15 1
2 13 1 0 0 1 0 3000 1 1 1 15
2 14 0 1 0 0 0 3000 2 1 1 1
2 15 0 1 0 0 0 3000 3 15 15 1
2 16 0 1 0 0 0 3000 3 3 3 15
2 17 0 0 0 0 1 1176 3 10 10 3
2 18 0 1 0 0 0 3000 3 5 5 10
2 19 1 1 1 0 0 1201 1 10 10 5
2 20 0 1 0 0 0 3000 2 14 14 10
2 21 1 1 1 0 0 1138 1 10 10 14
2 22 1 0 0 1 0 3000 1 14 14 10
2 23 0 1 0 0 0 3000 3 4 4 14
2 24 0 1 0 0 0 3000 2 1 1 4
2 25 0 0 0 0 1 216 3 14 14 1
2 26 1 0 0 1 0 3000 1 1 1 14
2 27 1 1 1 0 0 381 1 14 14 1
2 28 1 1 1 0 0 320 1 1 1 14
2 29 0 0 0 0 1 160 2 1 1 1
2 30 1 0 0 1 0 3000 1 1 1 1
3 1 0 1 0 0 0 3000 3 5 5 1
3 2 0 0 0 0 1 964 3 10 10 5
3 3 0 1 0 0 0 3000 2 4 4 10
3 4 0 1 0 0 0 3000 3 6 6 4
3 5 1 0 0 1 0 3000 1 4 4 6
3 6 1 0 0 1 0 3000 1 6 6 4
3 7 0 1 0 0 0 3000 3 8 8 6
3 8 0 1 0 0 0 3000 2 15 15 8
3 9 0 1 0 0 0 3000 2 12 12 15
3 10 1 0 0 1 0 3000 1 15 15 12
3 11 0 1 0 0 0 3000 2 4 4 15
3 12 1 0 0 1 0 3000 1 15 15 4
3 13 1 0 0 1 0 3000 1 4 4 15
3 14 1 0 0 1 0 3000 1 15 15 4
3 15 1 0 0 1 0 3000 1 4 4 15
3 16 1 0 0 1 0 3000 1 15 15 4
3 17 0 1 0 0 0 3000 3 7 7 15
3 18 1 0 0 1 0 3000 1 15 15 7
3 19 0 1 0 0 0 3000 3 6 6 15
3 20 1 0 0 1 0 3000 1 15 15 6
3 21 0 1 0 0 0 3000 2 15 15 15
3 22 1 0 0 1 0 3000 1 15 15 15
3 23 1 0 0 1 0 3000 1 15 15 15
3 24 0 1 0 0 0 3000 2 2 2 15
3 25 0 1 0 0 0 3000 3 3 3 2
3 26 0 1 0 0 0 3000 3 11 11 3
3 27 0 1 0 0 0 3000 3 8 8 11
3 28 1 0 0 1 0 3000 1 11 11 8
3 29 0 1 0 0 0 3000 3 2 2 11
3 30 1 0 0 1 0 3000 1 11 11 2
