1 1 0 1 0 0 0 3000 1 1 1 0
1 2 0 1 0 0 0 3000 1 2 2 1
1 3 0 1 0 0 0 3000 2 10 10 2
1 4 0 1 0 0 0 3000 3 10 10 10
1 5 0 1 0 0 0 3000 3 8 8 10
1 6 1 1 1 0 0 539 1 10 10 8
1 7 1 0 0 1 0 3000 1 8 8 10
1 8 0 1 0 0 0 3000 3 8 8 8
1 9 1 1 1 0 0 645 1 8 8 8
1 10 1 1 1 0 0 472 1 8 8 8
1 11 1 1 1 0 0 600 1 8 8 8
1 12 0 1 0 0 0 3000 3 2 2 8
1 13 0 1 0 0 0 3000 2 9 9 2
1 14 0 1 0 0 0 3000 2 13 13 9
1 15 0 1 0 0 0 3000 2 7 7 13
1 16 0 1 0 0 0 3000 3 1 1 7
1 17 0 1 0 0 0 3000 2 15 15 1
1 18 0 1 0 0 0 3000 2 11 11 15
1 19 0 1 0 0 0 3000 3 6 6 11
1 20 0 0 0 0 1 958 2 15 15 6
2 1 0 1 0 0 0 3000 2 13 13 15
2 2 0 1 0 0 0 3000 3 11 11 13
2 3 0 1 0 0 0 3000 3 4 4 11
2 4 0 0 0 0 1 976 2 4 4 4
2 5 1 1 1 0 0 433 1 4 4 4
2 6 0 1 0 0 0 3000 2 15 15 4
2 7 0 1 0 0 0 3000 2 10 10 15
2 8 1 1 1 0 0 557 1 15 15 10
2 9 0 1 0 0 0 3000 2 11 11 15
2 10 0 0 0 0 1 782 3 10 10 11
2 11 0 1 0 0 0 3000 3 14 14 10
2 12 0 0 0 0 1 426 3 14 14 14
2 13 1 1 1 0 0 426 1 14 14 14
2 14 0 1 0 0 0 3000 3 4 4 14
2 15 1 1 1 0 0 622 1 14 14 4
2 16 0 1 0 0 0 3000 3 1 1 14
2 17 1 1 1 0 0 482 1 14 14 1
2 18 1 1 1 0 0 678 1 1 1 14
2 19 1 1 1 0 0 532 1 14 14 1
2 20 1 1 1 0 0 629 1 1 1 14
2 21 0 1 0 0 0 3000 2 15 15 1
2 22 0 1 0 0 0 3000 2 7 7 15
2 23 0 1 0 0 0 3000 3 4 4 7
2 24 1 1 1 0 0 547 1 7 7 4
2 25 1 1 1 0 0 524 1 4 4 7
2 26 0 0 0 0 1 505 2 4 4 4
2 27 1 1 1 0 0 424 1 4 4 4
2 28 1 1 1 0 0 481 1 4 4 4
2 29 1 1 1 0 0 356 1 4 4 4
2 30 0 1 0 0 0 3000 3 2 2 4
3 1 0 1 0 0 0 3000 3 6 6 2
3 2 0 1 0 0 0 3000 2 8 8 6
3 3 0 1 0 0 0 3000 2 1 1 8
3 4 0 1 0 0 0 3000 2 15 15 1
3 5 1 1 1 0 0 798 1 1 1 15
3 6 0 1 0 0 0 3000 2 1 1 1
3 7 0 1 0 0 0 3000 2 9 9 1
3 8 1 0 0 1 0 3000 1 1 1 9
3 9 1 1 1 0 0 319 1 9 9 1
3 10 1 1 1 0 0 426 1 1 1 9
3 11 0 1 0 0 0 3000 3 10 10 1
3 12 1 1 1 0 0 381 1 1 1 10
3 13 0 1 0 0 0 3000 2 9 9 1
3 14 0 1 0 0 0 3000 2 6 6 9
3 15 1 1 1 0 0 544 1 9 9 6
3 16 1 1 1 0 0 448 1 6 6 9
3 17 0 0 0 0 1 454 2 10 10 6
3 18 0 1 0 0 0 3000 3 15 15 10
3 19 0 1 0 0 0 3000 2 3 3 15
3 20 0 1 0 0 0 3000 3 13 13 3
3 21 1 1 1 0 0 451 1 3 3 13
3 22 0 1 0 0 0 3000 2 8 8 3
3 23 0 1 0 0 0 3000 2 10 10 8
3 24 1 1 1 0 0 879 1 8 8 10
3 25 1 1 1 0 0 515 1 10 10 8
3 26 0 1 0 0 0 3000 3 4 4 10
3 27 1 1 1 0 0 577 1 10 10 4
3 28 1 1 1 0 0 486 1 4 4 10
3 29 0 1 0 0 0 3000 3 6 6 4
3 30 1 1 1 0 0 464 1 4 4 6
