1 1 0 1 0 0 0 3000 2 4 4 0
1 2 0 1 0 0 0 3000 2 7 7 4
1 3 1 0 0 1 0 3000 1 4 4 7
1 4 1 1 1 0 0 966 1 7 7 4
1 5 1 1 1 0 0 811 1 4 4 7
1 6 1 1 1 0 0 730 1 7 7 4
1 7 0 1 0 0 0 3000 3 12 12 7
1 8 0 1 0 0 0 3000 3 11 11 12
1 9 1 1 1 0 0 730 1 12 12 11
1 10 0 1 0 0 0 3000 3 15 15 12
1 11 0 0 0 0 1 895 2 14 14 15
1 12 1 1 1 0 0 926 1 15 15 14
1 13 1 1 1 0 0 806 1 14 14 15
1 14 1 1 1 0 0 631 1 15 15 14
1 15 1 1 1 0 0 637 1 14 14 15
1 16 0 1 0 0 0 3000 3 5 5 14
1 17 1 1 1 0 0 534 1 14 14 5
1 18 0 0 0 0 1 713 2 13 13 14
1 19 0 1 0 0 0 3000 3 2 2 13
1 20 0 1 0 0 0 3000 2 11 11 2
2 1 0 1 0 0 0 3000 3 15 15 11
2 2 0 1 0 0 0 3000 1 12 12 15
2 3 0 1 0 0 0 3000 2 8 8 12
2 4 0 0 0 0 1 837 2 14 14 8
2 5 0 1 0 0 0 3000 3 1 1 14
2 6 0 0 0 0 1 541 2 13 13 1
2 7 0 0 0 0 1 833 3 2 2 13
2 8 1 0 0 1 0 3000 1 13 13 2
2 9 0 1 0 0 0 3000 3 10 10 13
2 10 0 1 0 0 0 3000 2 8 8 10
2 11 1 1 1 0 0 555 1 10 10 8
2 12 1 0 0 1 0 3000 1 8 8 10
2 13 0 1 0 0 0 3000 2 7 7 8
2 14 0 0 0 0 1 647 3 6 6 7
2 15 0 0 0 0 1 552 3 13 13 6
2 16 0 1 0 0 0 3000 2 3 3 13
2 17 0 1 0 0 0 3000 3 1 1 3
2 18 0 0 0 0 1 534 3 1 1 1
2 19 0 1 0 0 0 3000 3 8 8 1
2 20 1 1 1 0 0 727 1 1 1 8
2 21 0 1 0 0 0 3000 3 9 9 1
2 22 0 0 0 0 1 687 2 9 9 9
2 23 0 1 0 0 0 3000 3 3 3 9
2 24 0 0 0 0 1 480 2 10 10 3
2 25 1 0 0 1 0 3000 1 3 3 10
2 26 0 1 0 0 0 3000 2 2 2 3
2 27 0 1 0 0 0 3000 2 12 12 2
2 28 1 0 0 1 0 3000 1 2 2 12
2 29 0 1 0 0 0 3000 2 9 9 2
2 30 0 1 0 0 0 3000 2 6 6 9
3 1 0 1 0 0 0 3000 1 15 15 6
3 2 0 1 0 0 0 3000 3 3 3 15
3 3 0 1 0 0 0 3000 2 7 7 3
3 4 0 1 0 0 0 3000 3 8 8 7
3 5 0 0 0 0 1 594 3 15 15 8
3 6 1 0 0 1 0 3000 1 8 8 15
3 7 0 1 0 0 0 3000 2 12 12 8
3 8 0 1 0 0 0 3000 3 10 10 12
3 9 0 0 0 0 1 490 3 8 8 10
3 10 0 1 0 0 0 3000 3 5 5 8
3 11 0 1 0 0 0 3000 3 13 13 5
3 12 1 1 1 0 0 452 1 5 5 13
3 13 0 1 0 0 0 3000 3 10 10 5
3 14 1 1 1 0 0 386 1 5 5 10
3 15 1 0 0 1 0 3000 1 10 10 5
3 16 0 1 0 0 0 3000 2 2 2 10
3 17 1 1 1 0 0 377 1 10 10 2
3 18 0 1 0 0 0 3000 2 8 8 10
3 19 1 0 0 1 0 3000 1 10 10 8
3 20 1 1 1 0 0 732 1 8 8 10
3 21 1 0 0 1 0 3000 1 10 10 8
3 22 0 1 0 0 0 3000 2 13 13 10
3 23 1 1 1 0 0 635 1 10 10 13
3 24 0 1 0 0 0 3000 2 5 5 10
3 25 0 1 0 0 0 3000 2 6 6 5
3 26 0 1 0 0 0 3000 3 7 7 6
3 27 1 1 1 0 0 822 1 6 6 7
3 28 1 0 0 1 0 3000 1 7 7 6
3 29 1 1 1 0 0 435 1 6 6 7
3 30 0 1 0 0 0 3000 3 8 8 6
