1 1 0 1 0 0 0 3000 2 8 8 0
1 2 0 0 0 0 1 1396 3 6 6 8
1 3 1 1 1 0 0 823 1 8 8 6
1 4 0 0 0 0 1 2135 2 11 11 8
1 5 0 1 0 0 0 3000 3 2 2 11
1 6 1 1 1 0 0 748 1 11 11 2
1 7 0 0 0 0 1 908 3 9 9 11
1 8 1 1 1 0 0 2847 1 11 11 9
1 9 1 0 0 1 0 3000 1 9 9 11
1 10 0 1 0 0 0 3000 2 2 2 9
1 11 0 0 0 0 1 2011 2 2 2 2
1 12 0 1 0 0 0 3000 3 11 11 2
1 13 0 0 0 0 1 1031 2 10 10 11
1 14 0 0 0 0 1 146 3 8 8 10
1 15 0 0 0 0 1 253 3 4 4 8
1 16 0 0 0 0 1 7 3 9 9 4
1 17 1 1 1 0 0 320 1 4 4 9
1 18 0 0 0 0 1 108 3 7 7 4
1 19 1 1 1 0 0 155 1 4 4 7
1 20 0 0 0 0 1 273 2 6 6 4
2 1 0 0 0 0 1 1109 1 13 13 6
2 2 0 0 0 0 1 672 3 13 13 13
2 3 1 1 1 0 0 119 1 13 13 13
2 4 0 0 0 0 1 23 2 9 9 13
2 5 1 1 1 0 0 1009 1 13 13 9
2 6 1 1 1 0 0 362 1 9 9 13
2 7 0 0 0 0 1 179 3 15 15 9
2 8 0 0 0 0 1 288 2 10 10 15
2 9 0 0 0 0 1 32 3 3 3 10
2 10 1 1 1 0 0 116 1 10 10 3
2 11 1 1 1 0 0 190 1 3 3 10
2 12 1 1 1 0 0 149 1 10 10 3
2 13 0 0 0 0 1 32 2 13 13 10
2 14 0 0 0 0 1 127 3 8 8 13
2 15 0 0 0 0 1 85 2 4 4 8
2 16 1 1 1 0 0 127 1 8 8 4
2 17 0 0 0 0 1 95 3 14 14 8
2 18 1 1 1 0 0 279 1 8 8 14
2 19 0 0 0 0 1 586 3 1 1 8
2 20 0 0 0 0 1 279 3 1 1 1
2 21 0 0 0 0 1 323 2 14 14 1
2 22 1 1 1 0 0 140 1 1 1 14
2 23 0 0 0 0 1 102 3 5 5 1
2 24 0 0 0 0 1 135 2 2 2 5
2 25 0 0 0 0 1 169 2 10 10 2
2 26 0 0 0 0 1 287 2 8 8 10
2 27 1 1 1 0 0 7 1 10 10 8
2 28 1 1 1 0 0 8 1 8 8 10
2 29 0 1 0 0 0 3000 3 14 14 8
2 30 0 1 0 0 0 3000 3 6 6 14
3 1 0 0 0 0 1 1141 3 6 6 6
3 2 0 0 0 0 1 453 1 2 2 6
3 3 1 1 1 0 0 486 1 6 6 2
3 4 1 1 1 0 0 196 1 2 2 6
3 5 1 1 1 0 0 45 1 6 6 2
3 6 0 0 0 0 1 325 3 14 14 6
3 7 1 1 1 0 0 9 1 6 6 14
3 8 1 1 1 0 0 262 1 14 14 6
3 9 0 0 0 0 1 70 3 2 2 14
3 10 1 1 1 0 0 223 1 14 14 2
3 11 0 0 0 0 1 128 3 1 1 14
3 12 0 0 0 0 1 92 3 5 5 1
3 13 0 0 0 0 1 166 2 13 13 5
3 14 0 0 0 0 1 124 2 12 12 13
3 15 1 1 1 0 0 16 1 13 13 12
3 16 1 1 1 0 0 291 1 12 12 13
3 17 0 0 0 0 1 282 3 1 1 12
3 18 1 1 1 0 0 107 1 12 12 1
3 19 0 0 0 0 1 131 2 13 13 12
3 20 1 1 1 0 0 289 1 12 12 13
3 21 0 0 0 0 1 404 3 5 5 12
3 22 1 1 1 0 0 632 1 12 12 5
3 23 1 1 1 0 0 11 1 5 5 12
3 24 0 0 0 0 1 50 3 13 13 5
3 25 0 0 0 0 1 2 3 12 12 13
3 26 1 1 1 0 0 1298 1 13 13 12
3 27 0 0 0 0 1 207 3 11 11 13
3 28 0 0 0 0 1 124 3 4 4 11
3 29 0 0 0 0 1 7 2 8 8 4
3 30 1 1 1 0 0 325 1 4 4 8
