1 1 0 0 0 0 1 1548 1 5 5 0
1 2 0 0 0 0 1 59 3 4 4 5
1 3 0 0 0 0 1 243 2 3 3 4
1 4 0 0 0 0 1 110 3 7 7 3
1 5 1 1 1 0 0 25 1 3 3 7
1 6 0 0 0 0 1 214 2 1 1 3
1 7 0 0 0 0 1 132 3 14 14 1
1 8 0 0 0 0 1 168 2 8 8 14
1 9 0 0 0 0 1 102 3 1 1 8
1 10 0 0 0 0 1 109 3 14 14 1
1 11 0 0 0 0 1 113 3 2 2 14
1 12 0 0 0 0 1 202 2 15 15 2
1 13 0 0 0 0 1 124 2 15 15 15
1 14 1 1 1 0 0 163 1 15 15 15
1 15 0 0 0 0 1 177 3 10 10 15
1 16 0 0 0 0 1 349 2 7 7 10
1 17 1 1 1 0 0 204 1 10 10 7
1 18 0 0 0 0 1 272 2 8 8 10
1 19 0 0 0 0 1 163 2 6 6 8
1 20 0 0 0 0 1 38 3 14 14 6
2 1 0 0 0 0 1 1319 2 3 3 14
2 2 0 0 0 0 1 160 1 3 3 3
2 3 0 0 0 0 1 116 2 1 1 3
2 4 0 0 0 0 1 388 2 12 12 1
2 5 1 1 1 0 0 116 1 1 1 12
2 6 0 0 0 0 1 357 2 15 15 1
2 7 0 0 0 0 1 218 3 11 11 15
2 8 1 1 1 0 0 97 1 15 15 11
2 9 0 0 0 0 1 24 2 5 5 15
2 10 0 0 0 0 1 242 3 4 4 5
2 11 1 1 1 0 0 67 1 5 5 4
2 12 0 0 0 0 1 229 2 5 5 5
2 13 0 0 0 0 1 43 2 8 8 5
2 14 0 0 0 0 1 96 2 4 4 8
2 15 0 0 0 0 1 257 3 10 10 4
2 16 1 1 1 0 0 118 1 4 4 10
2 17 0 0 0 0 1 82 2 15 15 4
2 18 0 0 0 0 1 137 3 1 1 15
2 19 1 1 1 0 0 2657 1 15 15 1
2 20 0 0 0 0 1 4 3 7 7 15
2 21 1 1 1 0 0 10 1 15 15 7
2 22 1 1 1 0 0 6 1 7 7 15
2 23 0 0 0 0 1 137 3 12 12 7
2 24 0 0 0 0 1 28 2 14 14 12
2 25 0 0 0 0 1 143 3 7 7 14
2 26 1 1 1 0 0 7 1 14 14 7
2 27 1 1 1 0 0 127 1 7 7 14
2 28 0 0 0 0 1 39 2 15 15 7
2 29 1 1 1 0 0 22 1 7 7 15
2 30 0 0 0 0 1 2154 2 5 5 7
3 1 0 0 0 0 1 289 3 10 10 5
3 2 0 0 0 0 1 65 2 13 13 10
3 3 1 1 1 0 0 96 1 10 10 13
3 4 1 1 1 0 0 210 1 13 13 10
3 5 0 0 0 0 1 212 2 7 7 13
3 6 1 1 1 0 0 180 1 13 13 7
3 7 0 0 0 0 1 116 2 12 12 13
3 8 0 0 0 0 1 215 3 14 14 12
3 9 1 1 1 0 0 85 1 12 12 14
3 10 1 1 1 0 0 256 1 14 14 12
3 11 1 1 1 0 0 75 1 12 12 14
3 12 1 1 1 0 0 118 1 14 14 12
3 13 1 1 1 0 0 15 1 12 12 14
3 14 1 1 1 0 0 206 1 14 14 12
3 15 1 1 1 0 0 57 1 12 12 14
3 16 0 0 0 0 1 189 2 6 6 12
3 17 0 0 0 0 1 194 3 4 4 6
3 18 1 1 1 0 0 165 1 6 6 4
3 19 0 0 0 0 1 53 2 10 10 6
3 20 1 1 1 0 0 200 1 6 6 10
3 21 1 1 1 0 0 62 1 10 10 6
3 22 0 0 0 0 1 163 2 11 11 10
3 23 0 0 0 0 1 249 2 3 3 11
3 24 0 0 0 0 1 202 3 1 1 3
3 25 0 0 0 0 1 60 3 1 1 1
3 26 0 0 0 0 1 157 3 12 12 1
3 27 1 1 1 0 0 136 1 1 1 12
3 28 0 0 0 0 1 88 3 2 2 1
3 29 1 1 1 0 0 131 1 1 1 2
3 30 0 0 0 0 1 237 2 1 1 1
