1 1 0 1 0 0 0 3000 2 7 7 0
1 2 0 1 0 0 0 3000 3 13 13 7
1 3 0 1 0 0 0 3000 2 15 15 13
1 4 1 1 1 0 0 727 1 13 13 15
1 5 0 1 0 0 0 3000 3 7 7 13
1 6 0 1 0 0 0 3000 2 2 2 7
1 7 0 1 0 0 0 3000 2 15 15 2
1 8 0 1 0 0 0 3000 2 11 11 15
1 9 0 1 0 0 0 3000 2 9 9 11
1 10 0 0 0 0 1 903 3 7 7 9
1 11 0 1 0 0 0 3000 2 10 10 7
1 12 0 1 0 0 0 3000 2 10 10 10
1 13 1 1 1 0 0 646 1 10 10 10
1 14 0 1 0 0 0 3000 2 11 11 10
1 15 0 1 0 0 0 3000 2 15 15 11
1 16 0 1 0 0 0 3000 3 5 5 15
1 17 0 1 0 0 0 3000 2 9 9 5
1 18 0 1 0 0 0 3000 3 8 8 9
1 19 0 1 0 0 0 3000 3 2 2 8
1 20 0 1 0 0 0 3000 3 1 1 2
2 1 0 1 0 0 0 3000 3 7 7 1
2 2 0 1 0 0 0 3000 3 2 2 7
2 3 1 1 1 0 0 410 1 7 7 2
2 4 1 1 1 0 0 791 1 2 2 7
2 5 0 1 0 0 0 3000 2 1 1 2
2 6 0 1 0 0 0 3000 2 10 10 1
2 7 0 1 0 0 0 3000 3 13 13 10
2 8 0 1 0 0 0 3000 2 3 3 13
2 9 0 0 0 0 1 563 2 7 7 3
2 10 0 1 0 0 0 3000 3 14 14 7
2 11 0 1 0 0 0 3000 2 4 4 14
2 12 1 1 1 0 0 939 1 14 14 4
2 13 0 1 0 0 0 3000 2 15 15 14
2 14 0 1 0 0 0 3000 3 12 12 15
2 15 1 1 1 0 0 494 1 15 15 12
2 16 0 1 0 0 0 3000 2 11 11 15
2 17 1 1 1 0 0 423 1 15 15 11
2 18 1 1 1 0 0 431 1 11 11 15
2 19 1 1 1 0 0 384 1 15 15 11
2 20 1 1 1 0 0 369 1 11 11 15
2 21 0 1 0 0 0 3000 3 14 14 11
2 22 0 0 0 0 1 561 2 14 14 14
2 23 0 1 0 0 0 3000 3 6 6 14
2 24 0 1 0 0 0 3000 3 10 10 6
2 25 0 0 0 0 1 486 2 14 14 10
2 26 0 1 0 0 0 3000 3 13 13 14
2 27 0 1 0 0 0 3000 3 13 13 13
2 28 1 1 1 0 0 401 1 13 13 13
2 29 0 1 0 0 0 3000 2 1 1 13
2 30 0 1 0 0 0 3000 3 14 14 1
3 1 0 1 0 0 0 3000 1 6 6 14
3 2 0 1 0 0 0 3000 1 15 15 6
3 3 1 1 1 0 0 449 1 6 6 15
3 4 0 1 0 0 0 3000 3 12 12 6
3 5 1 1 1 0 0 397 1 6 6 12
3 6 0 1 0 0 0 3000 2 7 7 6
3 7 1 1 1 0 0 394 1 6 6 7
3 8 0 1 0 0 0 3000 2 2 2 6
3 9 0 1 0 0 0 3000 2 3 3 2
3 10 1 1 1 0 0 377 1 2 2 3
3 11 0 1 0 0 0 3000 3 7 7 2
3 12 0 1 0 0 0 3000 3 5 5 7
3 13 0 1 0 0 0 3000 2 5 5 5
3 14 0 1 0 0 0 3000 3 1 1 5
3 15 0 1 0 0 0 3000 3 1 1 1
3 16 0 1 0 0 0 3000 3 15 15 1
3 17 0 1 0 0 0 3000 2 12 12 15
3 18 1 1 1 0 0 472 1 15 15 12
3 19 0 1 0 0 0 3000 3 4 4 15
3 20 0 1 0 0 0 3000 2 11 11 4
3 21 0 1 0 0 0 3000 2 15 15 11
3 22 1 1 1 0 0 389 1 11 11 15
3 23 0 1 0 0 0 3000 3 12 12 11
3 24 0 1 0 0 0 3000 3 8 8 12
3 25 0 1 0 0 0 3000 2 1 1 8
3 26 1 1 1 0 0 1619 1 8 8 1
3 27 0 1 0 0 0 3000 3 9 9 8
3 28 0 1 0 0 0 3000 3 3 3 9
3 29 0 1 0 0 0 3000 3 1 1 3
3 30 0 1 0 0 0 3000 3 14 14 1
