1 1 0 1 0 0 0 3000 3 6 6 0
1 2 0 1 0 0 0 3000 2 1 1 6
1 3 0 1 0 0 0 3000 3 4 4 1
1 4 1 0 0 1 0 3000 1 1 1 4
1 5 0 1 0 0 0 3000 2 3 3 1
1 6 1 0 0 1 0 3000 1 1 1 3
1 7 1 0 0 1 0 3000 1 3 3 1
1 8 0 1 0 0 0 3000 2 9 9 3
1 9 0 1 0 0 0 3000 2 4 4 9
1 10 0 1 0 0 0 3000 3 1 1 4
1 11 1 0 0 1 0 3000 1 4 4 1
1 12 0 1 0 0 0 3000 3 11 11 4
1 13 0 1 0 0 0 3000 3 11 11 11
1 14 1 0 0 1 0 3000 1 11 11 11
1 15 0 1 0 0 0 3000 3 15 15 11
1 16 0 1 0 0 0 3000 3 8 8 15
1 17 0 1 0 0 0 3000 3 3 3 8
1 18 1 0 0 1 0 3000 1 8 8 3
1 19 0 1 0 0 0 3000 3 2 2 8
1 20 0 1 0 0 0 3000 3 6 6 2
2 1 0 1 0 0 0 3000 2 6 6 6
2 2 0 1 0 0 0 3000 3 7 7 6
2 3 1 0 0 1 0 3000 1 6 6 7
2 4 0 1 0 0 0 3000 3 1 1 6
2 5 1 0 0 1 0 3000 1 6 6 1
2 6 0 1 0 0 0 3000 2 4 4 6
2 7 0 1 0 0 0 3000 3 7 7 4
2 8 0 1 0 0 0 3000 2 5 5 7
2 9 0 1 0 0 0 3000 2 14 14 5
2 10 0 1 0 0 0 3000 2 8 8 14
2 11 0 1 0 0 0 3000 2 8 8 8
2 12 0 1 0 0 0 3000 3 6 6 8
2 13 1 0 0 1 0 3000 1 8 8 6
2 14 0 1 0 0 0 3000 3 14 14 8
2 15 0 1 0 0 0 3000 3 4 4 14
2 16 0 1 0 0 0 3000 3 5 5 4
2 17 0 1 0 0 0 3000 3 12 12 5
2 18 0 1 0 0 0 3000 2 11 11 12
2 19 1 0 0 1 0 3000 1 12 12 11
2 20 1 0 0 1 0 3000 1 11 11 12
2 21 1 0 0 1 0 3000 1 12 12 11
2 22 0 1 0 0 0 3000 2 2 2 12
2 23 0 1 0 0 0 3000 2 3 3 2
2 24 1 0 0 1 0 3000 1 2 2 3
2 25 0 1 0 0 0 3000 3 11 11 2
2 26 1 0 0 1 0 3000 1 2 2 11
2 27 1 0 0 1 0 3000 1 11 11 2
2 28 0 1 0 0 0 3000 3 15 15 11
2 29 0 1 0 0 0 3000 2 3 3 15
2 30 0 1 0 0 0 3000 2 13 13 3
3 1 0 1 0 0 0 3000 1 1 1 13
3 2 0 1 0 0 0 3000 3 14 14 1
3 3 1 0 0 1 0 3000 1 1 1 14
3 4 1 0 0 1 0 3000 1 14 14 1
3 5 1 0 0 1 0 3000 1 1 1 14
3 6 0 1 0 0 0 3000 2 15 15 1
3 7 0 1 0 0 0 3000 2 4 4 15
3 8 1 0 0 1 0 3000 1 15 15 4
3 9 0 1 0 0 0 3000 3 11 11 15
3 10 0 1 0 0 0 3000 2 11 11 11
3 11 1 0 0 1 0 3000 1 11 11 11
3 12 0 1 0 0 0 3000 3 14 14 11
3 13 0 1 0 0 0 3000 2 15 15 14
3 14 0 1 0 0 0 3000 2 13 13 15
3 15 0 1 0 0 0 3000 2 14 14 13
3 16 0 1 0 0 0 3000 2 3 3 14
3 17 0 1 0 0 0 3000 3 12 12 3
3 18 0 1 0 0 0 3000 3 12 12 12
3 19 0 1 0 0 0 3000 3 13 13 12
3 20 1 0 0 1 0 3000 1 12 12 13
3 21 1 0 0 1 0 3000 1 13 13 12
3 22 0 1 0 0 0 3000 2 8 8 13
3 23 1 0 0 1 0 3000 1 13 13 8
3 24 0 1 0 0 0 3000 2 7 7 13
3 25 0 1 0 0 0 3000 2 12 12 7
3 26 0 1 0 0 0 3000 3 12 12 12
3 27 1 0 0 1 0 3000 1 12 12 12
3 28 0 1 0 0 0 3000 2 14 14 12
3 29 0 1 0 0 0 3000 3 4 4 14
3 30 0 1 0 0 0 3000 2 8 8 4
