1 1 0 1 0 0 0 3000 2 13 13 0
1 2 0 1 0 0 0 3000 3 9 9 13
1 3 1 0 0 1 0 3000 1 13 13 9
1 4 1 0 0 1 0 3000 1 9 9 13
1 5 0 1 0 0 0 3000 2 14 14 9
1 6 1 0 0 1 0 3000 1 9 9 14
1 7 1 0 0 1 0 3000 1 14 14 9
1 8 0 1 0 0 0 3000 2 6 6 14
1 9 0 1 0 0 0 3000 3 3 3 6
1 10 0 1 0 0 0 3000 2 9 9 3
1 11 0 1 0 0 0 3000 2 2 2 9
1 12 0 1 0 0 0 3000 2 12 12 2
1 13 0 0 0 0 1 1136 3 10 10 12
1 14 1 0 0 1 0 3000 1 12 12 10
1 15 0 1 0 0 0 3000 2 7 7 12
1 16 1 0 0 1 0 3000 1 12 12 7
1 17 0 1 0 0 0 3000 3 6 6 12
1 18 1 0 0 1 0 3000 1 12 12 6
1 19 1 0 0 1 0 3000 1 6 6 12
1 20 1 0 0 1 0 3000 1 12 12 6
2 1 0 1 0 0 0 3000 2 3 3 12
2 2 0 1 0 0 0 3000 3 3 3 3
2 3 0 1 0 0 0 3000 3 7 7 3
2 4 0 1 0 0 0 3000 2 15 15 7
2 5 0 1 0 0 0 3000 2 8 8 15
2 6 0 1 0 0 0 3000 3 5 5 8
2 7 1 0 0 1 0 3000 1 8 8 5
2 8 1 0 0 1 0 3000 1 5 5 8
2 9 0 1 0 0 0 3000 3 9 9 5
2 10 0 1 0 0 0 3000 3 6 6 9
2 11 0 1 0 0 0 3000 2 2 2 6
2 12 1 0 0 1 0 3000 1 6 6 2
2 13 1 0 0 1 0 3000 1 2 2 6
2 14 0 1 0 0 0 3000 3 2 2 2
2 15 0 1 0 0 0 3000 3 12 12 2
2 16 0 1 0 0 0 3000 2 5 5 12
2 17 0 1 0 0 0 3000 2 9 9 5
2 18 0 1 0 0 0 3000 3 14 14 9
2 19 0 1 0 0 0 3000 2 1 1 14
2 20 1 0 0 1 0 3000 1 14 14 1
2 21 0 1 0 0 0 3000 3 2 2 14
2 22 0 1 0 0 0 3000 2 5 5 2
2 23 0 1 0 0 0 3000 2 4 4 5
2 24 1 0 0 1 0 3000 1 5 5 4
2 25 0 1 0 0 0 3000 3 7 7 5
2 26 0 1 0 0 0 3000 2 15 15 7
2 27 0 1 0 0 0 3000 3 12 12 15
2 28 1 0 0 1 0 3000 1 15 15 12
2 29 1 0 0 1 0 3000 1 12 12 15
2 30 0 1 0 0 0 3000 3 5 5 12
3 1 0 1 0 0 0 3000 3 8 8 5
3 2 0 1 0 0 0 3000 3 1 1 8
3 3 0 1 0 0 0 3000 2 15 15 1
3 4 0 1 0 0 0 3000 3 2 2 15
3 5 0 1 0 0 0 3000 2 7 7 2
3 6 0 1 0 0 0 3000 2 3 3 7
3 7 1 0 0 1 0 3000 1 7 7 3
3 8 0 1 0 0 0 3000 2 13 13 7
3 9 0 1 0 0 0 3000 2 12 12 13
3 10 0 1 0 0 0 3000 3 7 7 12
3 11 0 1 0 0 0 3000 3 6 6 7
3 12 1 0 0 1 0 3000 1 7 7 6
3 13 1 0 0 1 0 3000 1 6 6 7
3 14 1 0 0 1 0 3000 1 7 7 6
3 15 1 0 0 1 0 3000 1 6 6 7
3 16 0 1 0 0 0 3000 3 15 15 6
3 17 0 1 0 0 0 3000 2 2 2 15
3 18 0 0 0 0 1 1124 2 10 10 2
3 19 0 1 0 0 0 3000 3 5 5 10
3 20 1 1 1 0 0 1134 1 10 10 5
3 21 0 1 0 0 0 3000 3 12 12 10
3 22 0 1 0 0 0 3000 3 13 13 12
3 23 0 1 0 0 0 3000 3 1 1 13
3 24 1 0 0 1 0 3000 1 13 13 1
3 25 0 1 0 0 0 3000 3 5 5 13
3 26 0 1 0 0 0 3000 3 12 12 5
3 27 0 1 0 0 0 3000 3 2 2 12
3 28 0 1 0 0 0 3000 2 14 14 2
3 29 0 1 0 0 0 3000 3 7 7 14
3 30 0 0 0 0 1 1049 3 10 10 7
