1 1 0 1 0 0 0 3000 3 11 11 0
1 2 0 1 0 0 0 3000 2 10 10 11
1 3 0 1 0 0 0 3000 2 13 13 10
1 4 0 1 0 0 0 3000 3 5 5 13
1 5 1 1 1 0 0 407 1 13 13 5
1 6 1 1 1 0 0 1663 1 5 5 13
1 7 1 1 1 0 0 1798 1 13 13 5
1 8 0 1 0 0 0 3000 2 12 12 13
1 9 1 1 1 0 0 1276 1 13 13 12
1 10 1 0 0 1 0 3000 1 12 12 13
1 11 0 1 0 0 0 3000 2 4 4 12
1 12 0 0 0 0 1 935 3 2 2 4
1 13 0 1 0 0 0 3000 3 3 3 2
1 14 0 0 0 0 1 561 2 4 4 3
1 15 0 0 0 0 1 1398 2 14 14 4
1 16 1 1 1 0 0 639 1 4 4 14
1 17 1 1 1 0 0 905 1 14 14 4
1 18 0 0 0 0 1 1950 3 1 1 14
1 19 0 0 0 0 1 326 2 10 10 1
1 20 0 0 0 0 1 832 2 3 3 10
2 1 0 1 0 0 0 3000 1 6 6 3
2 2 0 1 0 0 0 3000 3 7 7 6
2 3 1 1 1 0 0 669 1 6 6 7
2 4 0 1 0 0 0 3000 2 12 12 6
2 5 0 1 0 0 0 3000 3 14 14 12
2 6 1 1 1 0 0 444 1 12 12 14
2 7 0 1 0 0 0 3000 3 5 5 12
2 8 1 1 1 0 0 433 1 12 12 5
2 9 1 1 1 0 0 676 1 5 5 12
2 10 1 1 1 0 0 479 1 12 12 5
2 11 0 0 0 0 1 923 3 3 3 12
2 12 0 0 0 0 1 568 2 6 6 3
2 13 0 1 0 0 0 3000 2 7 7 6
2 14 0 0 0 0 1 2816 3 15 15 7
2 15 1 1 1 0 0 845 1 7 7 15
2 16 0 1 0 0 0 3000 3 11 11 7
2 17 0 1 0 0 0 3000 3 3 3 11
2 18 0 0 0 0 1 525 3 15 15 3
2 19 0 0 0 0 1 1386 2 1 1 15
2 20 0 0 0 0 1 560 2 10 10 1
2 21 0 0 0 0 1 562 3 13 13 10
2 22 0 0 0 0 1 947 3 6 6 13
2 23 0 1 0 0 0 3000 3 8 8 6
2 24 0 1 0 0 0 3000 3 11 11 8
2 25 1 1 1 0 0 859 1 8 8 11
2 26 0 0 0 0 1 939 3 15 15 8
2 27 1 1 1 0 0 409 1 8 8 15
2 28 0 0 0 0 1 1660 3 13 13 8
2 29 1 1 1 0 0 761 1 8 8 13
2 30 0 1 0 0 0 3000 3 3 3 8
3 1 0 1 0 0 0 3000 3 13 13 3
3 2 0 1 0 0 0 3000 2 14 14 13
3 3 0 1 0 0 0 3000 2 11 11 14
3 4 0 1 0 0 0 3000 3 10 10 11
3 5 0 1 0 0 0 3000 2 6 6 10
3 6 0 0 0 0 1 739 3 13 13 6
3 7 0 0 0 0 1 401 3 11 11 13
3 8 1 1 1 0 0 457 1 13 13 11
3 9 0 1 0 0 0 3000 2 9 9 13
3 10 0 1 0 0 0 3000 3 7 7 9
3 11 0 1 0 0 0 3000 3 1 1 7
3 12 0 0 0 0 1 471 2 9 9 1
3 13 0 0 0 0 1 614 3 3 3 9
3 14 0 0 0 0 1 544 3 10 10 3
3 15 0 0 0 0 1 508 2 13 13 10
3 16 1 1 1 0 0 555 1 10 10 13
3 17 1 1 1 0 0 541 1 13 13 10
3 18 0 1 0 0 0 3000 3 4 4 13
3 19 0 0 0 0 1 564 3 4 4 4
3 20 0 1 0 0 0 3000 3 2 2 4
3 21 0 1 0 0 0 3000 2 3 3 2
3 22 0 0 0 0 1 511 3 3 3 3
3 23 0 1 0 0 0 3000 2 6 6 3
3 24 0 1 0 0 0 3000 2 9 9 6
3 25 1 1 1 0 0 1479 1 6 6 9
3 26 0 0 0 0 1 1898 2 15 15 6
3 27 1 1 1 0 0 925 1 6 6 15
3 28 0 1 0 0 0 3000 3 4 4 6
3 29 1 1 1 0 0 744 1 6 6 4
3 30 0 0 0 0 1 999 3 6 6 6
