1 1 0 0 0 0 1 2852 2 11 11 0
1 2 0 0 0 0 1 1314 2 12 12 11
1 3 0 1 0 0 0 3000 2 2 2 12
1 4 0 1 0 0 0 3000 3 6 6 2
1 5 1 1 1 0 0 1158 1 2 2 6
1 6 0 0 0 0 1 217 2 5 5 2
1 7 0 0 0 0 1 39 2 14 14 5
1 8 0 0 0 0 1 64 3 12 12 14
1 9 0 0 0 0 1 133 2 11 11 12
1 10 0 0 0 0 1 226 2 10 10 11
1 11 0 0 0 0 1 189 3 9 9 10
1 12 1 1 1 0 0 16 1 10 10 9
1 13 1 1 1 0 0 98 1 9 9 10
1 14 1 1 1 0 0 82 1 10 10 9
1 15 0 0 0 0 1 129 2 10 10 10
1 16 0 0 0 0 1 205 3 8 8 10
1 17 0 0 0 0 1 9 3 7 7 8
1 18 1 1 1 0 0 195 1 8 8 7
1 19 0 0 0 0 1 56 2 2 2 8
1 20 0 0 0 0 1 110 2 15 15 2
2 1 0 1 0 0 0 3000 2 13 13 15
2 2 0 0 0 0 1 386 2 3 3 13
2 3 0 0 0 0 1 96 2 6 6 3
2 4 0 0 0 0 1 116 3 13 13 6
2 5 0 1 0 0 0 3000 2 3 3 13
2 6 0 1 0 0 0 3000 3 14 14 3
2 7 0 0 0 0 1 258 3 2 2 14
2 8 1 1 1 0 0 114 1 14 14 2
2 9 0 0 0 0 1 105 2 11 11 14
2 10 0 0 0 0 1 9 2 11 11 11
2 11 0 0 0 0 1 135 3 9 9 11
2 12 1 1 1 0 0 150 1 11 11 9
2 13 0 0 0 0 1 141 3 3 3 11
2 14 1 1 1 0 0 119 1 11 11 3
2 15 0 0 0 0 1 305 2 6 6 11
2 16 0 0 0 0 1 61 3 15 15 6
2 17 0 0 0 0 1 6 2 7 7 15
2 18 1 1 1 0 0 147 1 15 15 7
2 19 1 1 1 0 0 71 1 7 7 15
2 20 0 0 0 0 1 199 3 2 2 7
2 21 0 0 0 0 1 92 2 14 14 2
2 22 0 0 0 0 1 190 3 5 5 14
2 23 1 1 1 0 0 84 1 14 14 5
2 24 0 0 0 0 1 131 3 7 7 14
2 25 1 1 1 0 0 196 1 14 14 7
2 26 0 0 0 0 1 36 3 12 12 14
2 27 1 1 1 0 0 49 1 14 14 12
2 28 0 0 0 0 1 147 2 2 2 14
2 29 1 1 1 0 0 151 1 14 14 2
2 30 1 1 1 0 0 36 1 2 2 14
3 1 0 0 0 0 1 1666 3 2 2 2
3 2 0 0 0 0 1 340 3 10 10 2
3 3 0 0 0 0 1 43 3 14 14 10
3 4 0 0 0 0 1 88 2 7 7 14
3 5 0 0 0 0 1 28 3 9 9 7
3 6 0 0 0 0 1 158 3 1 1 9
3 7 0 0 0 0 1 197 2 14 14 1
3 8 0 0 0 0 1 283 3 9 9 14
3 9 0 0 0 0 1 990 2 13 13 9
3 10 0 0 0 0 1 375 3 5 5 13
3 11 0 0 0 0 1 375 3 15 15 5
3 12 0 0 0 0 1 6 3 10 10 15
3 13 0 0 0 0 1 81 2 13 13 10
3 14 0 0 0 0 1 240 2 8 8 13
3 15 0 0 0 0 1 111 2 2 2 8
3 16 0 1 0 0 0 3000 3 10 10 2
3 17 1 0 0 1 0 3000 1 2 2 10
3 18 0 1 0 0 0 3000 2 7 7 2
3 19 0 1 0 0 0 3000 2 5 5 7
3 20 0 1 0 0 0 3000 3 6 6 5
3 21 0 1 0 0 0 3000 3 12 12 6
3 22 1 0 0 1 0 3000 1 6 6 12
3 23 1 1 1 0 0 589 1 12 12 6
3 24 1 1 1 0 0 125 1 6 6 12
3 25 0 0 0 0 1 139 3 15 15 6
3 26 0 0 0 0 1 74 3 2 2 15
3 27 1 1 1 0 0 289 1 15 15 2
3 28 0 0 0 0 1 88 2 6 6 15
3 29 0 0 0 0 1 89 2 10 10 6
3 30 0 0 0 0 1 150 2 1 1 10
