1 1 0 1 0 0 0 3000 1 7 7 0
1 2 0 1 0 0 0 3000 3 12 12 7
1 3 0 1 0 0 0 3000 2 13 13 12
1 4 0 1 0 0 0 3000 2 15 15 13
1 5 0 1 0 0 0 3000 3 3 3 15
1 6 0 1 0 0 0 3000 3 6 6 3
1 7 0 1 0 0 0 3000 3 7 7 6
1 8 0 1 0 0 0 3000 2 11 11 7
1 9 1 1 1 0 0 715 1 7 7 11
1 10 0 1 0 0 0 3000 2 15 15 7
1 11 0 1 0 0 0 3000 2 5 5 15
1 12 0 1 0 0 0 3000 2 8 8 5
1 13 0 0 0 0 1 518 2 15 15 8
1 14 1 1 1 0 0 1285 1 8 8 15
1 15 0 1 0 0 0 3000 3 4 4 8
1 16 0 1 0 0 0 3000 2 1 1 4
1 17 0 0 0 0 1 676 2 3 3 1
1 18 1 1 1 0 0 611 1 1 1 3
1 19 0 0 0 0 1 463 2 15 15 1
1 20 0 1 0 0 0 3000 3 14 14 15
2 1 0 1 0 0 0 3000 1 9 9 14
2 2 0 1 0 0 0 3000 3 3 3 9
2 3 0 1 0 0 0 3000 3 8 8 3
2 4 1 1 1 0 0 611 1 3 3 8
2 5 1 1 1 0 0 438 1 8 8 3
2 6 1 1 1 0 0 608 1 3 3 8
2 7 0 1 0 0 0 3000 3 11 11 3
2 8 0 1 0 0 0 3000 2 10 10 11
2 9 0 1 0 0 0 3000 3 13 13 10
2 10 0 1 0 0 0 3000 3 12 12 13
2 11 0 1 0 0 0 3000 2 7 7 12
2 12 0 1 0 0 0 3000 2 8 8 7
2 13 0 1 0 0 0 3000 3 1 1 8
2 14 0 1 0 0 0 3000 3 15 15 1
2 15 1 1 1 0 0 708 1 1 1 15
2 16 0 1 0 0 0 3000 3 4 4 1
2 17 0 0 0 0 1 580 2 11 11 4
2 18 1 1 1 0 0 456 1 4 4 11
2 19 1 1 1 0 0 946 1 11 11 4
2 20 0 0 0 0 1 637 2 1 1 11
2 21 0 1 0 0 0 3000 3 15 15 1
2 22 0 1 0 0 0 3000 2 7 7 15
2 23 0 0 0 0 1 474 3 4 4 7
2 24 1 1 1 0 0 697 1 7 7 4
2 25 0 1 0 0 0 3000 2 14 14 7
2 26 0 1 0 0 0 3000 3 2 2 14
2 27 0 1 0 0 0 3000 2 5 5 2
2 28 1 1 1 0 0 394 1 2 2 5
2 29 0 0 0 0 1 661 3 11 11 2
2 30 0 1 0 0 0 3000 3 10 10 11
3 1 0 1 0 0 0 3000 2 10 10 10
3 2 0 1 0 0 0 3000 1 7 7 10
3 3 0 1 0 0 0 3000 3 14 14 7
3 4 0 1 0 0 0 3000 2 5 5 14
3 5 0 0 0 0 1 620 3 5 5 5
3 6 0 1 0 0 0 3000 2 2 2 5
3 7 0 1 0 0 0 3000 2 3 3 2
3 8 1 1 1 0 0 1111 1 2 2 3
3 9 0 1 0 0 0 3000 2 6 6 2
3 10 1 0 0 1 0 3000 1 2 2 6
3 11 0 0 0 0 1 396 2 3 3 2
3 12 0 1 0 0 0 3000 2 4 4 3
3 13 0 1 0 0 0 3000 3 7 7 4
3 14 1 1 1 0 0 596 1 4 4 7
3 15 0 1 0 0 0 3000 3 14 14 4
3 16 1 1 1 0 0 554 1 4 4 14
3 17 0 0 0 0 1 1127 2 2 2 4
3 18 1 1 1 0 0 488 1 4 4 2
3 19 0 1 0 0 0 3000 3 12 12 4
3 20 0 0 0 0 1 625 3 12 12 12
3 21 0 0 0 0 1 644 3 3 3 12
3 22 0 1 0 0 0 3000 2 13 13 3
3 23 1 1 1 0 0 382 1 3 3 13
3 24 0 1 0 0 0 3000 2 8 8 3
3 25 0 1 0 0 0 3000 2 11 11 8
3 26 0 1 0 0 0 3000 3 1 1 11
3 27 0 0 0 0 1 511 3 1 1 1
3 28 0 1 0 0 0 3000 2 4 4 1
3 29 1 1 1 0 0 418 1 1 1 4
3 30 0 1 0 0 0 3000 3 6 6 1
