1 1 0 1 0 0 0 3000 3 2 2 0
1 2 0 1 0 0 0 3000 2 8 8 2
1 3 0 1 0 0 0 3000 2 3 3 8
1 4 0 1 0 0 0 3000 3 6 6 3
1 5 0 1 0 0 0 3000 2 5 5 6
1 6 0 1 0 0 0 3000 2 11 11 5
1 7 0 1 0 0 0 3000 2 12 12 11
1 8 1 1 1 0 0 724 1 11 11 12
1 9 0 1 0 0 0 3000 3 7 7 11
1 10 1 0 0 1 0 3000 1 11 11 7
1 11 0 1 0 0 0 3000 3 2 2 11
1 12 0 1 0 0 0 3000 3 14 14 2
1 13 1 1 1 0 0 547 1 2 2 14
1 14 0 1 0 0 0 3000 2 9 9 2
1 15 1 0 0 1 0 3000 1 2 2 9
1 16 1 1 1 0 0 626 1 9 9 2
1 17 0 1 0 0 0 3000 2 1 1 9
1 18 0 0 0 0 1 1498 2 1 1 1
1 19 1 0 0 1 0 3000 1 1 1 1
1 20 0 1 0 0 0 3000 2 4 4 1
2 1 0 1 0 0 0 3000 1 5 5 4
2 2 0 1 0 0 0 3000 2 3 3 5
2 3 1 1 1 0 0 974 1 5 5 3
2 4 1 0 0 1 0 3000 1 3 3 5
2 5 1 0 0 1 0 3000 1 5 5 3
2 6 1 1 1 0 0 493 1 3 3 5
2 7 1 0 0 1 0 3000 1 5 5 3
2 8 0 1 0 0 0 3000 3 6 6 5
2 9 1 1 1 0 0 584 1 5 5 6
2 10 0 1 0 0 0 3000 2 8 8 5
2 11 0 1 0 0 0 3000 2 14 14 8
2 12 0 1 0 0 0 3000 3 1 1 14
2 13 0 1 0 0 0 3000 3 1 1 1
2 14 0 1 0 0 0 3000 3 6 6 1
2 15 0 1 0 0 0 3000 2 13 13 6
2 16 0 1 0 0 0 3000 2 3 3 13
2 17 0 1 0 0 0 3000 2 12 12 3
2 18 0 1 0 0 0 3000 3 5 5 12
2 19 1 1 1 0 0 501 1 12 12 5
2 20 0 1 0 0 0 3000 2 1 1 12
2 21 0 1 0 0 0 3000 2 14 14 1
2 22 0 1 0 0 0 3000 3 6 6 14
2 23 1 1 1 0 0 482 1 14 14 6
2 24 0 1 0 0 0 3000 2 7 7 14
2 25 0 1 0 0 0 3000 2 12 12 7
2 26 1 1 1 0 0 469 1 7 7 12
2 27 0 1 0 0 0 3000 3 14 14 7
2 28 1 0 0 1 0 3000 1 7 7 14
2 29 1 1 1 0 0 425 1 14 14 7
2 30 0 1 0 0 0 3000 3 12 12 14
3 1 0 1 0 0 0 3000 1 7 7 12
3 2 0 1 0 0 0 3000 1 15 15 7
3 3 0 1 0 0 0 3000 3 11 11 15
3 4 1 1 1 0 0 386 1 15 15 11
3 5 0 1 0 0 0 3000 2 10 10 15
3 6 0 1 0 0 0 3000 2 14 14 10
3 7 0 1 0 0 0 3000 2 8 8 14
3 8 1 0 0 1 0 3000 1 14 14 8
3 9 0 1 0 0 0 3000 3 12 12 14
3 10 0 1 0 0 0 3000 3 15 15 12
3 11 0 1 0 0 0 3000 3 2 2 15
3 12 0 1 0 0 0 3000 2 2 2 2
3 13 0 1 0 0 0 3000 2 7 7 2
3 14 1 1 1 0 0 1337 1 2 2 7
3 15 0 1 0 0 0 3000 2 9 9 2
3 16 0 1 0 0 0 3000 3 4 4 9
3 17 0 1 0 0 0 3000 3 10 10 4
3 18 0 1 0 0 0 3000 3 3 3 10
3 19 0 1 0 0 0 3000 2 8 8 3
3 20 0 1 0 0 0 3000 3 13 13 8
3 21 0 1 0 0 0 3000 3 5 5 13
3 22 0 1 0 0 0 3000 2 12 12 5
3 23 1 1 1 0 0 473 1 5 5 12
3 24 1 0 0 1 0 3000 1 12 12 5
3 25 0 1 0 0 0 3000 2 7 7 12
3 26 0 1 0 0 0 3000 2 11 11 7
3 27 0 1 0 0 0 3000 3 14 14 11
3 28 0 1 0 0 0 3000 2 7 7 14
3 29 0 1 0 0 0 3000 2 8 8 7
3 30 1 1 1 0 0 1055 1 7 7 8
