1 1 0 1 0 0 0 3000 1 10 10 0
1 2 0 1 0 0 0 3000 3 7 7 10
1 3 1 0 0 1 0 3000 1 10 10 7
1 4 0 1 0 0 0 3000 3 4 4 10
1 5 0 1 0 0 0 3000 3 12 12 4
1 6 1 0 0 1 0 3000 1 4 4 12
1 7 1 0 0 1 0 3000 1 12 12 4
1 8 0 1 0 0 0 3000 3 5 5 12
1 9 1 0 0 1 0 3000 1 12 12 5
1 10 0 1 0 0 0 3000 3 10 10 12
1 11 0 1 0 0 0 3000 3 9 9 10
1 12 0 1 0 0 0 3000 3 1 1 9
1 13 0 1 0 0 0 3000 3 4 4 1
1 14 0 1 0 0 0 3000 3 9 9 4
1 15 0 1 0 0 0 3000 3 3 3 9
1 16 0 1 0 0 0 3000 3 6 6 3
1 17 0 1 0 0 0 3000 3 5 5 6
1 18 1 0 0 1 0 3000 1 6 6 5
1 19 0 1 0 0 0 3000 3 1 1 6
1 20 1 0 0 1 0 3000 1 6 6 1
2 1 0 1 0 0 0 3000 3 15 15 6
2 2 0 1 0 0 0 3000 3 3 3 15
2 3 0 1 0 0 0 3000 3 11 11 3
2 4 0 1 0 0 0 3000 2 2 2 11
2 5 1 0 0 1 0 3000 1 11 11 2
2 6 1 0 0 1 0 3000 1 2 2 11
2 7 0 1 0 0 0 3000 3 8 8 2
2 8 0 1 0 0 0 3000 2 1 1 8
2 9 0 1 0 0 0 3000 3 15 15 1
2 10 1 0 0 1 0 3000 1 1 1 15
2 11 1 0 0 1 0 3000 1 15 15 1
2 12 0 1 0 0 0 3000 2 13 13 15
2 13 1 0 0 1 0 3000 1 15 15 13
2 14 0 1 0 0 0 3000 3 3 3 15
2 15 0 1 0 0 0 3000 3 8 8 3
2 16 1 0 0 1 0 3000 1 3 3 8
2 17 0 1 0 0 0 3000 2 10 10 3
2 18 1 0 0 1 0 3000 1 3 3 10
2 19 1 0 0 1 0 3000 1 10 10 3
2 20 1 0 0 1 0 3000 1 3 3 10
2 21 1 0 0 1 0 3000 1 10 10 3
2 22 0 1 0 0 0 3000 2 9 9 10
2 23 0 1 0 0 0 3000 3 12 12 9
2 24 0 1 0 0 0 3000 2 12 12 12
2 25 1 0 0 1 0 3000 1 12 12 12
2 26 0 1 0 0 0 3000 3 2 2 12
2 27 1 0 0 1 0 3000 1 12 12 2
2 28 0 1 0 0 0 3000 2 12 12 12
2 29 1 0 0 1 0 3000 1 12 12 12
2 30 0 1 0 0 0 3000 2 10 10 12
3 1 0 1 0 0 0 3000 3 3 3 10
3 2 0 1 0 0 0 3000 1 9 9 3
3 3 0 1 0 0 0 3000 2 8 8 9
3 4 0 1 0 0 0 3000 2 4 4 8
3 5 0 1 0 0 0 3000 2 9 9 4
3 6 0 1 0 0 0 3000 2 10 10 9
3 7 1 0 0 1 0 3000 1 9 9 10
3 8 0 1 0 0 0 3000 2 9 9 9
3 9 1 0 0 1 0 3000 1 9 9 9
3 10 0 1 0 0 0 3000 3 3 3 9
3 11 1 0 0 1 0 3000 1 9 9 3
3 12 0 1 0 0 0 3000 2 10 10 9
3 13 1 0 0 1 0 3000 1 9 9 10
3 14 1 0 0 1 0 3000 1 10 10 9
3 15 0 1 0 0 0 3000 3 5 5 10
3 16 1 0 0 1 0 3000 1 10 10 5
3 17 0 1 0 0 0 3000 2 14 14 10
3 18 1 0 0 1 0 3000 1 10 10 14
3 19 0 1 0 0 0 3000 2 4 4 10
3 20 0 1 0 0 0 3000 3 4 4 4
3 21 0 1 0 0 0 3000 2 11 11 4
3 22 1 0 0 1 0 3000 1 4 4 11
3 23 0 1 0 0 0 3000 2 15 15 4
3 24 0 1 0 0 0 3000 2 14 14 15
3 25 1 0 0 1 0 3000 1 15 15 14
3 26 1 0 0 1 0 3000 1 14 14 15
3 27 0 1 0 0 0 3000 3 2 2 14
3 28 0 1 0 0 0 3000 2 3 3 2
3 29 0 1 0 0 0 3000 3 15 15 3
3 30 0 1 0 0 0 3000 3 13 13 15
