1 1 0 1 0 0 0 3000 2 11 11 0
1 2 0 0 0 0 1 7 3 10 10 11
1 3 0 1 0 0 0 3000 3 1 1 10
1 4 1 0 0 1 0 3000 1 10 10 1
1 5 1 1 1 0 0 549 1 1 1 10
1 6 1 1 1 0 0 1118 1 10 10 1
1 7 0 1 0 0 0 3000 2 12 12 10
1 8 0 1 0 0 0 3000 2 6 6 12
1 9 0 1 0 0 0 3000 3 5 5 6
1 10 1 1 1 0 0 1057 1 6 6 5
1 11 1 1 1 0 0 822 1 5 5 6
1 12 0 1 0 0 0 3000 3 14 14 5
1 13 1 1 1 0 0 1756 1 5 5 14
1 14 0 1 0 0 0 3000 3 13 13 5
1 15 1 1 1 0 0 509 1 5 5 13
1 16 0 1 0 0 0 3000 2 10 10 5
1 17 0 1 0 0 0 3000 2 1 1 10
1 18 0 1 0 0 0 3000 2 4 4 1
1 19 1 1 1 0 0 408 1 1 1 4
1 20 1 0 0 1 0 3000 1 4 4 1
2 1 0 1 0 0 0 3000 3 3 3 4
2 2 0 1 0 0 0 3000 3 14 14 3
2 3 0 1 0 0 0 3000 2 10 10 14
2 4 1 1 1 0 0 679 1 14 14 10
2 5 1 1 1 0 0 733 1 10 10 14
2 6 0 1 0 0 0 3000 3 12 12 10
2 7 0 1 0 0 0 3000 2 2 2 12
2 8 0 1 0 0 0 3000 2 6 6 2
2 9 0 1 0 0 0 3000 3 9 9 6
2 10 0 1 0 0 0 3000 2 11 11 9
2 11 0 1 0 0 0 3000 3 4 4 11
2 12 1 1 1 0 0 991 1 11 11 4
2 13 0 1 0 0 0 3000 2 15 15 11
2 14 0 1 0 0 0 3000 3 8 8 15
2 15 1 1 1 0 0 500 1 15 15 8
2 16 1 1 1 0 0 982 1 8 8 15
2 17 1 1 1 0 0 1072 1 15 15 8
2 18 0 1 0 0 0 3000 3 11 11 15
2 19 0 1 0 0 0 3000 2 10 10 11
2 20 0 1 0 0 0 3000 3 9 9 10
2 21 0 1 0 0 0 3000 3 3 3 9
2 22 0 1 0 0 0 3000 2 14 14 3
2 23 0 1 0 0 0 3000 3 2 2 14
2 24 1 1 1 0 0 765 1 14 14 2
2 25 0 1 0 0 0 3000 3 13 13 14
2 26 0 1 0 0 0 3000 2 6 6 13
2 27 1 1 1 0 0 1209 1 13 13 6
2 28 0 1 0 0 0 3000 2 7 7 13
2 29 0 1 0 0 0 3000 2 8 8 7
2 30 0 1 0 0 0 3000 2 6 6 8
3 1 0 1 0 0 0 3000 2 12 12 6
3 2 0 1 0 0 0 3000 1 4 4 12
3 3 0 1 0 0 0 3000 2 14 14 4
3 4 0 1 0 0 0 3000 3 7 7 14
3 5 0 1 0 0 0 3000 2 11 11 7
3 6 1 1 1 0 0 421 1 7 7 11
3 7 0 0 0 0 1 1021 3 12 12 7
3 8 0 1 0 0 0 3000 3 11 11 12
3 9 0 1 0 0 0 3000 3 1 1 11
3 10 1 1 1 0 0 547 1 11 11 1
3 11 0 1 0 0 0 3000 3 12 12 11
3 12 0 1 0 0 0 3000 2 15 15 12
3 13 0 1 0 0 0 3000 2 3 3 15
3 14 0 1 0 0 0 3000 2 9 9 3
3 15 0 1 0 0 0 3000 3 12 12 9
3 16 0 1 0 0 0 3000 2 11 11 12
3 17 1 1 1 0 0 813 1 12 12 11
3 18 0 1 0 0 0 3000 2 2 2 12
3 19 0 1 0 0 0 3000 2 4 4 2
3 20 1 1 1 0 0 923 1 2 2 4
3 21 0 1 0 0 0 3000 3 5 5 2
3 22 1 1 1 0 0 925 1 2 2 5
3 23 0 1 0 0 0 3000 2 7 7 2
3 24 1 1 1 0 0 953 1 2 2 7
3 25 1 1 1 0 0 886 1 7 7 2
3 26 1 1 1 0 0 810 1 2 2 7
3 27 1 1 1 0 0 487 1 7 7 2
3 28 0 1 0 0 0 3000 3 8 8 7
3 29 1 1 1 0 0 370 1 7 7 8
3 30 0 1 0 0 0 3000 3 4 4 7
