1 1 0 0 0 0 1 1966 3 7 7 0
1 2 0 1 0 0 0 3000 1 1 1 7
1 3 0 1 0 0 0 3000 2 6 6 1
1 4 1 1 1 0 0 283 1 1 1 6
1 5 1 1 1 0 0 486 1 6 6 1
1 6 1 1 1 0 0 503 1 1 1 6
1 7 1 1 1 0 0 472 1 6 6 1
1 8 1 0 0 1 0 3000 1 1 1 6
1 9 0 0 0 0 1 500 2 14 14 1
1 10 0 0 0 0 1 584 2 11 11 14
1 11 0 0 0 0 1 2869 3 8 8 11
1 12 0 0 0 0 1 688 2 12 12 8
1 13 0 0 0 0 1 2770 3 11 11 12
1 14 0 0 0 0 1 926 2 8 8 11
1 15 1 0 0 1 0 3000 1 11 11 8
1 16 0 1 0 0 0 3000 2 1 1 11
1 17 0 0 0 0 1 2028 3 2 2 1
1 18 0 0 0 0 1 180 3 3 3 2
1 19 0 0 0 0 1 320 3 6 6 3
1 20 1 1 1 0 0 2420 1 3 3 6
2 1 0 0 0 0 1 1548 2 8 8 3
2 2 0 1 0 0 0 3000 1 14 14 8
2 3 1 0 0 1 0 3000 1 8 8 14
2 4 0 1 0 0 0 3000 2 11 11 8
2 5 0 0 0 0 1 903 2 2 2 11
2 6 0 1 0 0 0 3000 2 9 9 2
2 7 0 1 0 0 0 3000 3 14 14 9
2 8 0 1 0 0 0 3000 3 7 7 14
2 9 0 0 0 0 1 800 2 15 15 7
2 10 0 0 0 0 1 517 2 4 4 15
2 11 1 1 1 0 0 2456 1 15 15 4
2 12 0 0 0 0 1 1323 2 3 3 15
2 13 0 0 0 0 1 294 3 1 1 3
2 14 0 0 0 0 1 86 2 1 1 1
2 15 0 1 0 0 0 3000 3 11 11 1
2 16 0 0 0 0 1 1265 2 8 8 11
2 17 0 0 0 0 1 557 2 9 9 8
2 18 1 1 1 0 0 542 1 8 8 9
2 19 0 0 0 0 1 392 2 2 2 8
2 20 0 0 0 0 1 368 2 9 9 2
2 21 1 0 0 1 0 3000 1 2 2 9
2 22 1 0 0 1 0 3000 1 9 9 2
2 23 0 1 0 0 0 3000 2 4 4 9
2 24 0 1 0 0 0 3000 3 10 10 4
2 25 0 1 0 0 0 3000 2 13 13 10
2 26 1 0 0 1 0 3000 1 10 10 13
2 27 1 1 1 0 0 1297 1 13 13 10
2 28 1 1 1 0 0 404 1 10 10 13
2 29 0 0 0 0 1 401 2 6 6 10
2 30 0 0 0 0 1 1500 3 7 7 6
3 1 0 0 0 0 1 1333 2 3 3 7
3 2 0 0 0 0 1 527 1 13 13 3
3 3 0 0 0 0 1 753 3 1 1 13
3 4 0 0 0 0 1 284 2 6 6 1
3 5 1 1 1 0 0 337 1 1 1 6
3 6 0 0 0 0 1 637 2 14 14 1
3 7 0 0 0 0 1 286 3 14 14 14
3 8 0 0 0 0 1 663 3 1 1 14
3 9 0 0 0 0 1 375 3 5 5 1
3 10 1 1 1 0 0 302 1 1 1 5
3 11 0 0 0 0 1 91 3 15 15 1
3 12 0 0 0 0 1 286 2 9 9 15
3 13 0 0 0 0 1 396 3 7 7 9
3 14 0 0 0 0 1 328 3 12 12 7
3 15 0 0 0 0 1 401 2 2 2 12
3 16 0 0 0 0 1 306 2 4 4 2
3 17 1 1 1 0 0 253 1 2 2 4
3 18 1 1 1 0 0 442 1 4 4 2
3 19 0 0 0 0 1 357 2 10 10 4
3 20 1 1 1 0 0 533 1 4 4 10
3 21 0 0 0 0 1 515 2 7 7 4
3 22 1 1 1 0 0 369 1 4 4 7
3 23 0 0 0 0 1 509 2 11 11 4
3 24 0 0 0 0 1 706 3 12 12 11
3 25 0 0 0 0 1 2311 3 5 5 12
3 26 0 0 0 0 1 795 3 10 10 5
3 27 1 1 1 0 0 468 1 5 5 10
3 28 0 0 0 0 1 891 3 7 7 5
3 29 0 0 0 0 1 318 2 9 9 7
3 30 0 0 0 0 1 307 2 1 1 9
