1 1 0 1 0 0 0 3000 1 15 15 0
1 2 0 1 0 0 0 3000 1 3 3 15
1 3 1 1 1 0 0 415 1 15 15 3
1 4 0 1 0 0 0 3000 2 13 13 15
1 5 0 1 0 0 0 3000 3 2 2 13
1 6 0 1 0 0 0 3000 3 6 6 2
1 7 0 1 0 0 0 3000 3 5 5 6
1 8 0 1 0 0 0 3000 3 5 5 5
1 9 0 1 0 0 0 3000 2 12 12 5
1 10 0 0 0 0 1 552 3 15 15 12
1 11 1 1 1 0 0 1032 1 12 12 15
1 12 1 1 1 0 0 823 1 15 15 12
1 13 1 1 1 0 0 752 1 12 12 15
1 14 0 1 0 0 0 3000 2 8 8 12
1 15 0 1 0 0 0 3000 3 1 1 8
1 16 0 1 0 0 0 3000 2 1 1 1
1 17 1 1 1 0 0 311 1 1 1 1
1 18 1 1 1 0 0 619 1 1 1 1
1 19 1 1 1 0 0 505 1 1 1 1
1 20 0 1 0 0 0 3000 3 12 12 1
2 1 0 1 0 0 0 3000 3 9 9 12
2 2 0 1 0 0 0 3000 1 14 14 9
2 3 1 1 1 0 0 357 1 9 9 14
2 4 0 1 0 0 0 3000 3 7 7 9
2 5 0 1 0 0 0 3000 3 15 15 7
2 6 1 1 1 0 0 368 1 7 7 15
2 7 1 1 1 0 0 510 1 15 15 7
2 8 0 1 0 0 0 3000 3 12 12 15
2 9 1 1 1 0 0 466 1 15 15 12
2 10 0 1 0 0 0 3000 2 14 14 15
2 11 0 1 0 0 0 3000 2 3 3 14
2 12 0 1 0 0 0 3000 3 1 1 3
2 13 1 1 1 0 0 1048 1 3 3 1
2 14 0 1 0 0 0 3000 2 2 2 3
2 15 0 1 0 0 0 3000 2 12 12 2
2 16 0 1 0 0 0 3000 3 3 3 12
2 17 1 0 0 1 0 3000 1 12 12 3
2 18 0 1 0 0 0 3000 3 15 15 12
2 19 0 1 0 0 0 3000 3 11 11 15
2 20 0 1 0 0 0 3000 2 4 4 11
2 21 1 1 1 0 0 545 1 11 11 4
2 22 0 1 0 0 0 3000 2 6 6 11
2 23 1 1 1 0 0 620 1 11 11 6
2 24 1 1 1 0 0 1566 1 6 6 11
2 25 0 1 0 0 0 3000 3 14 14 6
2 26 0 1 0 0 0 3000 2 10 10 14
2 27 1 1 1 0 0 428 1 14 14 10
2 28 0 0 0 0 1 899 3 15 15 14
2 29 0 1 0 0 0 3000 2 7 7 15
2 30 1 1 1 0 0 575 1 15 15 7
3 1 0 1 0 0 0 3000 1 10 10 15
3 2 0 0 0 0 1 410 1 10 10 10
3 3 0 1 0 0 0 3000 3 3 3 10
3 4 0 1 0 0 0 3000 2 12 12 3
3 5 1 1 1 0 0 1087 1 3 3 12
3 6 0 1 0 0 0 3000 2 1 1 3
3 7 0 1 0 0 0 3000 2 13 13 1
3 8 0 1 0 0 0 3000 2 14 14 13
3 9 1 0 0 1 0 3000 1 13 13 14
3 10 0 1 0 0 0 3000 3 11 11 13
3 11 0 1 0 0 0 3000 3 6 6 11
3 12 0 1 0 0 0 3000 2 13 13 6
3 13 1 1 1 0 0 966 1 6 6 13
3 14 0 1 0 0 0 3000 3 2 2 6
3 15 0 1 0 0 0 3000 3 13 13 2
3 16 1 1 1 0 0 786 1 2 2 13
3 17 0 1 0 0 0 3000 3 3 3 2
3 18 1 1 1 0 0 629 1 2 2 3
3 19 0 1 0 0 0 3000 2 12 12 2
3 20 0 1 0 0 0 3000 2 14 14 12
3 21 1 1 1 0 0 874 1 12 12 14
3 22 0 0 0 0 1 878 3 2 2 12
3 23 1 1 1 0 0 595 1 12 12 2
3 24 0 1 0 0 0 3000 3 11 11 12
3 25 0 1 0 0 0 3000 2 1 1 11
3 26 0 1 0 0 0 3000 2 15 15 1
3 27 1 1 1 0 0 382 1 1 1 15
3 28 0 1 0 0 0 3000 3 13 13 1
3 29 0 1 0 0 0 3000 3 3 3 13
3 30 0 0 0 0 1 665 3 3 3 3
