1 1 0 1 0 0 0 3000 2 1 1 0
1 2 0 1 0 0 0 3000 1 14 14 1
1 3 0 1 0 0 0 3000 3 9 9 14
1 4 1 0 0 1 0 3000 1 14 14 9
1 5 0 1 0 0 0 3000 2 12 12 14
1 6 0 1 0 0 0 3000 2 8 8 12
1 7 1 1 1 0 0 652 1 12 12 8
1 8 0 0 0 0 1 558 2 12 12 12
1 9 0 0 0 0 1 393 2 4 4 12
1 10 1 1 1 0 0 476 1 12 12 4
1 11 0 0 0 0 1 583 2 1 1 12
1 12 0 0 0 0 1 274 3 2 2 1
1 13 1 1 1 0 0 336 1 1 1 2
1 14 0 1 0 0 0 3000 3 3 3 1
1 15 0 0 0 0 1 410 3 10 10 3
1 16 1 1 1 0 0 526 1 3 3 10
1 17 0 0 0 0 1 521 3 7 7 3
1 18 0 0 0 0 1 388 3 1 1 7
1 19 0 0 0 0 1 287 2 6 6 1
1 20 1 1 1 0 0 416 1 1 1 6
2 1 0 0 0 0 1 631 2 15 15 1
2 2 0 1 0 0 0 3000 1 8 8 15
2 3 0 0 0 0 1 621 3 4 4 8
2 4 0 0 0 0 1 383 3 10 10 4
2 5 0 0 0 0 1 440 2 5 5 10
2 6 1 1 1 0 0 459 1 10 10 5
2 7 1 1 1 0 0 407 1 5 5 10
2 8 1 1 1 0 0 425 1 10 10 5
2 9 0 0 0 0 1 283 3 1 1 10
2 10 1 1 1 0 0 422 1 10 10 1
2 11 1 1 1 0 0 389 1 1 1 10
2 12 0 1 0 0 0 3000 3 11 11 1
2 13 1 1 1 0 0 345 1 1 1 11
2 14 1 1 1 0 0 490 1 11 11 1
2 15 0 0 0 0 1 514 2 3 3 11
2 16 1 1 1 0 0 349 1 11 11 3
2 17 1 0 0 1 0 3000 1 3 3 11
2 18 0 0 0 0 1 263 2 2 2 3
2 19 0 0 0 0 1 274 3 5 5 2
2 20 0 0 0 0 1 380 3 3 3 5
2 21 1 1 1 0 0 383 1 5 5 3
2 22 1 1 1 0 0 443 1 3 3 5
2 23 0 0 0 0 1 376 3 15 15 3
2 24 0 0 0 0 1 328 2 8 8 15
2 25 0 0 0 0 1 440 2 10 10 8
2 26 0 0 0 0 1 407 2 4 4 10
2 27 1 1 1 0 0 358 1 10 10 4
2 28 1 1 1 0 0 359 1 4 4 10
2 29 1 1 1 0 0 486 1 10 10 4
2 30 0 1 0 0 0 3000 3 6 6 10
3 1 0 1 0 0 0 3000 1 6 6 6
3 2 0 1 0 0 0 3000 1 9 9 6
3 3 0 0 0 0 1 372 3 10 10 9
3 4 0 0 0 0 1 645 3 12 12 10
3 5 1 1 1 0 0 385 1 10 10 12
3 6 0 0 0 0 1 556 3 5 5 10
3 7 0 0 0 0 1 311 3 1 1 5
3 8 0 1 0 0 0 3000 3 14 14 1
3 9 0 0 0 0 1 398 2 11 11 14
3 10 0 0 0 0 1 400 3 1 1 11
3 11 0 0 0 0 1 406 3 4 4 1
3 12 0 0 0 0 1 428 2 13 13 4
3 13 0 0 0 0 1 437 2 2 2 13
3 14 0 0 0 0 1 468 3 2 2 2
3 15 1 0 0 1 0 3000 1 2 2 2
3 16 0 0 0 0 1 312 2 13 13 2
3 17 1 1 1 0 0 657 1 2 2 13
3 18 0 0 0 0 1 500 3 3 3 2
3 19 0 1 0 0 0 3000 3 1 1 3
3 20 1 1 1 0 0 369 1 3 3 1
3 21 0 1 0 0 0 3000 2 10 10 3
3 22 1 1 1 0 0 377 1 3 3 10
3 23 0 1 0 0 0 3000 2 4 4 3
3 24 0 0 0 0 1 228 3 14 14 4
3 25 1 1 1 0 0 361 1 4 4 14
3 26 0 1 0 0 0 3000 2 13 13 4
3 27 0 0 0 0 1 427 3 2 2 13
3 28 0 0 0 0 1 462 2 14 14 2
3 29 1 1 1 0 0 383 1 2 2 14
3 30 1 1 1 0 0 501 1 14 14 2
