1 1 0 0 0 0 1 1634 3 14 14 0
1 2 0 0 0 0 1 709 1 2 2 14
1 3 0 0 0 0 1 931 2 1 1 2
1 4 0 0 0 0 1 1361 3 9 9 1
1 5 1 1 1 0 0 524 1 1 1 9
1 6 0 0 0 0 1 833 3 7 7 1
1 7 1 1 1 0 0 794 1 1 1 7
1 8 1 1 1 0 0 567 1 7 7 1
1 9 1 1 1 0 0 642 1 1 1 7
1 10 0 0 0 0 1 500 2 6 6 1
1 11 0 1 0 0 0 3000 3 4 4 6
1 12 1 1 1 0 0 387 1 6 6 4
1 13 0 0 0 0 1 640 2 12 12 6
1 14 0 0 0 0 1 355 3 14 14 12
1 15 0 0 0 0 1 441 2 9 9 14
1 16 1 1 1 0 0 2413 1 14 14 9
1 17 0 1 0 0 0 3000 2 3 3 14
1 18 0 0 0 0 1 383 2 10 10 3
1 19 0 0 0 0 1 673 2 1 1 10
1 20 0 1 0 0 0 3000 2 9 9 1
2 1 0 0 0 0 1 2855 1 7 7 9
2 2 0 1 0 0 0 3000 1 1 1 7
2 3 1 1 1 0 0 213 1 7 7 1
2 4 1 1 1 0 0 699 1 1 1 7
2 5 1 1 1 0 0 97 1 7 7 1
2 6 0 0 0 0 1 352 3 5 5 7
2 7 1 1 1 0 0 802 1 7 7 5
2 8 1 1 1 0 0 1998 1 5 5 7
2 9 0 0 0 0 1 1443 3 12 12 5
2 10 0 0 0 0 1 552 2 12 12 12
2 11 1 1 1 0 0 1476 1 12 12 12
2 12 1 1 1 0 0 695 1 12 12 12
2 13 0 0 0 0 1 707 3 15 15 12
2 14 0 1 0 0 0 3000 3 4 4 15
2 15 0 0 0 0 1 546 2 1 1 4
2 16 1 1 1 0 0 107 1 4 4 1
2 17 0 0 0 0 1 1242 3 9 9 4
2 18 0 0 0 0 1 766 3 6 6 9
2 19 1 1 1 0 0 305 1 9 9 6
2 20 0 0 0 0 1 773 3 13 13 9
2 21 1 1 1 0 0 2107 1 9 9 13
2 22 0 1 0 0 0 3000 3 5 5 9
2 23 0 0 0 0 1 551 3 8 8 5
2 24 0 0 0 0 1 2859 3 11 11 8
2 25 1 0 0 1 0 3000 1 8 8 11
2 26 1 1 1 0 0 800 1 11 11 8
2 27 0 0 0 0 1 1021 3 4 4 11
2 28 0 0 0 0 1 1442 2 3 3 4
2 29 1 1 1 0 0 492 1 4 4 3
2 30 0 0 0 0 1 10 2 7 7 4
3 1 0 0 0 0 1 1569 3 2 2 7
3 2 0 0 0 0 1 1254 3 12 12 2
3 3 0 0 0 0 1 16 3 6 6 12
3 4 0 0 0 0 1 812 3 11 11 6
3 5 0 0 0 0 1 239 3 8 8 11
3 6 0 0 0 0 1 1249 3 4 4 8
3 7 0 0 0 0 1 323 3 11 11 4
3 8 1 1 1 0 0 351 1 4 4 11
3 9 0 0 0 0 1 674 2 13 13 4
3 10 0 0 0 0 1 324 2 9 9 13
3 11 1 1 1 0 0 123 1 13 13 9
3 12 1 1 1 0 0 583 1 9 9 13
3 13 0 0 0 0 1 194 3 7 7 9
3 14 0 0 0 0 1 1470 3 5 5 7
3 15 0 0 0 0 1 360 3 13 13 5
3 16 1 1 1 0 0 602 1 5 5 13
3 17 1 0 0 1 0 3000 1 13 13 5
3 18 0 0 0 0 1 390 2 4 4 13
3 19 1 1 1 0 0 533 1 13 13 4
3 20 0 0 0 0 1 176 2 5 5 13
3 21 0 0 0 0 1 361 2 5 5 5
3 22 1 1 1 0 0 436 1 5 5 5
3 23 0 0 0 0 1 233 2 9 9 5
3 24 0 0 0 0 1 993 2 10 10 9
3 25 0 0 0 0 1 998 2 11 11 10
3 26 0 0 0 0 1 867 3 1 1 11
3 27 0 0 0 0 1 577 3 13 13 1
3 28 0 0 0 0 1 528 3 11 11 13
3 29 1 1 1 0 0 408 1 13 13 11
3 30 0 0 0 0 1 683 2 2 2 13
