1 1 0 1 0 0 0 3000 2 11 11 0
1 2 0 1 0 0 0 3000 2 2 2 11
1 3 0 1 0 0 0 3000 3 1 1 2
1 4 0 1 0 0 0 3000 2 4 4 1
1 5 1 0 0 1 0 3000 1 1 1 4
1 6 1 0 0 1 0 3000 1 4 4 1
1 7 0 1 0 0 0 3000 3 12 12 4
1 8 1 0 0 1 0 3000 1 4 4 12
1 9 0 1 0 0 0 3000 3 4 4 4
1 10 1 0 0 1 0 3000 1 4 4 4
1 11 0 1 0 0 0 3000 2 7 7 4
1 12 0 1 0 0 0 3000 3 9 9 7
1 13 1 0 0 1 0 3000 1 7 7 9
1 14 0 0 0 0 1 528 2 4 4 7
1 15 1 0 0 1 0 3000 1 7 7 4
1 16 1 0 0 1 0 3000 1 4 4 7
1 17 1 1 1 0 0 812 1 7 7 4
1 18 0 1 0 0 0 3000 3 9 9 7
1 19 0 1 0 0 0 3000 3 15 15 9
1 20 0 1 0 0 0 3000 2 11 11 15
2 1 0 1 0 0 0 3000 3 11 11 11
2 2 0 1 0 0 0 3000 3 9 9 11
2 3 0 1 0 0 0 3000 2 9 9 9
2 4 0 1 0 0 0 3000 2 15 15 9
2 5 0 1 0 0 0 3000 2 13 13 15
2 6 1 1 1 0 0 476 1 15 15 13
2 7 1 0 0 1 0 3000 1 13 13 15
2 8 0 1 0 0 0 3000 2 14 14 13
2 9 1 1 1 0 0 444 1 13 13 14
2 10 0 1 0 0 0 3000 2 1 1 13
2 11 0 1 0 0 0 3000 2 9 9 1
2 12 0 1 0 0 0 3000 2 14 14 9
2 13 1 0 0 1 0 3000 1 9 9 14
2 14 0 1 0 0 0 3000 2 2 2 9
2 15 0 1 0 0 0 3000 2 5 5 2
2 16 1 1 1 0 0 516 1 2 2 5
2 17 0 1 0 0 0 3000 3 14 14 2
2 18 1 0 0 1 0 3000 1 2 2 14
2 19 0 1 0 0 0 3000 2 3 3 2
2 20 0 1 0 0 0 3000 3 7 7 3
2 21 1 1 1 0 0 528 1 3 3 7
2 22 0 1 0 0 0 3000 2 3 3 3
2 23 0 1 0 0 0 3000 2 1 1 3
2 24 0 1 0 0 0 3000 3 14 14 1
2 25 0 0 0 0 1 493 3 12 12 14
2 26 0 1 0 0 0 3000 2 5 5 12
2 27 1 0 0 1 0 3000 1 12 12 5
2 28 0 0 0 0 1 515 3 12 12 12
2 29 0 1 0 0 0 3000 3 15 15 12
2 30 0 0 0 0 1 830 3 15 15 15
3 1 0 1 0 0 0 3000 3 5 5 15
3 2 0 1 0 0 0 3000 2 1 1 5
3 3 1 1 1 0 0 550 1 5 5 1
3 4 0 1 0 0 0 3000 3 15 15 5
3 5 0 1 0 0 0 3000 3 9 9 15
3 6 0 1 0 0 0 3000 3 4 4 9
3 7 1 0 0 1 0 3000 1 9 9 4
3 8 0 1 0 0 0 3000 3 15 15 9
3 9 0 1 0 0 0 3000 3 5 5 15
3 10 0 1 0 0 0 3000 2 11 11 5
3 11 0 1 0 0 0 3000 2 8 8 11
3 12 0 1 0 0 0 3000 3 14 14 8
3 13 0 1 0 0 0 3000 3 11 11 14
3 14 0 1 0 0 0 3000 3 9 9 11
3 15 0 1 0 0 0 3000 3 4 4 9
3 16 0 1 0 0 0 3000 2 8 8 4
3 17 0 1 0 0 0 3000 3 6 6 8
3 18 0 1 0 0 0 3000 3 15 15 6
3 19 0 0 0 0 1 914 3 8 8 15
3 20 0 1 0 0 0 3000 2 2 2 8
3 21 0 1 0 0 0 3000 3 11 11 2
3 22 1 0 0 1 0 3000 1 2 2 11
3 23 0 1 0 0 0 3000 3 13 13 2
3 24 0 1 0 0 0 3000 2 7 7 13
3 25 0 1 0 0 0 3000 3 10 10 7
3 26 0 0 0 0 1 1594 2 10 10 10
3 27 0 1 0 0 0 3000 3 5 5 10
3 28 0 1 0 0 0 3000 2 12 12 5
3 29 0 1 0 0 0 3000 3 1 1 12
3 30 1 1 1 0 0 381 1 12 12 1
