1 1 0 1 0 0 0 3000 3 13 13 0
1 2 0 1 0 0 0 3000 3 15 15 13
1 3 0 1 0 0 0 3000 2 8 8 15
1 4 1 1 1 0 0 774 1 15 15 8
1 5 1 1 1 0 0 933 1 8 8 15
1 6 0 1 0 0 0 3000 3 12 12 8
1 7 0 0 0 0 1 557 3 2 2 12
1 8 0 1 0 0 0 3000 2 9 9 2
1 9 1 1 1 0 0 408 1 2 2 9
1 10 0 1 0 0 0 3000 3 8 8 2
1 11 0 1 0 0 0 3000 2 6 6 8
1 12 0 1 0 0 0 3000 2 1 1 6
1 13 0 1 0 0 0 3000 3 4 4 1
1 14 0 1 0 0 0 3000 3 8 8 4
1 15 0 1 0 0 0 3000 3 3 3 8
1 16 0 1 0 0 0 3000 2 5 5 3
1 17 0 1 0 0 0 3000 2 15 15 5
1 18 0 1 0 0 0 3000 2 11 11 15
1 19 0 1 0 0 0 3000 3 5 5 11
1 20 1 1 1 0 0 463 1 11 11 5
2 1 0 1 0 0 0 3000 2 11 11 11
2 2 0 1 0 0 0 3000 3 3 3 11
2 3 0 1 0 0 0 3000 3 7 7 3
2 4 1 1 1 0 0 875 1 3 3 7
2 5 0 1 0 0 0 3000 3 9 9 3
2 6 0 1 0 0 0 3000 2 1 1 9
2 7 1 1 1 0 0 410 1 9 9 1
2 8 0 1 0 0 0 3000 2 3 3 9
2 9 0 1 0 0 0 3000 3 14 14 3
2 10 0 1 0 0 0 3000 2 14 14 14
2 11 0 1 0 0 0 3000 3 2 2 14
2 12 0 1 0 0 0 3000 2 13 13 2
2 13 0 1 0 0 0 3000 2 7 7 13
2 14 0 1 0 0 0 3000 2 10 10 7
2 15 0 1 0 0 0 3000 3 8 8 10
2 16 0 1 0 0 0 3000 2 7 7 8
2 17 0 1 0 0 0 3000 2 14 14 7
2 18 1 1 1 0 0 406 1 7 7 14
2 19 1 1 1 0 0 794 1 14 14 7
2 20 0 1 0 0 0 3000 2 14 14 14
2 21 0 1 0 0 0 3000 3 5 5 14
2 22 0 1 0 0 0 3000 3 7 7 5
2 23 1 1 1 0 0 1439 1 5 5 7
2 24 0 1 0 0 0 3000 2 6 6 5
2 25 0 1 0 0 0 3000 2 14 14 6
2 26 1 1 1 0 0 873 1 6 6 14
2 27 0 1 0 0 0 3000 3 5 5 6
2 28 0 1 0 0 0 3000 3 1 1 5
2 29 0 1 0 0 0 3000 3 2 2 1
2 30 0 1 0 0 0 3000 2 13 13 2
3 1 0 1 0 0 0 3000 2 15 15 13
3 2 0 1 0 0 0 3000 1 14 14 15
3 3 1 1 1 0 0 447 1 15 15 14
3 4 1 1 1 0 0 862 1 14 14 15
3 5 0 1 0 0 0 3000 3 4 4 14
3 6 1 1 1 0 0 403 1 14 14 4
3 7 0 1 0 0 0 3000 2 13 13 14
3 8 1 1 1 0 0 573 1 14 14 13
3 9 0 1 0 0 0 3000 3 5 5 14
3 10 0 1 0 0 0 3000 2 10 10 5
3 11 1 1 1 0 0 509 1 5 5 10
3 12 0 1 0 0 0 3000 3 6 6 5
3 13 0 1 0 0 0 3000 3 14 14 6
3 14 0 1 0 0 0 3000 3 3 3 14
3 15 0 1 0 0 0 3000 3 6 6 3
3 16 0 1 0 0 0 3000 2 2 2 6
3 17 0 1 0 0 0 3000 2 5 5 2
3 18 1 1 1 0 0 412 1 2 2 5
3 19 0 1 0 0 0 3000 2 4 4 2
3 20 0 1 0 0 0 3000 3 14 14 4
3 21 0 1 0 0 0 3000 3 15 15 14
3 22 0 1 0 0 0 3000 3 7 7 15
3 23 0 1 0 0 0 3000 3 10 10 7
3 24 0 0 0 0 1 670 2 10 10 10
3 25 0 1 0 0 0 3000 2 4 4 10
3 26 1 0 0 1 0 3000 1 10 10 4
3 27 0 1 0 0 0 3000 3 15 15 10
3 28 1 1 1 0 0 595 1 10 10 15
3 29 1 0 0 1 0 3000 1 15 15 10
3 30 0 1 0 0 0 3000 3 5 5 15
