1 1 0 1 0 0 0 3000 2 6 6 0
1 2 0 1 0 0 0 3000 2 14 14 6
1 3 0 1 0 0 0 3000 2 9 9 14
1 4 1 0 0 1 0 3000 1 14 14 9
1 5 0 1 0 0 0 3000 3 10 10 14
1 6 0 1 0 0 0 3000 2 5 5 10
1 7 0 1 0 0 0 3000 3 11 11 5
1 8 1 0 0 1 0 3000 1 5 5 11
1 9 0 1 0 0 0 3000 2 3 3 5
1 10 1 0 0 1 0 3000 1 5 5 3
1 11 0 1 0 0 0 3000 2 2 2 5
1 12 1 0 0 1 0 3000 1 5 5 2
1 13 1 0 0 1 0 3000 1 2 2 5
1 14 0 1 0 0 0 3000 2 3 3 2
1 15 0 1 0 0 0 3000 3 4 4 3
1 16 0 1 0 0 0 3000 2 5 5 4
1 17 0 1 0 0 0 3000 2 15 15 5
1 18 0 1 0 0 0 3000 2 7 7 15
1 19 1 0 0 1 0 3000 1 15 15 7
1 20 0 1 0 0 0 3000 2 9 9 15
2 1 0 1 0 0 0 3000 2 10 10 9
2 2 0 1 0 0 0 3000 2 15 15 10
2 3 0 1 0 0 0 3000 3 11 11 15
2 4 1 0 0 1 0 3000 1 15 15 11
2 5 0 1 0 0 0 3000 3 5 5 15
2 6 0 1 0 0 0 3000 3 9 9 5
2 7 1 0 0 1 0 3000 1 5 5 9
2 8 0 1 0 0 0 3000 3 12 12 5
2 9 1 0 0 1 0 3000 1 5 5 12
2 10 0 1 0 0 0 3000 2 1 1 5
2 11 0 1 0 0 0 3000 2 12 12 1
2 12 1 0 0 1 0 3000 1 1 1 12
2 13 1 0 0 1 0 3000 1 12 12 1
2 14 0 1 0 0 0 3000 3 6 6 12
2 15 0 1 0 0 0 3000 2 5 5 6
2 16 0 1 0 0 0 3000 3 14 14 5
2 17 1 0 0 1 0 3000 1 5 5 14
2 18 0 1 0 0 0 3000 3 8 8 5
2 19 1 0 0 1 0 3000 1 5 5 8
2 20 1 0 0 1 0 3000 1 8 8 5
2 21 0 1 0 0 0 3000 3 14 14 8
2 22 0 1 0 0 0 3000 3 11 11 14
2 23 0 1 0 0 0 3000 2 13 13 11
2 24 1 0 0 1 0 3000 1 11 11 13
2 25 0 1 0 0 0 3000 2 9 9 11
2 26 0 1 0 0 0 3000 2 2 2 9
2 27 0 1 0 0 0 3000 2 15 15 2
2 28 1 0 0 1 0 3000 1 2 2 15
2 29 1 0 0 1 0 3000 1 15 15 2
2 30 1 0 0 1 0 3000 1 2 2 15
3 1 0 1 0 0 0 3000 3 14 14 2
3 2 0 1 0 0 0 3000 1 15 15 14
3 3 0 1 0 0 0 3000 3 11 11 15
3 4 1 0 0 1 0 3000 1 15 15 11
3 5 1 0 0 1 0 3000 1 11 11 15
3 6 0 1 0 0 0 3000 2 12 12 11
3 7 0 1 0 0 0 3000 3 10 10 12
3 8 0 1 0 0 0 3000 2 15 15 10
3 9 1 0 0 1 0 3000 1 10 10 15
3 10 0 0 0 0 1 1044 3 9 9 10
3 11 0 1 0 0 0 3000 3 5 5 9
3 12 1 0 0 1 0 3000 1 9 9 5
3 13 1 0 0 1 0 3000 1 5 5 9
3 14 1 0 0 1 0 3000 1 9 9 5
3 15 0 1 0 0 0 3000 3 4 4 9
3 16 0 1 0 0 0 3000 2 4 4 4
3 17 0 1 0 0 0 3000 3 14 14 4
3 18 1 0 0 1 0 3000 1 4 4 14
3 19 0 1 0 0 0 3000 3 1 1 4
3 20 0 1 0 0 0 3000 3 14 14 1
3 21 1 0 0 1 0 3000 1 1 1 14
3 22 1 0 0 1 0 3000 1 14 14 1
3 23 0 1 0 0 0 3000 3 14 14 14
3 24 1 0 0 1 0 3000 1 14 14 14
3 25 0 1 0 0 0 3000 2 8 8 14
3 26 1 0 0 1 0 3000 1 14 14 8
3 27 0 1 0 0 0 3000 2 4 4 14
3 28 0 1 0 0 0 3000 2 12 12 4
3 29 1 0 0 1 0 3000 1 4 4 12
3 30 0 1 0 0 0 3000 3 6 6 4
