1 1 0 1 0 0 0 3000 1 14 14 0
1 2 0 1 0 0 0 3000 3 6 6 14
1 3 0 1 0 0 0 3000 2 15 15 6
1 4 1 0 0 1 0 3000 1 6 6 15
1 5 0 1 0 0 0 3000 2 8 8 6
1 6 1 1 1 0 0 589 1 6 6 8
1 7 1 0 0 1 0 3000 1 8 8 6
1 8 0 1 0 0 0 3000 2 15 15 8
1 9 1 1 1 0 0 582 1 8 8 15
1 10 1 0 0 1 0 3000 1 15 15 8
1 11 0 1 0 0 0 3000 3 2 2 15
1 12 0 1 0 0 0 3000 2 11 11 2
1 13 1 1 1 0 0 484 1 2 2 11
1 14 0 1 0 0 0 3000 3 15 15 2
1 15 0 1 0 0 0 3000 2 11 11 15
1 16 1 1 1 0 0 418 1 15 15 11
1 17 1 0 0 1 0 3000 1 11 11 15
1 18 1 1 1 0 0 612 1 15 15 11
1 19 1 0 0 1 0 3000 1 11 11 15
1 20 0 1 0 0 0 3000 3 12 12 11
2 1 0 1 0 0 0 3000 3 12 12 12
2 2 0 1 0 0 0 3000 1 1 1 12
2 3 0 1 0 0 0 3000 3 15 15 1
2 4 0 0 0 0 1 957 3 8 8 15
2 5 1 0 0 1 0 3000 1 15 15 8
2 6 0 1 0 0 0 3000 2 14 14 15
2 7 0 1 0 0 0 3000 3 9 9 14
2 8 0 1 0 0 0 3000 3 8 8 9
2 9 0 1 0 0 0 3000 2 10 10 8
2 10 1 1 1 0 0 624 1 8 8 10
2 11 0 0 0 0 1 568 3 8 8 8
2 12 1 1 1 0 0 891 1 8 8 8
2 13 1 0 0 1 0 3000 1 8 8 8
2 14 0 1 0 0 0 3000 2 10 10 8
2 15 0 1 0 0 0 3000 3 2 2 10
2 16 0 1 0 0 0 3000 2 7 7 2
2 17 1 1 1 0 0 615 1 2 2 7
2 18 0 1 0 0 0 3000 3 13 13 2
2 19 1 0 0 1 0 3000 1 2 2 13
2 20 1 1 1 0 0 679 1 13 13 2
2 21 0 1 0 0 0 3000 3 8 8 13
2 22 0 1 0 0 0 3000 3 7 7 8
2 23 1 1 1 0 0 565 1 8 8 7
2 24 1 1 1 0 0 981 1 7 7 8
2 25 1 1 1 0 0 731 1 8 8 7
2 26 1 1 1 0 0 690 1 7 7 8
2 27 1 1 1 0 0 650 1 8 8 7
2 28 0 1 0 0 0 3000 3 1 1 8
2 29 0 1 0 0 0 3000 3 11 11 1
2 30 0 1 0 0 0 3000 3 9 9 11
3 1 0 1 0 0 0 3000 1 8 8 9
3 2 0 1 0 0 0 3000 3 10 10 8
3 3 0 0 0 0 1 555 2 10 10 10
3 4 1 1 1 0 0 873 1 10 10 10
3 5 0 1 0 0 0 3000 2 14 14 10
3 6 0 0 0 0 1 829 2 14 14 14
3 7 0 0 0 0 1 873 3 10 10 14
3 8 0 1 0 0 0 3000 2 5 5 10
3 9 0 1 0 0 0 3000 2 8 8 5
3 10 0 1 0 0 0 3000 2 6 6 8
3 11 0 1 0 0 0 3000 3 7 7 6
3 12 0 1 0 0 0 3000 2 9 9 7
3 13 1 1 1 0 0 494 1 7 7 9
3 14 0 1 0 0 0 3000 2 2 2 7
3 15 1 1 1 0 0 488 1 7 7 2
3 16 0 0 0 0 1 964 2 8 8 7
3 17 0 1 0 0 0 3000 2 3 3 8
3 18 1 0 0 1 0 3000 1 8 8 3
3 19 0 1 0 0 0 3000 2 15 15 8
3 20 0 0 0 0 1 439 2 3 3 15
3 21 0 1 0 0 0 3000 2 11 11 3
3 22 0 1 0 0 0 3000 3 7 7 11
3 23 1 1 1 0 0 488 1 11 11 7
3 24 0 1 0 0 0 3000 2 14 14 11
3 25 0 1 0 0 0 3000 2 5 5 14
3 26 0 1 0 0 0 3000 3 2 2 5
3 27 0 1 0 0 0 3000 2 10 10 2
3 28 1 1 1 0 0 543 1 2 2 10
3 29 0 1 0 0 0 3000 2 8 8 2
3 30 0 1 0 0 0 3000 3 14 14 8
