1 1 0 1 0 0 0 3000 2 15 15 0
1 2 0 1 0 0 0 3000 3 5 5 15
1 3 1 1 1 0 0 631 1 15 15 5
1 4 1 1 1 0 0 872 1 5 5 15
1 5 0 0 0 0 1 683 2 14 14 5
1 6 0 0 0 0 1 810 3 9 9 14
1 7 0 0 0 0 1 748 2 10 10 9
1 8 0 0 0 0 1 584 2 11 11 10
1 9 0 1 0 0 0 3000 2 7 7 11
1 10 0 1 0 0 0 3000 2 3 3 7
1 11 1 1 1 0 0 532 1 7 7 3
1 12 1 1 1 0 0 436 1 3 3 7
1 13 1 0 0 1 0 3000 1 7 7 3
1 14 0 0 0 0 1 2848 3 4 4 7
1 15 1 0 0 1 0 3000 1 7 7 4
1 16 1 1 1 0 0 794 1 4 4 7
1 17 0 0 0 0 1 741 3 12 12 4
1 18 0 0 0 0 1 920 2 9 9 12
1 19 1 1 1 0 0 716 1 12 12 9
1 20 0 0 0 0 1 640 2 3 3 12
2 1 0 0 0 0 1 2048 3 10 10 3
2 2 0 0 0 0 1 547 2 9 9 10
2 3 0 0 0 0 1 103 2 4 4 9
2 4 1 1 1 0 0 756 1 9 9 4
2 5 0 0 0 0 1 513 3 3 3 9
2 6 0 0 0 0 1 623 3 15 15 3
2 7 0 1 0 0 0 3000 2 4 4 15
2 8 1 0 0 1 0 3000 1 15 15 4
2 9 0 1 0 0 0 3000 3 1 1 15
2 10 1 1 1 0 0 728 1 15 15 1
2 11 1 1 1 0 0 722 1 1 1 15
2 12 0 0 0 0 1 446 3 5 5 1
2 13 1 1 1 0 0 890 1 1 1 5
2 14 1 1 1 0 0 785 1 5 5 1
2 15 1 1 1 0 0 204 1 1 1 5
2 16 0 1 0 0 0 3000 3 8 8 1
2 17 1 0 0 1 0 3000 1 1 1 8
2 18 0 1 0 0 0 3000 3 15 15 1
2 19 0 0 0 0 1 1647 3 2 2 15
2 20 1 1 1 0 0 803 1 15 15 2
2 21 0 0 0 0 1 13 2 15 15 15
2 22 0 0 0 0 1 1078 2 14 14 15
2 23 1 1 1 0 0 1757 1 15 15 14
2 24 0 0 0 0 1 1202 2 11 11 15
2 25 1 1 1 0 0 605 1 15 15 11
2 26 1 1 1 0 0 196 1 11 11 15
2 27 1 1 1 0 0 2332 1 15 15 11
2 28 0 0 0 0 1 2346 3 4 4 15
2 29 0 0 0 0 1 1042 2 5 5 4
2 30 1 1 1 0 0 660 1 4 4 5
3 1 0 0 0 0 1 1420 1 15 15 4
3 2 0 0 0 0 1 304 2 7 7 15
3 3 1 1 1 0 0 584 1 15 15 7
3 4 0 0 0 0 1 1481 2 10 10 15
3 5 0 0 0 0 1 1338 2 7 7 10
3 6 1 1 1 0 0 46 1 10 10 7
3 7 1 1 1 0 0 605 1 7 7 10
3 8 0 0 0 0 1 357 3 9 9 7
3 9 0 0 0 0 1 242 3 10 10 9
3 10 0 0 0 0 1 968 3 3 3 10
3 11 0 0 0 0 1 880 3 5 5 3
3 12 0 1 0 0 0 3000 3 8 8 5
3 13 0 1 0 0 0 3000 3 15 15 8
3 14 1 0 0 1 0 3000 1 8 8 15
3 15 0 1 0 0 0 3000 3 9 9 8
3 16 0 0 0 0 1 2347 2 15 15 9
3 17 0 0 0 0 1 663 3 1 1 15
3 18 0 0 0 0 1 892 2 4 4 1
3 19 0 0 0 0 1 542 3 9 9 4
3 20 1 1 1 0 0 1685 1 4 4 9
3 21 0 1 0 0 0 3000 3 13 13 4
3 22 0 0 0 0 1 3124 2 14 14 13
3 23 0 0 0 0 1 1076 3 10 10 14
3 24 0 0 0 0 1 386 3 6 6 10
3 25 0 0 0 0 1 735 3 7 7 6
3 26 0 0 0 0 1 840 2 13 13 7
3 27 1 1 1 0 0 1094 1 7 7 13
3 28 0 0 0 0 1 28 2 8 8 7
3 29 0 0 0 0 1 970 3 10 10 8
3 30 0 0 0 0 1 576 2 10 10 10
