1 1 0 1 0 0 0 3000 1 13 13 0
1 2 0 1 0 0 0 3000 3 5 5 13
1 3 0 1 0 0 0 3000 3 8 8 5
1 4 1 1 1 0 0 544 1 5 5 8
1 5 0 1 0 0 0 3000 3 9 9 5
1 6 0 1 0 0 0 3000 2 10 10 9
1 7 0 1 0 0 0 3000 3 15 15 10
1 8 0 1 0 0 0 3000 3 4 4 15
1 9 0 1 0 0 0 3000 2 12 12 4
1 10 1 1 1 0 0 434 1 4 4 12
1 11 1 1 1 0 0 1910 1 12 12 4
1 12 1 1 1 0 0 917 1 4 4 12
1 13 0 1 0 0 0 3000 3 3 3 4
1 14 1 1 1 0 0 592 1 4 4 3
1 15 0 1 0 0 0 3000 2 5 5 4
1 16 0 1 0 0 0 3000 2 10 10 5
1 17 1 1 1 0 0 537 1 5 5 10
1 18 0 1 0 0 0 3000 2 15 15 5
1 19 0 1 0 0 0 3000 3 13 13 15
1 20 0 1 0 0 0 3000 3 9 9 13
2 1 0 1 0 0 0 3000 2 14 14 9
2 2 0 1 0 0 0 3000 3 15 15 14
2 3 0 0 0 0 1 604 3 15 15 15
2 4 0 1 0 0 0 3000 3 9 9 15
2 5 1 1 1 0 0 429 1 15 15 9
2 6 0 1 0 0 0 3000 2 7 7 15
2 7 0 1 0 0 0 3000 2 9 9 7
2 8 0 0 0 0 1 580 2 15 15 9
2 9 0 1 0 0 0 3000 2 2 2 15
2 10 1 0 0 1 0 3000 1 15 15 2
2 11 0 1 0 0 0 3000 3 11 11 15
2 12 0 1 0 0 0 3000 3 12 12 11
2 13 0 1 0 0 0 3000 3 9 9 12
2 14 0 1 0 0 0 3000 2 5 5 9
2 15 0 1 0 0 0 3000 2 1 1 5
2 16 0 1 0 0 0 3000 2 11 11 1
2 17 0 1 0 0 0 3000 2 11 11 11
2 18 0 1 0 0 0 3000 2 7 7 11
2 19 0 1 0 0 0 3000 3 5 5 7
2 20 0 1 0 0 0 3000 3 3 3 5
2 21 0 1 0 0 0 3000 2 2 2 3
2 22 1 1 1 0 0 575 1 3 3 2
2 23 1 1 1 0 0 1031 1 2 2 3
2 24 1 1 1 0 0 495 1 3 3 2
2 25 0 1 0 0 0 3000 3 12 12 3
2 26 1 1 1 0 0 616 1 3 3 12
2 27 0 1 0 0 0 3000 2 6 6 3
2 28 0 0 0 0 1 703 3 12 12 6
2 29 0 1 0 0 0 3000 3 11 11 12
2 30 1 1 1 0 0 701 1 12 12 11
3 1 0 1 0 0 0 3000 1 13 13 12
3 2 0 1 0 0 0 3000 3 4 4 13
3 3 1 1 1 0 0 493 1 13 13 4
3 4 0 1 0 0 0 3000 3 1 1 13
3 5 0 1 0 0 0 3000 2 15 15 1
3 6 0 1 0 0 0 3000 3 11 11 15
3 7 0 1 0 0 0 3000 3 3 3 11
3 8 1 1 1 0 0 438 1 11 11 3
3 9 1 1 1 0 0 799 1 3 3 11
3 10 0 1 0 0 0 3000 3 9 9 3
3 11 0 1 0 0 0 3000 2 6 6 9
3 12 0 1 0 0 0 3000 3 11 11 6
3 13 1 1 1 0 0 573 1 6 6 11
3 14 0 1 0 0 0 3000 3 4 4 6
3 15 1 1 1 0 0 503 1 6 6 4
3 16 0 1 0 0 0 3000 2 9 9 6
3 17 0 0 0 0 1 435 3 4 4 9
3 18 1 1 1 0 0 659 1 9 9 4
3 19 1 1 1 0 0 665 1 4 4 9
3 20 0 0 0 0 1 588 2 6 6 4
3 21 0 1 0 0 0 3000 3 14 14 6
3 22 0 1 0 0 0 3000 2 4 4 14
3 23 1 1 1 0 0 717 1 14 14 4
3 24 0 1 0 0 0 3000 3 2 2 14
3 25 1 1 1 0 0 389 1 14 14 2
3 26 0 1 0 0 0 3000 3 6 6 14
3 27 0 1 0 0 0 3000 2 4 4 6
3 28 0 1 0 0 0 3000 3 1 1 4
3 29 0 1 0 0 0 3000 2 3 3 1
3 30 1 1 1 0 0 340 1 1 1 3
