1 1 0 1 0 0 0 3000 3 9 9 0
1 2 0 1 0 0 0 3000 2 6 6 9
1 3 0 1 0 0 0 3000 2 3 3 6
1 4 1 1 1 0 0 1327 1 6 6 3
1 5 0 1 0 0 0 3000 3 10 10 6
1 6 0 1 0 0 0 3000 3 7 7 10
1 7 0 1 0 0 0 3000 3 2 2 7
1 8 0 1 0 0 0 3000 2 4 4 2
1 9 0 1 0 0 0 3000 2 3 3 4
1 10 1 1 1 0 0 486 1 4 4 3
1 11 0 1 0 0 0 3000 2 5 5 4
1 12 0 1 0 0 0 3000 2 1 1 5
1 13 0 1 0 0 0 3000 3 15 15 1
1 14 1 1 1 0 0 610 1 1 1 15
1 15 0 1 0 0 0 3000 2 4 4 1
1 16 1 1 1 0 0 697 1 1 1 4
1 17 0 1 0 0 0 3000 3 15 15 1
1 18 0 1 0 0 0 3000 3 11 11 15
1 19 0 1 0 0 0 3000 3 11 11 11
1 20 0 1 0 0 0 3000 2 14 14 11
2 1 0 1 0 0 0 3000 2 7 7 14
2 2 0 1 0 0 0 3000 1 11 11 7
2 3 1 1 1 0 0 405 1 7 7 11
2 4 0 1 0 0 0 3000 3 8 8 7
2 5 0 1 0 0 0 3000 2 5 5 8
2 6 1 1 1 0 0 672 1 8 8 5
2 7 1 1 1 0 0 788 1 5 5 8
2 8 0 1 0 0 0 3000 3 4 4 5
2 9 1 1 1 0 0 749 1 5 5 4
2 10 0 0 0 0 1 1272 2 5 5 5
2 11 1 1 1 0 0 530 1 5 5 5
2 12 0 1 0 0 0 3000 3 1 1 5
2 13 0 1 0 0 0 3000 2 10 10 1
2 14 0 0 0 0 1 813 3 5 5 10
2 15 0 1 0 0 0 3000 3 9 9 5
2 16 0 1 0 0 0 3000 2 12 12 9
2 17 0 1 0 0 0 3000 2 1 1 12
2 18 0 1 0 0 0 3000 3 7 7 1
2 19 1 1 1 0 0 495 1 1 1 7
2 20 1 1 1 0 0 1080 1 7 7 1
2 21 0 1 0 0 0 3000 3 9 9 7
2 22 1 1 1 0 0 825 1 7 7 9
2 23 0 1 0 0 0 3000 2 10 10 7
2 24 0 1 0 0 0 3000 3 2 2 10
2 25 0 1 0 0 0 3000 2 11 11 2
2 26 0 1 0 0 0 3000 2 6 6 11
2 27 1 1 1 0 0 855 1 11 11 6
2 28 0 1 0 0 0 3000 2 4 4 11
2 29 0 1 0 0 0 3000 3 10 10 4
2 30 1 1 1 0 0 584 1 4 4 10
3 1 0 1 0 0 0 3000 2 9 9 4
3 2 0 1 0 0 0 3000 1 9 9 9
3 3 1 1 1 0 0 739 1 9 9 9
3 4 0 1 0 0 0 3000 2 2 2 9
3 5 1 1 1 0 0 1361 1 9 9 2
3 6 0 1 0 0 0 3000 2 10 10 9
3 7 1 1 1 0 0 720 1 9 9 10
3 8 0 0 0 0 1 720 3 9 9 9
3 9 0 1 0 0 0 3000 2 3 3 9
3 10 0 1 0 0 0 3000 2 3 3 3
3 11 1 1 1 0 0 396 1 3 3 3
3 12 0 1 0 0 0 3000 2 10 10 3
3 13 0 1 0 0 0 3000 2 15 15 10
3 14 0 1 0 0 0 3000 2 8 8 15
3 15 0 1 0 0 0 3000 2 3 3 8
3 16 1 1 1 0 0 780 1 8 8 3
3 17 1 1 1 0 0 694 1 3 3 8
3 18 1 1 1 0 0 615 1 8 8 3
3 19 0 1 0 0 0 3000 3 10 10 8
3 20 1 1 1 0 0 642 1 8 8 10
3 21 0 0 0 0 1 626 2 1 1 8
3 22 1 1 1 0 0 822 1 8 8 1
3 23 1 1 1 0 0 663 1 1 1 8
3 24 0 1 0 0 0 3000 2 4 4 1
3 25 0 1 0 0 0 3000 3 11 11 4
3 26 0 1 0 0 0 3000 3 1 1 11
3 27 1 1 1 0 0 598 1 11 11 1
3 28 0 1 0 0 0 3000 3 9 9 11
3 29 1 1 1 0 0 671 1 11 11 9
3 30 1 1 1 0 0 698 1 9 9 11
