1 1 0 1 0 0 0 3000 1 11 11 0
1 2 0 1 0 0 0 3000 2 9 9 11
1 3 1 0 0 1 0 3000 1 11 11 9
1 4 0 1 0 0 0 3000 2 6 6 11
1 5 0 1 0 0 0 3000 3 5 5 6
1 6 0 1 0 0 0 3000 2 1 1 5
1 7 0 0 0 0 1 633 2 10 10 1
1 8 1 1 1 0 0 897 1 1 1 10
1 9 0 1 0 0 0 3000 2 3 3 1
1 10 0 1 0 0 0 3000 3 5 5 3
1 11 1 1 1 0 0 405 1 3 3 5
1 12 1 1 1 0 0 418 1 5 5 3
1 13 0 1 0 0 0 3000 3 11 11 5
1 14 1 1 1 0 0 693 1 5 5 11
1 15 0 1 0 0 0 3000 2 1 1 5
1 16 1 1 1 0 0 466 1 5 5 1
1 17 1 1 1 0 0 746 1 1 1 5
1 18 0 1 0 0 0 3000 2 7 7 1
1 19 0 1 0 0 0 3000 2 12 12 7
1 20 0 1 0 0 0 3000 2 1 1 12
2 1 0 1 0 0 0 3000 3 14 14 1
2 2 0 1 0 0 0 3000 3 7 7 14
2 3 0 1 0 0 0 3000 3 7 7 7
2 4 0 1 0 0 0 3000 2 4 4 7
2 5 1 1 1 0 0 349 1 7 7 4
2 6 0 1 0 0 0 3000 3 2 2 7
2 7 0 1 0 0 0 3000 3 10 10 2
2 8 1 1 1 0 0 366 1 2 2 10
2 9 1 1 1 0 0 403 1 10 10 2
2 10 0 1 0 0 0 3000 2 11 11 10
2 11 0 1 0 0 0 3000 2 4 4 11
2 12 0 1 0 0 0 3000 2 8 8 4
2 13 0 1 0 0 0 3000 3 1 1 8
2 14 0 1 0 0 0 3000 3 7 7 1
2 15 1 1 1 0 0 371 1 1 1 7
2 16 0 1 0 0 0 3000 2 14 14 1
2 17 1 1 1 0 0 330 1 1 1 14
2 18 0 1 0 0 0 3000 2 11 11 1
2 19 0 1 0 0 0 3000 3 2 2 11
2 20 1 1 1 0 0 343 1 11 11 2
2 21 0 1 0 0 0 3000 2 8 8 11
2 22 0 1 0 0 0 3000 2 5 5 8
2 23 0 1 0 0 0 3000 3 4 4 5
2 24 0 1 0 0 0 3000 2 1 1 4
2 25 0 1 0 0 0 3000 3 7 7 1
2 26 0 1 0 0 0 3000 3 2 2 7
2 27 0 1 0 0 0 3000 3 10 10 2
2 28 0 1 0 0 0 3000 3 7 7 10
2 29 0 1 0 0 0 3000 2 11 11 7
2 30 0 1 0 0 0 3000 3 9 9 11
3 1 0 1 0 0 0 3000 3 9 9 9
3 2 0 1 0 0 0 3000 3 7 7 9
3 3 0 1 0 0 0 3000 2 10 10 7
3 4 1 1 1 0 0 440 1 7 7 10
3 5 0 1 0 0 0 3000 2 4 4 7
3 6 1 1 1 0 0 963 1 7 7 4
3 7 0 1 0 0 0 3000 2 14 14 7
3 8 1 1 1 0 0 379 1 7 7 14
3 9 0 1 0 0 0 3000 3 13 13 7
3 10 0 1 0 0 0 3000 3 13 13 13
3 11 0 1 0 0 0 3000 3 12 12 13
3 12 1 1 1 0 0 418 1 13 13 12
3 13 0 1 0 0 0 3000 2 3 3 13
3 14 1 1 1 0 0 419 1 13 13 3
3 15 0 1 0 0 0 3000 3 15 15 13
3 16 1 1 1 0 0 381 1 13 13 15
3 17 0 1 0 0 0 3000 2 11 11 13
3 18 0 1 0 0 0 3000 2 12 12 11
3 19 0 1 0 0 0 3000 3 13 13 12
3 20 0 1 0 0 0 3000 2 2 2 13
3 21 0 1 0 0 0 3000 3 4 4 2
3 22 0 1 0 0 0 3000 3 12 12 4
3 23 0 1 0 0 0 3000 3 10 10 12
3 24 0 1 0 0 0 3000 3 6 6 10
3 25 1 1 1 0 0 455 1 10 10 6
3 26 0 1 0 0 0 3000 3 1 1 10
3 27 0 1 0 0 0 3000 3 12 12 1
3 28 0 1 0 0 0 3000 2 15 15 12
3 29 0 1 0 0 0 3000 2 11 11 15
3 30 1 1 1 0 0 586 1 15 15 11
