1 1 0 1 0 0 0 3000 1 10 10 0
1 2 0 1 0 0 0 3000 3 2 2 10
1 3 0 1 0 0 0 3000 2 1 1 2
1 4 1 0 0 1 0 3000 1 2 2 1
1 5 0 1 0 0 0 3000 3 3 3 2
1 6 1 0 0 1 0 3000 1 2 2 3
1 7 1 0 0 1 0 3000 1 3 3 2
1 8 0 1 0 0 0 3000 2 3 3 3
1 9 0 1 0 0 0 3000 2 15 15 3
1 10 0 1 0 0 0 3000 2 15 15 15
1 11 0 1 0 0 0 3000 2 11 11 15
1 12 1 0 0 1 0 3000 1 15 15 11
1 13 0 1 0 0 0 3000 3 12 12 15
1 14 0 1 0 0 0 3000 2 11 11 12
1 15 0 1 0 0 0 3000 2 11 11 11
1 16 0 1 0 0 0 3000 2 6 6 11
1 17 1 0 0 1 0 3000 1 11 11 6
1 18 0 1 0 0 0 3000 3 1 1 11
1 19 0 1 0 0 0 3000 3 8 8 1
1 20 1 0 0 1 0 3000 1 1 1 8
2 1 0 1 0 0 0 3000 2 5 5 1
2 2 0 1 0 0 0 3000 1 10 10 5
2 3 0 1 0 0 0 3000 2 8 8 10
2 4 0 1 0 0 0 3000 3 13 13 8
2 5 1 0 0 1 0 3000 1 8 8 13
2 6 0 1 0 0 0 3000 2 3 3 8
2 7 0 1 0 0 0 3000 3 13 13 3
2 8 1 0 0 1 0 3000 1 3 3 13
2 9 0 1 0 0 0 3000 2 11 11 3
2 10 0 1 0 0 0 3000 2 5 5 11
2 11 0 1 0 0 0 3000 3 8 8 5
2 12 1 0 0 1 0 3000 1 5 5 8
2 13 0 1 0 0 0 3000 2 2 2 5
2 14 0 1 0 0 0 3000 2 15 15 2
2 15 0 1 0 0 0 3000 3 10 10 15
2 16 1 0 0 1 0 3000 1 15 15 10
2 17 0 1 0 0 0 3000 2 5 5 15
2 18 1 0 0 1 0 3000 1 15 15 5
2 19 0 1 0 0 0 3000 2 14 14 15
2 20 0 1 0 0 0 3000 2 8 8 14
2 21 0 1 0 0 0 3000 3 1 1 8
2 22 1 0 0 1 0 3000 1 8 8 1
2 23 1 0 0 1 0 3000 1 1 1 8
2 24 0 1 0 0 0 3000 3 14 14 1
2 25 1 0 0 1 0 3000 1 1 1 14
2 26 0 1 0 0 0 3000 3 12 12 1
2 27 0 1 0 0 0 3000 3 10 10 12
2 28 0 1 0 0 0 3000 3 3 3 10
2 29 0 1 0 0 0 3000 2 3 3 3
2 30 0 1 0 0 0 3000 2 5 5 3
3 1 0 1 0 0 0 3000 1 10 10 5
3 2 0 1 0 0 0 3000 3 7 7 10
3 3 0 1 0 0 0 3000 2 12 12 7
3 4 0 1 0 0 0 3000 3 15 15 12
3 5 0 1 0 0 0 3000 3 3 3 15
3 6 1 0 0 1 0 3000 1 15 15 3
3 7 1 0 0 1 0 3000 1 3 3 15
3 8 1 0 0 1 0 3000 1 15 15 3
3 9 0 1 0 0 0 3000 3 8 8 15
3 10 1 0 0 1 0 3000 1 15 15 8
3 11 0 1 0 0 0 3000 3 13 13 15
3 12 0 1 0 0 0 3000 2 13 13 13
3 13 0 1 0 0 0 3000 2 1 1 13
3 14 1 0 0 1 0 3000 1 13 13 1
3 15 0 1 0 0 0 3000 3 15 15 13
3 16 0 1 0 0 0 3000 2 6 6 15
3 17 0 1 0 0 0 3000 3 12 12 6
3 18 0 1 0 0 0 3000 2 10 10 12
3 19 0 1 0 0 0 3000 2 9 9 10
3 20 0 1 0 0 0 3000 3 9 9 9
3 21 0 1 0 0 0 3000 3 8 8 9
3 22 1 0 0 1 0 3000 1 9 9 8
3 23 0 1 0 0 0 3000 3 9 9 9
3 24 0 1 0 0 0 3000 2 8 8 9
3 25 0 1 0 0 0 3000 2 10 10 8
3 26 0 1 0 0 0 3000 2 14 14 10
3 27 0 1 0 0 0 3000 2 1 1 14
3 28 0 1 0 0 0 3000 3 10 10 1
3 29 1 0 0 1 0 3000 1 1 1 10
3 30 0 1 0 0 0 3000 3 12 12 1
