1 1 0 1 0 0 0 3000 3 1 1 0
1 2 0 1 0 0 0 3000 2 4 4 1
1 3 1 1 1 0 0 742 1 1 1 4
1 4 1 1 1 0 0 1701 1 4 4 1
1 5 0 1 0 0 0 3000 2 10 10 4
1 6 1 1 1 0 0 488 1 4 4 10
1 7 0 1 0 0 0 3000 3 9 9 4
1 8 1 0 0 1 0 3000 1 4 4 9
1 9 0 1 0 0 0 3000 2 15 15 4
1 10 0 1 0 0 0 3000 3 12 12 15
1 11 0 1 0 0 0 3000 2 4 4 12
1 12 0 1 0 0 0 3000 2 10 10 4
1 13 0 1 0 0 0 3000 2 3 3 10
1 14 1 1 1 0 0 879 1 10 10 3
1 15 0 0 0 0 1 1136 3 9 9 10
1 16 0 1 0 0 0 3000 2 11 11 9
1 17 1 1 1 0 0 506 1 9 9 11
1 18 0 1 0 0 0 3000 3 4 4 9
1 19 0 1 0 0 0 3000 3 13 13 4
1 20 0 1 0 0 0 3000 3 12 12 13
2 1 0 1 0 0 0 3000 2 11 11 12
2 2 0 1 0 0 0 3000 2 2 2 11
2 3 0 1 0 0 0 3000 3 7 7 2
2 4 0 1 0 0 0 3000 2 8 8 7
2 5 1 1 1 0 0 695 1 7 7 8
2 6 0 1 0 0 0 3000 3 12 12 7
2 7 0 1 0 0 0 3000 2 15 15 12
2 8 0 1 0 0 0 3000 2 5 5 15
2 9 0 1 0 0 0 3000 2 4 4 5
2 10 0 1 0 0 0 3000 3 10 10 4
2 11 0 1 0 0 0 3000 3 12 12 10
2 12 0 1 0 0 0 3000 3 15 15 12
2 13 1 1 1 0 0 571 1 12 12 15
2 14 0 1 0 0 0 3000 2 1 1 12
2 15 1 0 0 1 0 3000 1 12 12 1
2 16 0 1 0 0 0 3000 3 12 12 12
2 17 0 1 0 0 0 3000 2 3 3 12
2 18 0 1 0 0 0 3000 2 4 4 3
2 19 0 1 0 0 0 3000 3 6 6 4
2 20 0 1 0 0 0 3000 3 15 15 6
2 21 0 1 0 0 0 3000 3 15 15 15
2 22 0 1 0 0 0 3000 3 7 7 15
2 23 0 1 0 0 0 3000 3 6 6 7
2 24 0 1 0 0 0 3000 2 12 12 6
2 25 1 1 1 0 0 643 1 6 6 12
2 26 0 1 0 0 0 3000 3 11 11 6
2 27 0 1 0 0 0 3000 2 4 4 11
2 28 0 1 0 0 0 3000 3 5 5 4
2 29 0 1 0 0 0 3000 2 1 1 5
2 30 1 1 1 0 0 488 1 5 5 1
3 1 0 1 0 0 0 3000 1 9 9 5
3 2 0 1 0 0 0 3000 2 11 11 9
3 3 0 1 0 0 0 3000 2 3 3 11
3 4 1 1 1 0 0 975 1 11 11 3
3 5 0 1 0 0 0 3000 2 2 2 11
3 6 1 0 0 1 0 3000 1 11 11 2
3 7 0 1 0 0 0 3000 3 10 10 11
3 8 1 1 1 0 0 744 1 11 11 10
3 9 0 1 0 0 0 3000 3 1 1 11
3 10 0 1 0 0 0 3000 2 15 15 1
3 11 0 1 0 0 0 3000 2 12 12 15
3 12 0 1 0 0 0 3000 2 7 7 12
3 13 0 1 0 0 0 3000 2 13 13 7
3 14 0 1 0 0 0 3000 2 5 5 13
3 15 1 1 1 0 0 1279 1 13 13 5
3 16 1 1 1 0 0 1077 1 5 5 13
3 17 0 1 0 0 0 3000 2 14 14 5
3 18 0 1 0 0 0 3000 3 3 3 14
3 19 0 1 0 0 0 3000 2 11 11 3
3 20 0 1 0 0 0 3000 2 15 15 11
3 21 0 0 0 0 1 1070 3 15 15 15
3 22 1 1 1 0 0 737 1 15 15 15
3 23 1 1 1 0 0 1177 1 15 15 15
3 24 0 1 0 0 0 3000 2 4 4 15
3 25 0 1 0 0 0 3000 2 14 14 4
3 26 0 1 0 0 0 3000 2 5 5 14
3 27 0 1 0 0 0 3000 2 13 13 5
3 28 0 1 0 0 0 3000 2 2 2 13
3 29 0 1 0 0 0 3000 2 12 12 2
3 30 0 1 0 0 0 3000 2 6 6 12
