1 1 0 1 0 0 0 3000 2 13 13 0
1 2 0 1 0 0 0 3000 3 7 7 13
1 3 0 0 0 0 1 52 3 15 15 7
1 4 0 1 0 0 0 3000 2 3 3 15
1 5 1 0 0 1 0 3000 1 15 15 3
1 6 0 1 0 0 0 3000 2 12 12 15
1 7 0 1 0 0 0 3000 3 4 4 12
1 8 0 1 0 0 0 3000 2 10 10 4
1 9 0 1 0 0 0 3000 3 1 1 10
1 10 1 1 1 0 0 1079 1 10 10 1
1 11 0 1 0 0 0 3000 2 2 2 10
1 12 0 1 0 0 0 3000 2 7 7 2
1 13 0 1 0 0 0 3000 2 13 13 7
1 14 0 1 0 0 0 3000 2 2 2 13
1 15 0 1 0 0 0 3000 3 4 4 2
1 16 0 1 0 0 0 3000 2 14 14 4
1 17 0 1 0 0 0 3000 3 11 11 14
1 18 0 1 0 0 0 3000 3 8 8 11
1 19 0 1 0 0 0 3000 2 9 9 8
1 20 0 1 0 0 0 3000 2 6 6 9
2 1 0 1 0 0 0 3000 2 15 15 6
2 2 0 1 0 0 0 3000 1 14 14 15
2 3 0 1 0 0 0 3000 3 12 12 14
2 4 0 1 0 0 0 3000 2 3 3 12
2 5 1 1 1 0 0 2524 1 12 12 3
2 6 0 1 0 0 0 3000 2 7 7 12
2 7 1 1 1 0 0 867 1 12 12 7
2 8 1 1 1 0 0 432 1 7 7 12
2 9 1 1 1 0 0 706 1 12 12 7
2 10 0 1 0 0 0 3000 3 3 3 12
2 11 0 1 0 0 0 3000 2 1 1 3
2 12 0 1 0 0 0 3000 2 13 13 1
2 13 0 1 0 0 0 3000 3 15 15 13
2 14 0 1 0 0 0 3000 2 5 5 15
2 15 0 1 0 0 0 3000 3 6 6 5
2 16 1 1 1 0 0 482 1 5 5 6
2 17 0 1 0 0 0 3000 2 10 10 5
2 18 0 0 0 0 1 504 2 10 10 10
2 19 1 1 1 0 0 412 1 10 10 10
2 20 0 1 0 0 0 3000 2 3 3 10
2 21 1 1 1 0 0 415 1 10 10 3
2 22 0 1 0 0 0 3000 3 10 10 10
2 23 0 1 0 0 0 3000 3 12 12 10
2 24 0 1 0 0 0 3000 2 4 4 12
2 25 0 1 0 0 0 3000 2 13 13 4
2 26 1 1 1 0 0 774 1 4 4 13
2 27 0 1 0 0 0 3000 3 11 11 4
2 28 0 0 0 0 1 429 3 1 1 11
2 29 0 0 0 0 1 456 2 10 10 1
2 30 1 1 1 0 0 672 1 1 1 10
3 1 0 1 0 0 0 3000 3 9 9 1
3 2 0 1 0 0 0 3000 1 2 2 9
3 3 0 1 0 0 0 3000 3 6 6 2
3 4 1 1 1 0 0 501 1 2 2 6
3 5 0 1 0 0 0 3000 3 2 2 2
3 6 1 1 1 0 0 793 1 2 2 2
3 7 0 1 0 0 0 3000 2 3 3 2
3 8 0 1 0 0 0 3000 2 12 12 3
3 9 0 1 0 0 0 3000 3 1 1 12
3 10 0 1 0 0 0 3000 3 11 11 1
3 11 1 1 1 0 0 381 1 1 1 11
3 12 0 1 0 0 0 3000 2 3 3 1
3 13 1 1 1 0 0 392 1 1 1 3
3 14 0 1 0 0 0 3000 3 8 8 1
3 15 0 1 0 0 0 3000 2 5 5 8
3 16 0 1 0 0 0 3000 2 1 1 5
3 17 0 1 0 0 0 3000 2 13 13 1
3 18 0 1 0 0 0 3000 3 3 3 13
3 19 1 1 1 0 0 367 1 13 13 3
3 20 0 1 0 0 0 3000 2 5 5 13
3 21 1 1 1 0 0 430 1 13 13 5
3 22 0 1 0 0 0 3000 3 10 10 13
3 23 0 1 0 0 0 3000 3 2 2 10
3 24 1 1 1 0 0 463 1 10 10 2
3 25 0 1 0 0 0 3000 3 11 11 10
3 26 1 0 0 1 0 3000 1 10 10 11
3 27 0 1 0 0 0 3000 2 1 1 10
3 28 1 0 0 1 0 3000 1 10 10 1
3 29 0 1 0 0 0 3000 3 2 2 10
3 30 1 1 1 0 0 476 1 10 10 2
