1 1 0 1 0 0 0 3000 1 10 10 0
1 2 0 1 0 0 0 3000 2 1 1 10
1 3 1 1 1 0 0 380 1 10 10 1
1 4 0 1 0 0 0 3000 2 14 14 10
1 5 0 1 0 0 0 3000 3 7 7 14
1 6 0 1 0 0 0 3000 3 15 15 7
1 7 0 1 0 0 0 3000 3 11 11 15
1 8 1 1 1 0 0 412 1 15 15 11
1 9 1 1 1 0 0 815 1 11 11 15
1 10 0 1 0 0 0 3000 3 3 3 11
1 11 0 1 0 0 0 3000 2 8 8 3
1 12 1 1 1 0 0 382 1 3 3 8
1 13 1 1 1 0 0 693 1 8 8 3
1 14 0 1 0 0 0 3000 3 13 13 8
1 15 1 1 1 0 0 767 1 8 8 13
1 16 0 1 0 0 0 3000 2 3 3 8
1 17 1 1 1 0 0 518 1 8 8 3
1 18 0 1 0 0 0 3000 3 11 11 8
1 19 0 1 0 0 0 3000 3 7 7 11
1 20 1 1 1 0 0 311 1 11 11 7
2 1 0 1 0 0 0 3000 1 12 12 11
2 2 0 0 0 0 1 899 2 12 12 12
2 3 0 1 0 0 0 3000 2 5 5 12
2 4 0 1 0 0 0 3000 2 5 5 5
2 5 1 1 1 0 0 370 1 5 5 5
2 6 1 1 1 0 0 684 1 5 5 5
2 7 0 1 0 0 0 3000 3 13 13 5
2 8 1 1 1 0 0 478 1 5 5 13
2 9 0 1 0 0 0 3000 2 12 12 5
2 10 0 1 0 0 0 3000 2 15 15 12
2 11 1 1 1 0 0 613 1 12 12 15
2 12 1 1 1 0 0 585 1 15 15 12
2 13 0 1 0 0 0 3000 2 2 2 15
2 14 1 1 1 0 0 387 1 15 15 2
2 15 0 1 0 0 0 3000 3 8 8 15
2 16 0 0 0 0 1 524 3 8 8 8
2 17 0 1 0 0 0 3000 3 1 1 8
2 18 0 1 0 0 0 3000 3 6 6 1
2 19 0 1 0 0 0 3000 3 3 3 6
2 20 1 1 1 0 0 482 1 6 6 3
2 21 1 1 1 0 0 665 1 3 3 6
2 22 0 0 0 0 1 558 2 3 3 3
2 23 0 1 0 0 0 3000 2 2 2 3
2 24 1 1 1 0 0 361 1 3 3 2
2 25 0 1 0 0 0 3000 3 4 4 3
2 26 0 1 0 0 0 3000 2 6 6 4
2 27 0 1 0 0 0 3000 2 11 11 6
2 28 0 0 0 0 1 400 3 11 11 11
2 29 0 1 0 0 0 3000 2 10 10 11
2 30 0 1 0 0 0 3000 2 5 5 10
3 1 0 1 0 0 0 3000 1 6 6 5
3 2 0 1 0 0 0 3000 2 4 4 6
3 3 0 1 0 0 0 3000 2 2 2 4
3 4 1 1 1 0 0 448 1 4 4 2
3 5 0 1 0 0 0 3000 3 11 11 4
3 6 0 1 0 0 0 3000 3 1 1 11
3 7 0 1 0 0 0 3000 3 9 9 1
3 8 0 1 0 0 0 3000 2 11 11 9
3 9 0 1 0 0 0 3000 2 2 2 11
3 10 1 1 1 0 0 317 1 11 11 2
3 11 0 1 0 0 0 3000 3 14 14 11
3 12 1 1 1 0 0 719 1 11 11 14
3 13 1 1 1 0 0 655 1 14 14 11
3 14 0 1 0 0 0 3000 2 4 4 14
3 15 0 1 0 0 0 3000 2 7 7 4
3 16 0 1 0 0 0 3000 2 11 11 7
3 17 0 1 0 0 0 3000 2 5 5 11
3 18 0 1 0 0 0 3000 3 3 3 5
3 19 0 1 0 0 0 3000 3 6 6 3
3 20 1 1 1 0 0 437 1 3 3 6
3 21 0 1 0 0 0 3000 2 9 9 3
3 22 0 1 0 0 0 3000 3 14 14 9
3 23 0 1 0 0 0 3000 2 3 3 14
3 24 0 1 0 0 0 3000 2 13 13 3
3 25 1 1 1 0 0 404 1 3 3 13
3 26 0 1 0 0 0 3000 2 9 9 3
3 27 0 1 0 0 0 3000 2 14 14 9
3 28 1 0 0 1 0 3000 1 9 9 14
3 29 1 1 1 0 0 462 1 14 14 9
3 30 0 0 0 0 1 603 3 3 3 14
