1 1 0 1 0 0 0 3000 2 12 12 0
1 2 0 1 0 0 0 3000 1 4 4 12
1 3 0 1 0 0 0 3000 2 11 11 4
1 4 0 1 0 0 0 3000 2 9 9 11
1 5 1 0 0 1 0 3000 1 11 11 9
1 6 0 1 0 0 0 3000 3 5 5 11
1 7 0 1 0 0 0 3000 2 10 10 5
1 8 1 0 0 1 0 3000 1 5 5 10
1 9 1 0 0 1 0 3000 1 10 10 5
1 10 1 0 0 1 0 3000 1 5 5 10
1 11 0 1 0 0 0 3000 3 5 5 5
1 12 1 0 0 1 0 3000 1 5 5 5
1 13 0 1 0 0 0 3000 3 13 13 5
1 14 1 0 0 1 0 3000 1 5 5 13
1 15 0 1 0 0 0 3000 2 5 5 5
1 16 1 0 0 1 0 3000 1 5 5 5
1 17 0 1 0 0 0 3000 2 14 14 5
1 18 0 1 0 0 0 3000 2 3 3 14
1 19 0 1 0 0 0 3000 2 5 5 3
1 20 1 0 0 1 0 3000 1 3 3 5
2 1 0 1 0 0 0 3000 3 8 8 3
2 2 0 1 0 0 0 3000 2 6 6 8
2 3 0 1 0 0 0 3000 2 6 6 6
2 4 1 0 0 1 0 3000 1 6 6 6
2 5 1 0 0 1 0 3000 1 6 6 6
2 6 0 1 0 0 0 3000 2 12 12 6
2 7 0 1 0 0 0 3000 3 12 12 12
2 8 1 0 0 1 0 3000 1 12 12 12
2 9 0 1 0 0 0 3000 2 4 4 12
2 10 0 1 0 0 0 3000 3 4 4 4
2 11 0 1 0 0 0 3000 3 6 6 4
2 12 1 0 0 1 0 3000 1 4 4 6
2 13 0 1 0 0 0 3000 3 9 9 4
2 14 0 0 0 0 1 2512 3 15 15 9
2 15 0 1 0 0 0 3000 2 10 10 15
2 16 0 1 0 0 0 3000 3 7 7 10
2 17 1 0 0 1 0 3000 1 10 10 7
2 18 0 0 0 0 1 166 3 12 12 10
2 19 1 1 1 0 0 701 1 10 10 12
2 20 0 0 0 0 1 2624 3 6 6 10
2 21 1 1 1 0 0 560 1 10 10 6
2 22 0 1 0 0 0 3000 3 13 13 10
2 23 1 1 1 0 0 557 1 10 10 13
2 24 0 1 0 0 0 3000 3 15 15 10
2 25 1 1 1 0 0 653 1 10 10 15
2 26 0 1 0 0 0 3000 3 14 14 10
2 27 1 1 1 0 0 677 1 10 10 14
2 28 1 1 1 0 0 401 1 14 14 10
2 29 0 0 0 0 1 1138 2 13 13 14
2 30 0 1 0 0 0 3000 2 2 2 13
3 1 0 1 0 0 0 3000 3 3 3 2
3 2 0 1 0 0 0 3000 3 8 8 3
3 3 1 1 1 0 0 387 1 3 3 8
3 4 0 1 0 0 0 3000 3 11 11 3
3 5 1 1 1 0 0 531 1 3 3 11
3 6 0 1 0 0 0 3000 3 4 4 3
3 7 1 1 1 0 0 370 1 3 3 4
3 8 0 1 0 0 0 3000 2 9 9 3
3 9 1 1 1 0 0 400 1 3 3 9
3 10 0 1 0 0 0 3000 3 6 6 3
3 11 1 1 1 0 0 341 1 3 3 6
3 12 0 1 0 0 0 3000 2 11 11 3
3 13 0 1 0 0 0 3000 2 15 15 11
3 14 0 1 0 0 0 3000 3 12 12 15
3 15 0 1 0 0 0 3000 2 8 8 12
3 16 0 0 0 0 1 307 3 3 3 8
3 17 0 1 0 0 0 3000 3 1 1 3
3 18 0 1 0 0 0 3000 2 14 14 1
3 19 1 1 1 0 0 532 1 1 1 14
3 20 0 1 0 0 0 3000 3 6 6 1
3 21 0 1 0 0 0 3000 3 11 11 6
3 22 0 1 0 0 0 3000 2 3 3 11
3 23 0 1 0 0 0 3000 3 4 4 3
3 24 0 1 0 0 0 3000 3 9 9 4
3 25 0 1 0 0 0 3000 2 2 2 9
3 26 0 1 0 0 0 3000 3 15 15 2
3 27 0 1 0 0 0 3000 2 12 12 15
3 28 1 0 0 1 0 3000 1 15 15 12
3 29 0 1 0 0 0 3000 3 2 2 15
3 30 0 1 0 0 0 3000 3 3 3 2
