1 1 0 0 0 0 1 2108 2 10 10 0
1 2 0 1 0 0 0 3000 2 3 3 10
1 3 0 1 0 0 0 3000 2 3 3 3
1 4 0 1 0 0 0 3000 3 9 9 3
1 5 0 1 0 0 0 3000 2 4 4 9
1 6 0 1 0 0 0 3000 3 13 13 4
1 7 1 0 0 1 0 3000 1 4 4 13
1 8 0 1 0 0 0 3000 2 12 12 4
1 9 0 1 0 0 0 3000 2 1 1 12
1 10 0 1 0 0 0 3000 2 8 8 1
1 11 0 1 0 0 0 3000 3 11 11 8
1 12 1 0 0 1 0 3000 1 8 8 11
1 13 0 0 0 0 1 821 3 10 10 8
1 14 0 1 0 0 0 3000 3 5 5 10
1 15 0 1 0 0 0 3000 2 11 11 5
1 16 0 1 0 0 0 3000 3 8 8 11
1 17 0 1 0 0 0 3000 3 7 7 8
1 18 1 0 0 1 0 3000 1 8 8 7
1 19 1 0 0 1 0 3000 1 7 7 8
1 20 0 1 0 0 0 3000 3 9 9 7
2 1 0 1 0 0 0 3000 3 15 15 9
2 2 0 1 0 0 0 3000 3 7 7 15
2 3 0 1 0 0 0 3000 3 2 2 7
2 4 1 0 0 1 0 3000 1 7 7 2
2 5 0 1 0 0 0 3000 3 1 1 7
2 6 1 0 0 1 0 3000 1 7 7 1
2 7 0 1 0 0 0 3000 2 9 9 7
2 8 1 0 0 1 0 3000 1 7 7 9
2 9 0 1 0 0 0 3000 2 11 11 7
2 10 1 0 0 1 0 3000 1 7 7 11
2 11 1 0 0 1 0 3000 1 11 11 7
2 12 1 0 0 1 0 3000 1 7 7 11
2 13 0 1 0 0 0 3000 3 9 9 7
2 14 0 1 0 0 0 3000 2 6 6 9
2 15 1 0 0 1 0 3000 1 9 9 6
2 16 0 1 0 0 0 3000 2 2 2 9
2 17 0 1 0 0 0 3000 3 7 7 2
2 18 0 1 0 0 0 3000 2 1 1 7
2 19 0 1 0 0 0 3000 2 12 12 1
2 20 0 1 0 0 0 3000 2 14 14 12
2 21 1 0 0 1 0 3000 1 12 12 14
2 22 0 1 0 0 0 3000 2 13 13 12
2 23 0 1 0 0 0 3000 3 9 9 13
2 24 0 1 0 0 0 3000 2 3 3 9
2 25 1 0 0 1 0 3000 1 9 9 3
2 26 0 1 0 0 0 3000 3 2 2 9
2 27 0 1 0 0 0 3000 2 4 4 2
2 28 0 1 0 0 0 3000 2 4 4 4
2 29 0 1 0 0 0 3000 2 2 2 4
2 30 0 1 0 0 0 3000 3 8 8 2
3 1 0 0 0 0 1 1141 2 10 10 8
3 2 0 1 0 0 0 3000 3 13 13 10
3 3 0 1 0 0 0 3000 3 12 12 13
3 4 1 0 0 1 0 3000 1 13 13 12
3 5 0 0 0 0 1 894 3 10 10 13
3 6 0 1 0 0 0 3000 2 3 3 10
3 7 1 1 1 0 0 868 1 10 10 3
3 8 1 0 0 1 0 3000 1 3 3 10
3 9 0 1 0 0 0 3000 2 5 5 3
3 10 1 0 0 1 0 3000 1 3 3 5
3 11 1 0 0 1 0 3000 1 5 5 3
3 12 0 1 0 0 0 3000 2 14 14 5
3 13 1 0 0 1 0 3000 1 5 5 14
3 14 1 0 0 1 0 3000 1 14 14 5
3 15 0 1 0 0 0 3000 2 2 2 14
3 16 1 0 0 1 0 3000 1 14 14 2
3 17 0 1 0 0 0 3000 2 4 4 14
3 18 1 0 0 1 0 3000 1 14 14 4
3 19 1 0 0 1 0 3000 1 4 4 14
3 20 0 1 0 0 0 3000 2 13 13 4
3 21 0 1 0 0 0 3000 2 8 8 13
3 22 0 1 0 0 0 3000 2 3 3 8
3 23 0 1 0 0 0 3000 2 2 2 3
3 24 0 1 0 0 0 3000 3 13 13 2
3 25 0 1 0 0 0 3000 2 3 3 13
3 26 0 1 0 0 0 3000 2 2 2 3
3 27 0 1 0 0 0 3000 3 6 6 2
3 28 0 1 0 0 0 3000 2 3 3 6
3 29 0 1 0 0 0 3000 3 3 3 3
3 30 0 0 0 0 1 942 2 10 10 3
