1 1 0 1 0 0 0 3000 1 3 3 0
1 2 0 1 0 0 0 3000 3 14 14 3
1 3 0 1 0 0 0 3000 2 8 8 14
1 4 0 1 0 0 0 3000 3 5 5 8
1 5 0 1 0 0 0 3000 2 13 13 5
1 6 0 1 0 0 0 3000 3 9 9 13
1 7 0 1 0 0 0 3000 2 12 12 9
1 8 0 1 0 0 0 3000 2 2 2 12
1 9 0 1 0 0 0 3000 2 1 1 2
1 10 0 1 0 0 0 3000 3 11 11 1
1 11 0 1 0 0 0 3000 2 7 7 11
1 12 0 1 0 0 0 3000 3 8 8 7
1 13 0 1 0 0 0 3000 3 10 10 8
1 14 0 1 0 0 0 3000 2 5 5 10
1 15 0 1 0 0 0 3000 2 2 2 5
1 16 1 0 0 1 0 3000 1 5 5 2
1 17 0 1 0 0 0 3000 3 1 1 5
1 18 1 0 0 1 0 3000 1 5 5 1
1 19 0 1 0 0 0 3000 2 12 12 5
1 20 1 0 0 1 0 3000 1 5 5 12
2 1 0 1 0 0 0 3000 1 15 15 5
2 2 0 1 0 0 0 3000 1 10 10 15
2 3 0 1 0 0 0 3000 3 13 13 10
2 4 0 1 0 0 0 3000 2 1 1 13
2 5 0 1 0 0 0 3000 2 7 7 1
2 6 0 1 0 0 0 3000 2 12 12 7
2 7 1 0 0 1 0 3000 1 7 7 12
2 8 0 1 0 0 0 3000 3 5 5 7
2 9 0 1 0 0 0 3000 3 14 14 5
2 10 0 1 0 0 0 3000 3 1 1 14
2 11 0 1 0 0 0 3000 3 12 12 1
2 12 1 0 0 1 0 3000 1 1 1 12
2 13 1 0 0 1 0 3000 1 12 12 1
2 14 0 1 0 0 0 3000 3 2 2 12
2 15 0 1 0 0 0 3000 3 1 1 2
2 16 1 0 0 1 0 3000 1 2 2 1
2 17 1 0 0 1 0 3000 1 1 1 2
2 18 0 1 0 0 0 3000 2 13 13 1
2 19 0 1 0 0 0 3000 3 14 14 13
2 20 1 0 0 1 0 3000 1 13 13 14
2 21 0 1 0 0 0 3000 2 10 10 13
2 22 0 1 0 0 0 3000 3 11 11 10
2 23 0 1 0 0 0 3000 3 11 11 11
2 24 0 1 0 0 0 3000 2 14 14 11
2 25 0 1 0 0 0 3000 3 4 4 14
2 26 0 1 0 0 0 3000 2 15 15 4
2 27 1 0 0 1 0 3000 1 4 4 15
2 28 0 1 0 0 0 3000 2 4 4 4
2 29 0 1 0 0 0 3000 3 10 10 4
2 30 0 1 0 0 0 3000 3 11 11 10
3 1 0 1 0 0 0 3000 3 5 5 11
3 2 0 1 0 0 0 3000 2 12 12 5
3 3 1 0 0 1 0 3000 1 5 5 12
3 4 0 1 0 0 0 3000 3 3 3 5
3 5 0 1 0 0 0 3000 2 12 12 3
3 6 0 1 0 0 0 3000 3 13 13 12
3 7 0 1 0 0 0 3000 3 8 8 13
3 8 0 1 0 0 0 3000 3 3 3 8
3 9 0 1 0 0 0 3000 3 6 6 3
3 10 1 0 0 1 0 3000 1 3 3 6
3 11 1 0 0 1 0 3000 1 6 6 3
3 12 1 0 0 1 0 3000 1 3 3 6
3 13 0 1 0 0 0 3000 3 9 9 3
3 14 1 0 0 1 0 3000 1 3 3 9
3 15 1 0 0 1 0 3000 1 9 9 3
3 16 0 1 0 0 0 3000 2 11 11 9
3 17 1 0 0 1 0 3000 1 9 9 11
3 18 0 1 0 0 0 3000 2 3 3 9
3 19 0 1 0 0 0 3000 2 8 8 3
3 20 1 0 0 1 0 3000 1 3 3 8
3 21 0 1 0 0 0 3000 3 5 5 3
3 22 0 1 0 0 0 3000 3 4 4 5
3 23 1 0 0 1 0 3000 1 5 5 4
3 24 0 1 0 0 0 3000 2 11 11 5
3 25 0 1 0 0 0 3000 2 10 10 11
3 26 0 1 0 0 0 3000 3 1 1 10
3 27 1 0 0 1 0 3000 1 10 10 1
3 28 1 0 0 1 0 3000 1 1 1 10
3 29 0 1 0 0 0 3000 3 13 13 1
3 30 1 0 0 1 0 3000 1 1 1 13
