1 1 0 1 0 0 0 3000 3 15 15 0
1 2 0 1 0 0 0 3000 1 11 11 15
1 3 0 1 0 0 0 3000 2 3 3 11
1 4 0 1 0 0 0 3000 2 9 9 3
1 5 0 1 0 0 0 3000 3 12 12 9
1 6 0 1 0 0 0 3000 2 12 12 12
1 7 1 0 0 1 0 3000 1 12 12 12
1 8 0 0 0 0 1 385 2 15 15 12
1 9 0 1 0 0 0 3000 3 13 13 15
1 10 0 1 0 0 0 3000 3 1 1 13
1 11 1 1 1 0 0 411 1 13 13 1
1 12 0 1 0 0 0 3000 3 8 8 13
1 13 0 1 0 0 0 3000 2 14 14 8
1 14 0 1 0 0 0 3000 2 13 13 14
1 15 0 0 0 0 1 825 3 15 15 13
1 16 0 1 0 0 0 3000 2 15 15 15
1 17 0 1 0 0 0 3000 2 14 14 15
1 18 1 1 1 0 0 519 1 15 15 14
1 19 0 1 0 0 0 3000 2 2 2 15
1 20 0 1 0 0 0 3000 3 10 10 2
2 1 0 1 0 0 0 3000 1 14 14 10
2 2 0 1 0 0 0 3000 1 3 3 14
2 3 0 1 0 0 0 3000 3 9 9 3
2 4 0 1 0 0 0 3000 3 4 4 9
2 5 1 1 1 0 0 1125 1 9 9 4
2 6 0 1 0 0 0 3000 3 3 3 9
2 7 0 1 0 0 0 3000 3 15 15 3
2 8 0 1 0 0 0 3000 2 14 14 15
2 9 0 1 0 0 0 3000 3 10 10 14
2 10 0 1 0 0 0 3000 3 11 11 10
2 11 1 1 1 0 0 738 1 10 10 11
2 12 0 1 0 0 0 3000 3 6 6 10
2 13 0 1 0 0 0 3000 3 8 8 6
2 14 0 1 0 0 0 3000 2 9 9 8
2 15 1 1 1 0 0 531 1 8 8 9
2 16 0 1 0 0 0 3000 2 13 13 8
2 17 0 1 0 0 0 3000 2 1 1 13
2 18 0 1 0 0 0 3000 2 9 9 1
2 19 1 1 1 0 0 619 1 1 1 9
2 20 1 0 0 1 0 3000 1 9 9 1
2 21 0 1 0 0 0 3000 3 4 4 9
2 22 0 1 0 0 0 3000 2 1 1 4
2 23 1 1 1 0 0 379 1 4 4 1
2 24 0 1 0 0 0 3000 3 6 6 4
2 25 0 1 0 0 0 3000 2 11 11 6
2 26 0 1 0 0 0 3000 2 15 15 11
2 27 0 1 0 0 0 3000 2 12 12 15
2 28 1 1 1 0 0 653 1 15 15 12
2 29 0 1 0 0 0 3000 2 4 4 15
2 30 0 1 0 0 0 3000 2 14 14 4
3 1 0 1 0 0 0 3000 2 10 10 14
3 2 0 1 0 0 0 3000 1 9 9 10
3 3 1 1 1 0 0 640 1 10 10 9
3 4 0 1 0 0 0 3000 2 6 6 10
3 5 0 1 0 0 0 3000 2 2 2 6
3 6 0 1 0 0 0 3000 3 4 4 2
3 7 0 1 0 0 0 3000 3 11 11 4
3 8 0 0 0 0 1 546 2 6 6 11
3 9 0 1 0 0 0 3000 3 2 2 6
3 10 0 1 0 0 0 3000 2 7 7 2
3 11 1 1 1 0 0 650 1 2 2 7
3 12 0 1 0 0 0 3000 2 9 9 2
3 13 0 1 0 0 0 3000 2 11 11 9
3 14 1 1 1 0 0 710 1 9 9 11
3 15 0 1 0 0 0 3000 2 4 4 9
3 16 1 0 0 1 0 3000 1 9 9 4
3 17 1 1 1 0 0 503 1 4 4 9
3 18 0 1 0 0 0 3000 2 1 1 4
3 19 1 0 0 1 0 3000 1 4 4 1
3 20 1 1 1 0 0 683 1 1 1 4
3 21 0 1 0 0 0 3000 2 8 8 1
3 22 0 1 0 0 0 3000 3 11 11 8
3 23 0 1 0 0 0 3000 3 5 5 11
3 24 0 1 0 0 0 3000 3 12 12 5
3 25 0 1 0 0 0 3000 3 7 7 12
3 26 0 1 0 0 0 3000 2 10 10 7
3 27 1 1 1 0 0 497 1 7 7 10
3 28 0 1 0 0 0 3000 2 11 11 7
3 29 0 1 0 0 0 3000 3 6 6 11
3 30 0 1 0 0 0 3000 3 8 8 6
