1 1 0 1 0 0 0 3000 3 11 11 0
1 2 0 1 0 0 0 3000 1 12 12 11
1 3 1 0 0 1 0 3000 1 11 11 12
1 4 0 1 0 0 0 3000 3 1 1 11
1 5 0 1 0 0 0 3000 2 2 2 1
1 6 0 1 0 0 0 3000 2 3 3 2
1 7 0 0 0 0 1 559 2 3 3 3
1 8 0 1 0 0 0 3000 2 4 4 3
1 9 1 1 1 0 0 487 1 3 3 4
1 10 0 1 0 0 0 3000 2 13 13 3
1 11 0 1 0 0 0 3000 3 14 14 13
1 12 0 1 0 0 0 3000 3 8 8 14
1 13 0 1 0 0 0 3000 3 4 4 8
1 14 0 1 0 0 0 3000 3 2 2 4
1 15 0 1 0 0 0 3000 2 9 9 2
1 16 0 1 0 0 0 3000 2 7 7 9
1 17 0 0 0 0 1 547 3 6 6 7
1 18 0 1 0 0 0 3000 3 5 5 6
1 19 0 1 0 0 0 3000 2 3 3 5
1 20 0 1 0 0 0 3000 2 8 8 3
2 1 0 1 0 0 0 3000 1 5 5 8
2 2 0 1 0 0 0 3000 3 4 4 5
2 3 0 1 0 0 0 3000 3 7 7 4
2 4 0 1 0 0 0 3000 2 6 6 7
2 5 1 1 1 0 0 612 1 7 7 6
2 6 0 1 0 0 0 3000 3 14 14 7
2 7 0 1 0 0 0 3000 2 12 12 14
2 8 0 1 0 0 0 3000 3 4 4 12
2 9 1 1 1 0 0 624 1 12 12 4
2 10 1 1 1 0 0 884 1 4 4 12
2 11 0 1 0 0 0 3000 3 5 5 4
2 12 0 1 0 0 0 3000 3 8 8 5
2 13 0 1 0 0 0 3000 3 9 9 8
2 14 0 1 0 0 0 3000 3 3 3 9
2 15 1 1 1 0 0 399 1 9 9 3
2 16 0 1 0 0 0 3000 3 6 6 9
2 17 0 1 0 0 0 3000 3 5 5 6
2 18 1 1 1 0 0 333 1 6 6 5
2 19 0 1 0 0 0 3000 2 2 2 6
2 20 0 1 0 0 0 3000 3 10 10 2
2 21 0 1 0 0 0 3000 2 7 7 10
2 22 0 1 0 0 0 3000 3 4 4 7
2 23 1 1 1 0 0 451 1 7 7 4
2 24 0 1 0 0 0 3000 3 9 9 7
2 25 0 1 0 0 0 3000 3 3 3 9
2 26 0 1 0 0 0 3000 3 11 11 3
2 27 1 1 1 0 0 501 1 3 3 11
2 28 1 1 1 0 0 604 1 11 11 3
2 29 1 1 1 0 0 627 1 3 3 11
2 30 0 1 0 0 0 3000 3 7 7 3
3 1 0 1 0 0 0 3000 3 4 4 7
3 2 0 1 0 0 0 3000 2 15 15 4
3 3 0 1 0 0 0 3000 2 14 14 15
3 4 0 1 0 0 0 3000 2 12 12 14
3 5 1 1 1 0 0 459 1 14 14 12
3 6 0 1 0 0 0 3000 2 10 10 14
3 7 0 1 0 0 0 3000 3 11 11 10
3 8 0 1 0 0 0 3000 3 4 4 11
3 9 0 1 0 0 0 3000 2 15 15 4
3 10 0 1 0 0 0 3000 3 9 9 15
3 11 0 1 0 0 0 3000 2 2 2 9
3 12 0 1 0 0 0 3000 3 8 8 2
3 13 0 1 0 0 0 3000 3 6 6 8
3 14 0 1 0 0 0 3000 2 13 13 6
3 15 1 1 1 0 0 373 1 6 6 13
3 16 0 1 0 0 0 3000 3 15 15 6
3 17 0 1 0 0 0 3000 2 13 13 15
3 18 0 1 0 0 0 3000 2 6 6 13
3 19 1 1 1 0 0 460 1 13 13 6
3 20 0 1 0 0 0 3000 2 15 15 13
3 21 1 1 1 0 0 432 1 13 13 15
3 22 0 1 0 0 0 3000 2 4 4 13
3 23 0 1 0 0 0 3000 2 15 15 4
3 24 0 1 0 0 0 3000 2 7 7 15
3 25 0 1 0 0 0 3000 2 12 12 7
3 26 0 1 0 0 0 3000 3 1 1 12
3 27 0 0 0 0 1 463 2 1 1 1
3 28 1 1 1 0 0 857 1 1 1 1
3 29 1 1 1 0 0 480 1 1 1 1
3 30 1 1 1 0 0 477 1 1 1 1
