1 1 0 1 0 0 0 3000 2 11 11 0
1 2 0 1 0 0 0 3000 1 6 6 11
1 3 0 1 0 0 0 3000 2 5 5 6
1 4 1 1 1 0 0 654 1 6 6 5
1 5 1 1 1 0 0 784 1 5 5 6
1 6 1 1 1 0 0 837 1 6 6 5
1 7 0 1 0 0 0 3000 3 2 2 6
1 8 0 1 0 0 0 3000 2 3 3 2
1 9 0 1 0 0 0 3000 3 4 4 3
1 10 0 1 0 0 0 3000 2 7 7 4
1 11 0 0 0 0 1 614 3 2 2 7
1 12 0 1 0 0 0 3000 2 12 12 2
1 13 0 1 0 0 0 3000 2 5 5 12
1 14 0 1 0 0 0 3000 2 11 11 5
1 15 1 1 1 0 0 642 1 5 5 11
1 16 0 1 0 0 0 3000 2 8 8 5
1 17 1 0 0 1 0 3000 1 5 5 8
1 18 0 1 0 0 0 3000 3 6 6 5
1 19 0 0 0 0 1 571 3 8 8 6
1 20 0 1 0 0 0 3000 2 13 13 8
2 1 0 1 0 0 0 3000 1 4 4 13
2 2 0 1 0 0 0 3000 1 2 2 4
2 3 0 1 0 0 0 3000 3 14 14 2
2 4 0 1 0 0 0 3000 3 8 8 14
2 5 1 1 1 0 0 605 1 14 14 8
2 6 0 1 0 0 0 3000 3 4 4 14
2 7 1 0 0 1 0 3000 1 14 14 4
2 8 0 1 0 0 0 3000 2 14 14 14
2 9 0 1 0 0 0 3000 2 8 8 14
2 10 0 1 0 0 0 3000 2 2 2 8
2 11 1 1 1 0 0 769 1 8 8 2
2 12 0 1 0 0 0 3000 2 7 7 8
2 13 1 1 1 0 0 579 1 8 8 7
2 14 0 1 0 0 0 3000 3 2 2 8
2 15 0 1 0 0 0 3000 2 11 11 2
2 16 0 1 0 0 0 3000 3 14 14 11
2 17 0 1 0 0 0 3000 3 10 10 14
2 18 1 1 1 0 0 410 1 14 14 10
2 19 0 1 0 0 0 3000 2 9 9 14
2 20 0 1 0 0 0 3000 3 2 2 9
2 21 1 1 1 0 0 457 1 9 9 2
2 22 0 1 0 0 0 3000 2 1 1 9
2 23 0 1 0 0 0 3000 2 6 6 1
2 24 0 1 0 0 0 3000 2 14 14 6
2 25 0 1 0 0 0 3000 3 9 9 14
2 26 0 1 0 0 0 3000 2 15 15 9
2 27 1 1 1 0 0 398 1 9 9 15
2 28 0 1 0 0 0 3000 3 7 7 9
2 29 1 0 0 1 0 3000 1 9 9 7
2 30 1 1 1 0 0 561 1 7 7 9
3 1 0 1 0 0 0 3000 2 5 5 7
3 2 0 1 0 0 0 3000 1 3 3 5
3 3 0 1 0 0 0 3000 2 1 1 3
3 4 0 1 0 0 0 3000 2 13 13 1
3 5 0 1 0 0 0 3000 3 11 11 13
3 6 0 1 0 0 0 3000 2 7 7 11
3 7 0 1 0 0 0 3000 2 9 9 7
3 8 0 1 0 0 0 3000 2 5 5 9
3 9 0 1 0 0 0 3000 2 8 8 5
3 10 0 1 0 0 0 3000 3 7 7 8
3 11 0 1 0 0 0 3000 2 15 15 7
3 12 1 1 1 0 0 568 1 7 7 15
3 13 1 1 1 0 0 545 1 15 15 7
3 14 1 1 1 0 0 920 1 7 7 15
3 15 0 1 0 0 0 3000 3 9 9 7
3 16 1 1 1 0 0 446 1 7 7 9
3 17 0 0 0 0 1 754 2 7 7 7
3 18 0 1 0 0 0 3000 3 2 2 7
3 19 0 1 0 0 0 3000 3 6 6 2
3 20 1 1 1 0 0 487 1 2 2 6
3 21 0 1 0 0 0 3000 3 10 10 2
3 22 1 1 1 0 0 743 1 2 2 10
3 23 0 1 0 0 0 3000 3 5 5 2
3 24 1 1 1 0 0 546 1 2 2 5
3 25 0 1 0 0 0 3000 3 12 12 2
3 26 0 1 0 0 0 3000 2 4 4 12
3 27 0 1 0 0 0 3000 3 15 15 4
3 28 0 1 0 0 0 3000 2 10 10 15
3 29 0 1 0 0 0 3000 3 9 9 10
3 30 0 1 0 0 0 3000 3 3 3 9
