1 1 0 1 0 0 0 3000 3 12 12 0
1 2 0 1 0 0 0 3000 2 1 1 12
1 3 0 1 0 0 0 3000 3 8 8 1
1 4 0 1 0 0 0 3000 2 2 2 8
1 5 0 1 0 0 0 3000 2 7 7 2
1 6 1 1 1 0 0 701 1 2 2 7
1 7 1 1 1 0 0 877 1 7 7 2
1 8 0 1 0 0 0 3000 2 11 11 7
1 9 0 1 0 0 0 3000 3 13 13 11
1 10 1 1 1 0 0 686 1 11 11 13
1 11 0 1 0 0 0 3000 3 1 1 11
1 12 0 1 0 0 0 3000 3 5 5 1
1 13 0 1 0 0 0 3000 2 7 7 5
1 14 1 1 1 0 0 499 1 5 5 7
1 15 0 1 0 0 0 3000 2 3 3 5
1 16 0 1 0 0 0 3000 3 2 2 3
1 17 0 1 0 0 0 3000 2 10 10 2
1 18 1 1 1 0 0 340 1 2 2 10
1 19 1 1 1 0 0 486 1 10 10 2
1 20 0 1 0 0 0 3000 2 4 4 10
2 1 0 1 0 0 0 3000 1 2 2 4
2 2 0 0 0 0 1 2457 3 2 2 2
2 3 0 1 0 0 0 3000 2 15 15 2
2 4 0 0 0 0 1 458 3 15 15 15
2 5 1 0 0 1 0 3000 1 15 15 15
2 6 0 1 0 0 0 3000 2 3 3 15
2 7 0 1 0 0 0 3000 3 10 10 3
2 8 1 1 1 0 0 347 1 3 3 10
2 9 0 1 0 0 0 3000 2 2 2 3
2 10 0 1 0 0 0 3000 3 8 8 2
2 11 1 1 1 0 0 283 1 2 2 8
2 12 0 1 0 0 0 3000 3 6 6 2
2 13 0 1 0 0 0 3000 2 13 13 6
2 14 0 1 0 0 0 3000 2 10 10 13
2 15 1 1 1 0 0 315 1 13 13 10
2 16 0 1 0 0 0 3000 3 3 3 13
2 17 1 1 1 0 0 419 1 13 13 3
2 18 1 1 1 0 0 384 1 3 3 13
2 19 0 1 0 0 0 3000 2 8 8 3
2 20 0 1 0 0 0 3000 2 11 11 8
2 21 1 1 1 0 0 323 1 8 8 11
2 22 0 1 0 0 0 3000 2 5 5 8
2 23 0 1 0 0 0 3000 2 9 9 5
2 24 0 1 0 0 0 3000 2 8 8 9
2 25 0 0 0 0 1 417 2 8 8 8
2 26 0 1 0 0 0 3000 3 11 11 8
2 27 1 1 1 0 0 364 1 8 8 11
2 28 1 1 1 0 0 589 1 11 11 8
2 29 0 1 0 0 0 3000 2 10 10 11
2 30 1 1 1 0 0 321 1 11 11 10
3 1 0 1 0 0 0 3000 3 1 1 11
3 2 0 1 0 0 0 3000 2 6 6 1
3 3 0 1 0 0 0 3000 3 10 10 6
3 4 0 1 0 0 0 3000 2 9 9 10
3 5 0 0 0 0 1 589 3 6 6 9
3 6 0 0 0 0 1 593 3 10 10 6
3 7 1 0 0 1 0 3000 1 6 6 10
3 8 0 1 0 0 0 3000 2 3 3 6
3 9 1 1 1 0 0 329 1 6 6 3
3 10 0 1 0 0 0 3000 2 14 14 6
3 11 1 1 1 0 0 440 1 6 6 14
3 12 0 1 0 0 0 3000 3 7 7 6
3 13 0 1 0 0 0 3000 2 14 14 7
3 14 0 1 0 0 0 3000 2 6 6 14
3 15 0 1 0 0 0 3000 3 6 6 6
3 16 1 1 1 0 0 334 1 6 6 6
3 17 0 1 0 0 0 3000 3 9 9 6
3 18 0 1 0 0 0 3000 2 5 5 9
3 19 1 1 1 0 0 348 1 9 9 5
3 20 0 1 0 0 0 3000 2 3 3 9
3 21 1 1 1 0 0 464 1 9 9 3
3 22 0 1 0 0 0 3000 3 12 12 9
3 23 1 1 1 0 0 335 1 9 9 12
3 24 1 1 1 0 0 440 1 12 12 9
3 25 0 1 0 0 0 3000 2 5 5 12
3 26 0 1 0 0 0 3000 3 13 13 5
3 27 1 1 1 0 0 326 1 5 5 13
3 28 1 1 1 0 0 404 1 13 13 5
3 29 0 0 0 0 1 524 2 13 13 13
3 30 0 1 0 0 0 3000 2 15 15 13
