1 1 0 1 0 0 0 3000 3 5 5 0
1 2 0 1 0 0 0 3000 1 11 11 5
1 3 0 1 0 0 0 3000 2 8 8 11
1 4 1 0 0 1 0 3000 1 11 11 8
1 5 0 1 0 0 0 3000 3 4 4 11
1 6 1 0 0 1 0 3000 1 11 11 4
1 7 0 1 0 0 0 3000 2 5 5 11
1 8 1 0 0 1 0 3000 1 11 11 5
1 9 0 1 0 0 0 3000 2 10 10 11
1 10 1 0 0 1 0 3000 1 11 11 10
1 11 1 0 0 1 0 3000 1 10 10 11
1 12 0 1 0 0 0 3000 2 5 5 10
1 13 0 1 0 0 0 3000 2 12 12 5
1 14 0 1 0 0 0 3000 3 14 14 12
1 15 1 0 0 1 0 3000 1 12 12 14
1 16 0 1 0 0 0 3000 2 4 4 12
1 17 0 1 0 0 0 3000 2 8 8 4
1 18 0 1 0 0 0 3000 3 7 7 8
1 19 1 0 0 1 0 3000 1 8 8 7
1 20 0 1 0 0 0 3000 2 2 2 8
2 1 0 1 0 0 0 3000 1 5 5 2
2 2 0 1 0 0 0 3000 3 1 1 5
2 3 0 1 0 0 0 3000 2 10 10 1
2 4 1 0 0 1 0 3000 1 1 1 10
2 5 0 1 0 0 0 3000 3 5 5 1
2 6 1 0 0 1 0 3000 1 1 1 5
2 7 0 1 0 0 0 3000 2 3 3 1
2 8 0 1 0 0 0 3000 2 13 13 3
2 9 0 1 0 0 0 3000 2 12 12 13
2 10 0 1 0 0 0 3000 3 1 1 12
2 11 0 1 0 0 0 3000 3 1 1 1
2 12 1 0 0 1 0 3000 1 1 1 1
2 13 0 1 0 0 0 3000 2 4 4 1
2 14 1 0 0 1 0 3000 1 1 1 4
2 15 1 0 0 1 0 3000 1 4 4 1
2 16 0 1 0 0 0 3000 2 13 13 4
2 17 0 1 0 0 0 3000 3 7 7 13
2 18 0 1 0 0 0 3000 3 9 9 7
2 19 0 1 0 0 0 3000 3 14 14 9
2 20 1 0 0 1 0 3000 1 9 9 14
2 21 0 1 0 0 0 3000 3 10 10 9
2 22 0 1 0 0 0 3000 2 3 3 10
2 23 0 1 0 0 0 3000 2 11 11 3
2 24 1 0 0 1 0 3000 1 3 3 11
2 25 0 1 0 0 0 3000 3 6 6 3
2 26 1 0 0 1 0 3000 1 3 3 6
2 27 1 0 0 1 0 3000 1 6 6 3
2 28 0 1 0 0 0 3000 2 6 6 6
2 29 0 1 0 0 0 3000 2 7 7 6
2 30 0 1 0 0 0 3000 3 10 10 7
3 1 0 1 0 0 0 3000 1 15 15 10
3 2 0 1 0 0 0 3000 1 6 6 15
3 3 0 1 0 0 0 3000 3 2 2 6
3 4 0 1 0 0 0 3000 2 10 10 2
3 5 0 1 0 0 0 3000 3 6 6 10
3 6 0 1 0 0 0 3000 3 6 6 6
3 7 0 1 0 0 0 3000 3 5 5 6
3 8 0 1 0 0 0 3000 3 5 5 5
3 9 0 1 0 0 0 3000 3 3 3 5
3 10 1 0 0 1 0 3000 1 5 5 3
3 11 0 1 0 0 0 3000 2 2 2 5
3 12 1 0 0 1 0 3000 1 5 5 2
3 13 0 1 0 0 0 3000 2 14 14 5
3 14 0 1 0 0 0 3000 3 4 4 14
3 15 1 0 0 1 0 3000 1 14 14 4
3 16 1 0 0 1 0 3000 1 4 4 14
3 17 0 1 0 0 0 3000 2 3 3 4
3 18 0 1 0 0 0 3000 3 1 1 3
3 19 1 0 0 1 0 3000 1 3 3 1
3 20 0 1 0 0 0 3000 3 2 2 3
3 21 0 1 0 0 0 3000 3 6 6 2
3 22 0 1 0 0 0 3000 2 7 7 6
3 23 0 1 0 0 0 3000 3 10 10 7
3 24 0 1 0 0 0 3000 2 13 13 10
3 25 1 0 0 1 0 3000 1 10 10 13
3 26 0 1 0 0 0 3000 3 5 5 10
3 27 1 0 0 1 0 3000 1 10 10 5
3 28 0 1 0 0 0 3000 3 6 6 10
3 29 0 1 0 0 0 3000 2 13 13 6
3 30 0 1 0 0 0 3000 2 2 2 13
