1 1 0 1 0 0 0 3000 1 9 9 0
1 2 0 1 0 0 0 3000 1 1 1 9
1 3 0 1 0 0 0 3000 3 2 2 1
1 4 0 1 0 0 0 3000 2 15 15 2
1 5 0 1 0 0 0 3000 3 11 11 15
1 6 0 1 0 0 0 3000 3 13 13 11
1 7 0 0 0 0 1 737 3 2 2 13
1 8 0 1 0 0 0 3000 2 8 8 2
1 9 1 0 0 1 0 3000 1 2 2 8
1 10 0 1 0 0 0 3000 2 4 4 2
1 11 0 1 0 0 0 3000 2 9 9 4
1 12 0 1 0 0 0 3000 2 11 11 9
1 13 0 1 0 0 0 3000 3 12 12 11
1 14 0 1 0 0 0 3000 2 6 6 12
1 15 0 1 0 0 0 3000 2 14 14 6
1 16 1 1 1 0 0 510 1 6 6 14
1 17 0 1 0 0 0 3000 2 3 3 6
1 18 0 1 0 0 0 3000 3 7 7 3
1 19 0 1 0 0 0 3000 2 12 12 7
1 20 0 1 0 0 0 3000 3 11 11 12
2 1 0 1 0 0 0 3000 3 5 5 11
2 2 0 1 0 0 0 3000 2 1 1 5
2 3 0 1 0 0 0 3000 3 13 13 1
2 4 1 1 1 0 0 779 1 1 1 13
2 5 0 1 0 0 0 3000 3 14 14 1
2 6 0 1 0 0 0 3000 2 8 8 14
2 7 0 1 0 0 0 3000 2 4 4 8
2 8 0 1 0 0 0 3000 3 5 5 4
2 9 1 1 1 0 0 500 1 4 4 5
2 10 0 1 0 0 0 3000 3 1 1 4
2 11 1 0 0 1 0 3000 1 4 4 1
2 12 0 1 0 0 0 3000 3 7 7 4
2 13 0 1 0 0 0 3000 3 9 9 7
2 14 1 1 1 0 0 1078 1 7 7 9
2 15 0 1 0 0 0 3000 3 11 11 7
2 16 0 1 0 0 0 3000 2 15 15 11
2 17 0 1 0 0 0 3000 3 7 7 15
2 18 0 1 0 0 0 3000 3 10 10 7
2 19 0 1 0 0 0 3000 3 9 9 10
2 20 0 1 0 0 0 3000 2 3 3 9
2 21 0 1 0 0 0 3000 3 12 12 3
2 22 0 1 0 0 0 3000 2 8 8 12
2 23 0 1 0 0 0 3000 2 14 14 8
2 24 1 0 0 1 0 3000 1 8 8 14
2 25 0 0 0 0 1 377 2 12 12 8
2 26 0 1 0 0 0 3000 2 5 5 12
2 27 0 1 0 0 0 3000 3 7 7 5
2 28 1 1 1 0 0 959 1 5 5 7
2 29 0 1 0 0 0 3000 2 13 13 5
2 30 1 0 0 1 0 3000 1 5 5 13
3 1 0 1 0 0 0 3000 1 8 8 5
3 2 0 1 0 0 0 3000 1 7 7 8
3 3 1 1 1 0 0 534 1 8 8 7
3 4 1 0 0 1 0 3000 1 7 7 8
3 5 0 1 0 0 0 3000 3 13 13 7
3 6 0 1 0 0 0 3000 2 12 12 13
3 7 1 1 1 0 0 508 1 13 13 12
3 8 0 1 0 0 0 3000 2 2 2 13
3 9 1 0 0 1 0 3000 1 13 13 2
3 10 1 1 1 0 0 555 1 2 2 13
3 11 0 1 0 0 0 3000 3 10 10 2
3 12 0 1 0 0 0 3000 2 15 15 10
3 13 0 1 0 0 0 3000 3 11 11 15
3 14 0 1 0 0 0 3000 2 13 13 11
3 15 0 1 0 0 0 3000 3 7 7 13
3 16 0 1 0 0 0 3000 2 12 12 7
3 17 1 1 1 0 0 785 1 7 7 12
3 18 0 1 0 0 0 3000 2 13 13 7
3 19 0 1 0 0 0 3000 2 1 1 13
3 20 1 1 1 0 0 404 1 13 13 1
3 21 0 1 0 0 0 3000 3 9 9 13
3 22 1 0 0 1 0 3000 1 13 13 9
3 23 0 1 0 0 0 3000 3 7 7 13
3 24 0 1 0 0 0 3000 2 14 14 7
3 25 0 1 0 0 0 3000 3 3 3 14
3 26 0 1 0 0 0 3000 3 15 15 3
3 27 1 1 1 0 0 642 1 3 3 15
3 28 0 1 0 0 0 3000 3 2 2 3
3 29 0 0 0 0 1 552 3 2 2 2
3 30 0 1 0 0 0 3000 2 15 15 2
