1 1 0 1 0 0 0 3000 2 1 1 0
1 2 0 1 0 0 0 3000 1 11 11 1
1 3 0 0 0 0 1 1151 3 10 10 11
1 4 0 1 0 0 0 3000 2 13 13 10
1 5 0 1 0 0 0 3000 3 7 7 13
1 6 0 1 0 0 0 3000 2 12 12 7
1 7 1 1 1 0 0 507 1 7 7 12
1 8 0 1 0 0 0 3000 3 3 3 7
1 9 0 1 0 0 0 3000 2 14 14 3
1 10 1 1 1 0 0 646 1 3 3 14
1 11 0 1 0 0 0 3000 2 15 15 3
1 12 0 1 0 0 0 3000 3 12 12 15
1 13 0 1 0 0 0 3000 3 7 7 12
1 14 0 1 0 0 0 3000 3 15 15 7
1 15 0 1 0 0 0 3000 2 4 4 15
1 16 1 0 0 1 0 3000 1 15 15 4
1 17 0 1 0 0 0 3000 3 7 7 15
1 18 0 1 0 0 0 3000 3 12 12 7
1 19 0 1 0 0 0 3000 2 1 1 12
1 20 0 1 0 0 0 3000 2 9 9 1
2 1 0 1 0 0 0 3000 2 8 8 9
2 2 0 1 0 0 0 3000 2 15 15 8
2 3 0 1 0 0 0 3000 2 6 6 15
2 4 1 1 1 0 0 434 1 15 15 6
2 5 0 1 0 0 0 3000 2 7 7 15
2 6 0 1 0 0 0 3000 3 14 14 7
2 7 0 1 0 0 0 3000 3 13 13 14
2 8 0 1 0 0 0 3000 3 9 9 13
2 9 1 1 1 0 0 652 1 13 13 9
2 10 0 1 0 0 0 3000 3 15 15 13
2 11 0 1 0 0 0 3000 3 6 6 15
2 12 0 1 0 0 0 3000 2 2 2 6
2 13 0 1 0 0 0 3000 3 9 9 2
2 14 0 0 0 0 1 621 2 9 9 9
2 15 0 1 0 0 0 3000 3 10 10 9
2 16 0 1 0 0 0 3000 2 6 6 10
2 17 1 1 1 0 0 683 1 10 10 6
2 18 0 1 0 0 0 3000 3 5 5 10
2 19 1 1 1 0 0 829 1 10 10 5
2 20 0 1 0 0 0 3000 2 12 12 10
2 21 0 1 0 0 0 3000 2 3 3 12
2 22 0 1 0 0 0 3000 3 14 14 3
2 23 0 1 0 0 0 3000 3 11 11 14
2 24 1 1 1 0 0 796 1 14 14 11
2 25 0 1 0 0 0 3000 3 2 2 14
2 26 0 1 0 0 0 3000 2 9 9 2
2 27 0 0 0 0 1 750 3 9 9 9
2 28 0 1 0 0 0 3000 3 4 4 9
2 29 1 1 1 0 0 423 1 9 9 4
2 30 0 1 0 0 0 3000 3 5 5 9
3 1 0 1 0 0 0 3000 1 8 8 5
3 2 0 1 0 0 0 3000 1 6 6 8
3 3 1 1 1 0 0 424 1 8 8 6
3 4 0 1 0 0 0 3000 2 10 10 8
3 5 1 1 1 0 0 693 1 8 8 10
3 6 1 0 0 1 0 3000 1 10 10 8
3 7 0 1 0 0 0 3000 3 6 6 10
3 8 0 1 0 0 0 3000 3 9 9 6
3 9 0 1 0 0 0 3000 2 14 14 9
3 10 0 1 0 0 0 3000 3 12 12 14
3 11 0 1 0 0 0 3000 2 4 4 12
3 12 0 1 0 0 0 3000 3 5 5 4
3 13 1 1 1 0 0 553 1 4 4 5
3 14 1 0 0 1 0 3000 1 5 5 4
3 15 1 0 0 1 0 3000 1 4 4 5
3 16 1 1 1 0 0 439 1 5 5 4
3 17 1 1 1 0 0 651 1 4 4 5
3 18 0 1 0 0 0 3000 3 2 2 4
3 19 0 1 0 0 0 3000 3 1 1 2
3 20 0 1 0 0 0 3000 2 8 8 1
3 21 0 1 0 0 0 3000 2 15 15 8
3 22 1 1 1 0 0 597 1 8 8 15
3 23 0 1 0 0 0 3000 3 9 9 8
3 24 0 1 0 0 0 3000 3 14 14 9
3 25 1 1 1 0 0 395 1 9 9 14
3 26 1 1 1 0 0 553 1 14 14 9
3 27 0 1 0 0 0 3000 3 11 11 14
3 28 0 1 0 0 0 3000 3 10 10 11
3 29 1 1 1 0 0 345 1 11 11 10
3 30 1 1 1 0 0 398 1 10 10 11
