1 1 0 1 0 0 0 3000 3 4 4 0
1 2 0 1 0 0 0 3000 3 1 1 4
1 3 0 1 0 0 0 3000 3 8 8 1
1 4 1 1 1 0 0 1593 1 1 1 8
1 5 1 1 1 0 0 1057 1 8 8 1
1 6 0 1 0 0 0 3000 2 6 6 8
1 7 1 1 1 0 0 574 1 8 8 6
1 8 1 1 1 0 0 576 1 6 6 8
1 9 1 1 1 0 0 514 1 8 8 6
1 10 1 1 1 0 0 392 1 6 6 8
1 11 0 1 0 0 0 3000 2 6 6 6
1 12 1 1 1 0 0 534 1 6 6 6
1 13 0 1 0 0 0 3000 3 7 7 6
1 14 0 1 0 0 0 3000 3 9 9 7
1 15 1 1 1 0 0 639 1 7 7 9
1 16 0 1 0 0 0 3000 3 4 4 7
1 17 0 1 0 0 0 3000 2 5 5 4
1 18 0 1 0 0 0 3000 2 8 8 5
1 19 0 1 0 0 0 3000 2 12 12 8
1 20 1 1 1 0 0 528 1 8 8 12
2 1 0 1 0 0 0 3000 2 14 14 8
2 2 0 1 0 0 0 3000 1 3 3 14
2 3 0 1 0 0 0 3000 3 2 2 3
2 4 0 1 0 0 0 3000 2 15 15 2
2 5 1 1 1 0 0 560 1 2 2 15
2 6 1 1 1 0 0 494 1 15 15 2
2 7 0 1 0 0 0 3000 3 14 14 15
2 8 0 1 0 0 0 3000 2 10 10 14
2 9 0 1 0 0 0 3000 3 6 6 10
2 10 0 1 0 0 0 3000 3 11 11 6
2 11 0 1 0 0 0 3000 3 8 8 11
2 12 0 1 0 0 0 3000 3 10 10 8
2 13 0 0 0 0 1 550 2 10 10 10
2 14 1 1 1 0 0 711 1 10 10 10
2 15 0 1 0 0 0 3000 2 2 2 10
2 16 1 0 0 1 0 3000 1 10 10 2
2 17 0 1 0 0 0 3000 3 11 11 10
2 18 0 1 0 0 0 3000 2 5 5 11
2 19 1 1 1 0 0 747 1 11 11 5
2 20 1 0 0 1 0 3000 1 5 5 11
2 21 1 1 1 0 0 508 1 11 11 5
2 22 1 1 1 0 0 549 1 5 5 11
2 23 0 1 0 0 0 3000 2 1 1 5
2 24 0 0 0 0 1 583 2 11 11 1
2 25 1 0 0 1 0 3000 1 1 1 11
2 26 1 1 1 0 0 622 1 11 11 1
2 27 0 1 0 0 0 3000 2 7 7 11
2 28 0 1 0 0 0 3000 2 3 3 7
2 29 0 1 0 0 0 3000 3 15 15 3
2 30 0 1 0 0 0 3000 3 4 4 15
3 1 0 1 0 0 0 3000 2 2 2 4
3 2 0 1 0 0 0 3000 3 1 1 2
3 3 0 1 0 0 0 3000 3 5 5 1
3 4 0 1 0 0 0 3000 3 15 15 5
3 5 0 1 0 0 0 3000 2 6 6 15
3 6 0 1 0 0 0 3000 3 11 11 6
3 7 1 1 1 0 0 626 1 6 6 11
3 8 1 1 1 0 0 802 1 11 11 6
3 9 1 1 1 0 0 573 1 6 6 11
3 10 1 1 1 0 0 489 1 11 11 6
3 11 0 1 0 0 0 3000 3 5 5 11
3 12 0 1 0 0 0 3000 3 1 1 5
3 13 0 1 0 0 0 3000 2 12 12 1
3 14 1 1 1 0 0 789 1 1 1 12
3 15 0 1 0 0 0 3000 2 5 5 1
3 16 0 1 0 0 0 3000 2 13 13 5
3 17 1 1 1 0 0 551 1 5 5 13
3 18 1 1 1 0 0 515 1 13 13 5
3 19 0 1 0 0 0 3000 2 7 7 13
3 20 0 1 0 0 0 3000 2 6 6 7
3 21 1 1 1 0 0 552 1 7 7 6
3 22 0 1 0 0 0 3000 3 1 1 7
3 23 0 0 0 0 1 793 3 10 10 1
3 24 0 1 0 0 0 3000 3 13 13 10
3 25 0 1 0 0 0 3000 2 11 11 13
3 26 0 1 0 0 0 3000 3 6 6 11
3 27 1 1 1 0 0 601 1 11 11 6
3 28 1 0 0 1 0 3000 1 6 6 11
3 29 1 0 0 1 0 3000 1 11 11 6
3 30 0 1 0 0 0 3000 2 4 4 11
