1 1 0 1 0 0 0 3000 2 5 5 0
1 2 0 1 0 0 0 3000 2 12 12 5
1 3 0 0 0 0 1 2965 3 3 3 12
1 4 0 1 0 0 0 3000 2 13 13 3
1 5 0 1 0 0 0 3000 3 9 9 13
1 6 0 0 0 0 1 2375 2 9 9 9
1 7 0 1 0 0 0 3000 2 5 5 9
1 8 0 1 0 0 0 3000 3 3 3 5
1 9 1 0 0 1 0 3000 1 5 5 3
1 10 0 1 0 0 0 3000 2 1 1 5
1 11 0 1 0 0 0 3000 3 12 12 1
1 12 0 1 0 0 0 3000 3 13 13 12
1 13 1 0 0 1 0 3000 1 12 12 13
1 14 0 1 0 0 0 3000 3 4 4 12
1 15 0 1 0 0 0 3000 3 9 9 4
1 16 1 0 0 1 0 3000 1 4 4 9
1 17 1 0 0 1 0 3000 1 9 9 4
1 18 0 1 0 0 0 3000 2 5 5 9
1 19 1 0 0 1 0 3000 1 9 9 5
1 20 0 1 0 0 0 3000 3 7 7 9
2 1 0 0 0 0 1 665 3 10 10 7
2 2 0 1 0 0 0 3000 1 13 13 10
2 3 0 1 0 0 0 3000 3 11 11 13
2 4 0 1 0 0 0 3000 3 1 1 11
2 5 0 1 0 0 0 3000 2 5 5 1
2 6 0 1 0 0 0 3000 3 7 7 5
2 7 0 1 0 0 0 3000 3 14 14 7
2 8 0 1 0 0 0 3000 2 13 13 14
2 9 0 1 0 0 0 3000 2 9 9 13
2 10 1 0 0 1 0 3000 1 13 13 9
2 11 0 1 0 0 0 3000 3 7 7 13
2 12 1 0 0 1 0 3000 1 13 13 7
2 13 1 0 0 1 0 3000 1 7 7 13
2 14 0 1 0 0 0 3000 3 12 12 7
2 15 1 0 0 1 0 3000 1 7 7 12
2 16 0 1 0 0 0 3000 3 7 7 7
2 17 0 1 0 0 0 3000 3 2 2 7
2 18 0 1 0 0 0 3000 3 1 1 2
2 19 0 1 0 0 0 3000 2 8 8 1
2 20 0 1 0 0 0 3000 2 8 8 8
2 21 0 1 0 0 0 3000 3 4 4 8
2 22 0 1 0 0 0 3000 3 2 2 4
2 23 0 1 0 0 0 3000 2 11 11 2
2 24 0 1 0 0 0 3000 3 7 7 11
2 25 0 1 0 0 0 3000 2 13 13 7
2 26 1 0 0 1 0 3000 1 7 7 13
2 27 0 0 0 0 1 2368 2 10 10 7
2 28 0 1 0 0 0 3000 2 11 11 10
2 29 0 1 0 0 0 3000 2 15 15 11
2 30 1 0 0 1 0 3000 1 11 11 15
3 1 0 1 0 0 0 3000 2 6 6 11
3 2 0 1 0 0 0 3000 1 14 14 6
3 3 1 0 0 1 0 3000 1 6 6 14
3 4 0 1 0 0 0 3000 3 13 13 6
3 5 0 1 0 0 0 3000 2 7 7 13
3 6 0 0 0 0 1 789 2 10 10 7
3 7 1 0 0 1 0 3000 1 7 7 10
3 8 1 1 1 0 0 807 1 10 10 7
3 9 0 1 0 0 0 3000 3 9 9 10
3 10 0 1 0 0 0 3000 3 1 1 9
3 11 1 1 1 0 0 2371 1 9 9 1
3 12 0 0 0 0 1 771 2 2 2 9
3 13 0 1 0 0 0 3000 2 13 13 2
3 14 0 1 0 0 0 3000 2 1 1 13
3 15 0 1 0 0 0 3000 2 8 8 1
3 16 0 1 0 0 0 3000 3 2 2 8
3 17 0 1 0 0 0 3000 2 5 5 2
3 18 1 0 0 1 0 3000 1 2 2 5
3 19 0 0 0 0 1 2587 3 11 11 2
3 20 0 1 0 0 0 3000 2 8 8 11
3 21 1 0 0 1 0 3000 1 11 11 8
3 22 0 1 0 0 0 3000 2 4 4 11
3 23 0 0 0 0 1 1337 2 4 4 4
3 24 1 1 1 0 0 1017 1 4 4 4
3 25 1 1 1 0 0 279 1 4 4 4
3 26 0 0 0 0 1 354 2 11 11 4
3 27 0 0 0 0 1 449 2 11 11 11
3 28 1 1 1 0 0 650 1 11 11 11
3 29 0 0 0 0 1 1898 2 3 3 11
3 30 0 0 0 0 1 2135 2 14 14 3
