1 1 0 1 0 0 0 3000 1 11 11 0
1 2 0 1 0 0 0 3000 2 15 15 11
1 3 0 1 0 0 0 3000 2 13 13 15
1 4 0 1 0 0 0 3000 2 6 6 13
1 5 0 1 0 0 0 3000 2 7 7 6
1 6 0 1 0 0 0 3000 2 11 11 7
1 7 1 0 0 1 0 3000 1 7 7 11
1 8 0 0 0 0 1 412 2 4 4 7
1 9 0 0 0 0 1 1069 2 3 3 4
1 10 0 1 0 0 0 3000 2 8 8 3
1 11 1 0 0 1 0 3000 1 3 3 8
1 12 0 0 0 0 1 443 3 2 2 3
1 13 1 0 0 1 0 3000 1 3 3 2
1 14 1 1 1 0 0 407 1 2 2 3
1 15 0 0 0 0 1 306 2 5 5 2
1 16 0 0 0 0 1 458 2 13 13 5
1 17 0 1 0 0 0 3000 2 6 6 13
1 18 0 0 0 0 1 836 3 15 15 6
1 19 1 1 1 0 0 394 1 6 6 15
1 20 0 1 0 0 0 3000 3 4 4 6
2 1 0 1 0 0 0 3000 1 2 2 4
2 2 0 1 0 0 0 3000 3 5 5 2
2 3 1 1 1 0 0 391 1 2 2 5
2 4 1 1 1 0 0 580 1 5 5 2
2 5 0 1 0 0 0 3000 3 1 1 5
2 6 0 1 0 0 0 3000 2 13 13 1
2 7 0 1 0 0 0 3000 2 3 3 13
2 8 1 1 1 0 0 435 1 13 13 3
2 9 0 0 0 0 1 563 2 13 13 13
2 10 0 1 0 0 0 3000 3 14 14 13
2 11 0 1 0 0 0 3000 2 4 4 14
2 12 1 1 1 0 0 509 1 14 14 4
2 13 1 1 1 0 0 450 1 4 4 14
2 14 0 1 0 0 0 3000 2 12 12 4
2 15 0 0 0 0 1 491 3 14 14 12
2 16 1 1 1 0 0 584 1 12 12 14
2 17 0 1 0 0 0 3000 3 5 5 12
2 18 0 1 0 0 0 3000 2 10 10 5
2 19 0 1 0 0 0 3000 3 3 3 10
2 20 0 1 0 0 0 3000 2 3 3 3
2 21 1 1 1 0 0 356 1 3 3 3
2 22 0 0 0 0 1 660 3 1 1 3
2 23 0 0 0 0 1 488 3 5 5 1
2 24 0 0 0 0 1 535 2 3 3 5
2 25 1 1 1 0 0 553 1 5 5 3
2 26 0 1 0 0 0 3000 2 15 15 5
2 27 0 1 0 0 0 3000 3 11 11 15
2 28 0 0 0 0 1 534 3 12 12 11
2 29 0 1 0 0 0 3000 2 1 1 12
2 30 1 1 1 0 0 636 1 12 12 1
3 1 0 1 0 0 0 3000 1 3 3 12
3 2 0 1 0 0 0 3000 2 4 4 3
3 3 1 1 1 0 0 414 1 3 3 4
3 4 1 1 1 0 0 963 1 4 4 3
3 5 1 1 1 0 0 514 1 3 3 4
3 6 0 0 0 0 1 478 2 3 3 3
3 7 1 1 1 0 0 533 1 3 3 3
3 8 1 1 1 0 0 479 1 3 3 3
3 9 0 1 0 0 0 3000 3 4 4 3
3 10 1 1 1 0 0 447 1 3 3 4
3 11 1 1 1 0 0 573 1 4 4 3
3 12 0 1 0 0 0 3000 2 13 13 4
3 13 1 1 1 0 0 515 1 4 4 13
3 14 1 1 1 0 0 577 1 13 13 4
3 15 1 1 1 0 0 446 1 4 4 13
3 16 1 1 1 0 0 399 1 13 13 4
3 17 0 0 0 0 1 419 2 11 11 13
3 18 0 1 0 0 0 3000 3 5 5 11
3 19 1 1 1 0 0 415 1 11 11 5
3 20 0 1 0 0 0 3000 3 14 14 11
3 21 0 0 0 0 1 439 2 4 4 14
3 22 0 0 0 0 1 684 2 12 12 4
3 23 0 1 0 0 0 3000 3 8 8 12
3 24 0 0 0 0 1 487 2 4 4 8
3 25 0 0 0 0 1 700 3 11 11 4
3 26 0 1 0 0 0 3000 3 3 3 11
3 27 0 0 0 0 1 638 3 12 12 3
3 28 0 1 0 0 0 3000 3 1 1 12
3 29 0 1 0 0 0 3000 2 10 10 1
3 30 1 1 1 0 0 507 1 1 1 10
