1 1 0 1 0 0 0 3000 1 8 8 0
1 2 0 1 0 0 0 3000 3 11 11 8
1 3 0 1 0 0 0 3000 2 1 1 11
1 4 0 1 0 0 0 3000 3 7 7 1
1 5 0 1 0 0 0 3000 3 14 14 7
1 6 0 1 0 0 0 3000 3 6 6 14
1 7 1 0 0 1 0 3000 1 14 14 6
1 8 0 1 0 0 0 3000 3 1 1 14
1 9 0 1 0 0 0 3000 3 7 7 1
1 10 0 1 0 0 0 3000 3 11 11 7
1 11 0 1 0 0 0 3000 3 12 12 11
1 12 0 1 0 0 0 3000 3 13 13 12
1 13 0 1 0 0 0 3000 3 14 14 13
1 14 0 1 0 0 0 3000 2 5 5 14
1 15 0 1 0 0 0 3000 3 2 2 5
1 16 0 0 0 0 1 2351 2 8 8 2
1 17 1 1 1 0 0 488 1 2 2 8
1 18 0 1 0 0 0 3000 2 3 3 2
1 19 0 1 0 0 0 3000 2 15 15 3
1 20 0 1 0 0 0 3000 3 4 4 15
2 1 0 1 0 0 0 3000 3 13 13 4
2 2 0 1 0 0 0 3000 1 1 1 13
2 3 1 0 0 1 0 3000 1 13 13 1
2 4 1 0 0 1 0 3000 1 1 1 13
2 5 1 0 0 1 0 3000 1 13 13 1
2 6 1 0 0 1 0 3000 1 1 1 13
2 7 0 1 0 0 0 3000 3 6 6 1
2 8 0 1 0 0 0 3000 2 7 7 6
2 9 0 0 0 0 1 865 3 10 10 7
2 10 1 0 0 1 0 3000 1 7 7 10
2 11 1 1 1 0 0 694 1 10 10 7
2 12 0 1 0 0 0 3000 2 11 11 10
2 13 0 1 0 0 0 3000 2 1 1 11
2 14 0 1 0 0 0 3000 3 5 5 1
2 15 0 1 0 0 0 3000 2 7 7 5
2 16 0 1 0 0 0 3000 2 3 3 7
2 17 0 1 0 0 0 3000 3 11 11 3
2 18 1 0 0 1 0 3000 1 3 3 11
2 19 1 0 0 1 0 3000 1 11 11 3
2 20 0 1 0 0 0 3000 3 13 13 11
2 21 0 1 0 0 0 3000 2 6 6 13
2 22 1 0 0 1 0 3000 1 13 13 6
2 23 1 0 0 1 0 3000 1 6 6 13
2 24 0 1 0 0 0 3000 2 15 15 6
2 25 0 1 0 0 0 3000 3 3 3 15
2 26 1 0 0 1 0 3000 1 15 15 3
2 27 1 0 0 1 0 3000 1 3 3 15
2 28 0 1 0 0 0 3000 2 6 6 3
2 29 0 1 0 0 0 3000 2 2 2 6
2 30 0 1 0 0 0 3000 2 14 14 2
3 1 0 1 0 0 0 3000 1 6 6 14
3 2 0 1 0 0 0 3000 1 11 11 6
3 3 0 1 0 0 0 3000 2 5 5 11
3 4 1 0 0 1 0 3000 1 11 11 5
3 5 0 1 0 0 0 3000 2 14 14 11
3 6 0 1 0 0 0 3000 3 8 8 14
3 7 0 0 0 0 1 674 2 10 10 8
3 8 0 1 0 0 0 3000 2 5 5 10
3 9 0 1 0 0 0 3000 2 8 8 5
3 10 0 1 0 0 0 3000 3 3 3 8
3 11 0 1 0 0 0 3000 2 2 2 3
3 12 0 1 0 0 0 3000 2 13 13 2
3 13 0 1 0 0 0 3000 3 3 3 13
3 14 1 0 0 1 0 3000 1 13 13 3
3 15 0 1 0 0 0 3000 3 7 7 13
3 16 1 0 0 1 0 3000 1 13 13 7
3 17 0 1 0 0 0 3000 3 3 3 13
3 18 1 0 0 1 0 3000 1 13 13 3
3 19 0 1 0 0 0 3000 2 7 7 13
3 20 0 0 0 0 1 860 3 10 10 7
3 21 1 0 0 1 0 3000 1 7 7 10
3 22 1 1 1 0 0 650 1 10 10 7
3 23 0 1 0 0 0 3000 3 15 15 10
3 24 0 1 0 0 0 3000 2 3 3 15
3 25 0 1 0 0 0 3000 3 11 11 3
3 26 0 1 0 0 0 3000 3 6 6 11
3 27 0 1 0 0 0 3000 2 6 6 6
3 28 0 1 0 0 0 3000 2 9 9 6
3 29 0 1 0 0 0 3000 3 8 8 9
3 30 0 1 0 0 0 3000 2 11 11 8
