1 1 0 1 0 0 0 3000 3 1 1 0
1 2 0 1 0 0 0 3000 2 7 7 1
1 3 0 1 0 0 0 3000 2 7 7 7
1 4 0 1 0 0 0 3000 3 9 9 7
1 5 0 1 0 0 0 3000 2 14 14 9
1 6 1 0 0 1 0 3000 1 9 9 14
1 7 0 1 0 0 0 3000 2 12 12 9
1 8 0 0 0 0 1 761 3 10 10 12
1 9 1 1 1 0 0 75 1 12 12 10
1 10 0 1 0 0 0 3000 2 11 11 12
1 11 0 1 0 0 0 3000 2 6 6 11
1 12 1 0 0 1 0 3000 1 11 11 6
1 13 0 1 0 0 0 3000 3 13 13 11
1 14 0 1 0 0 0 3000 3 8 8 13
1 15 0 1 0 0 0 3000 3 1 1 8
1 16 1 0 0 1 0 3000 1 8 8 1
1 17 1 0 0 1 0 3000 1 1 1 8
1 18 1 0 0 1 0 3000 1 8 8 1
1 19 1 0 0 1 0 3000 1 1 1 8
1 20 0 1 0 0 0 3000 3 2 2 1
2 1 0 1 0 0 0 3000 3 3 3 2
2 2 0 1 0 0 0 3000 3 6 6 3
2 3 1 0 0 1 0 3000 1 3 3 6
2 4 0 1 0 0 0 3000 2 15 15 3
2 5 1 0 0 1 0 3000 1 3 3 15
2 6 0 1 0 0 0 3000 2 2 2 3
2 7 1 0 0 1 0 3000 1 3 3 2
2 8 0 1 0 0 0 3000 3 11 11 3
2 9 1 0 0 1 0 3000 1 3 3 11
2 10 0 1 0 0 0 3000 3 8 8 3
2 11 1 0 0 1 0 3000 1 3 3 8
2 12 0 1 0 0 0 3000 3 7 7 3
2 13 1 0 0 1 0 3000 1 3 3 7
2 14 1 0 0 1 0 3000 1 7 7 3
2 15 0 1 0 0 0 3000 3 12 12 7
2 16 1 0 0 1 0 3000 1 7 7 12
2 17 1 0 0 1 0 3000 1 12 12 7
2 18 1 0 0 1 0 3000 1 7 7 12
2 19 0 1 0 0 0 3000 3 6 6 7
2 20 1 0 0 1 0 3000 1 7 7 6
2 21 0 1 0 0 0 3000 3 7 7 7
2 22 0 1 0 0 0 3000 2 3 3 7
2 23 1 0 0 1 0 3000 1 7 7 3
2 24 0 1 0 0 0 3000 2 7 7 7
2 25 1 0 0 1 0 3000 1 7 7 7
2 26 1 0 0 1 0 3000 1 7 7 7
2 27 0 1 0 0 0 3000 3 11 11 7
2 28 0 1 0 0 0 3000 3 8 8 11
2 29 1 0 0 1 0 3000 1 11 11 8
2 30 0 1 0 0 0 3000 3 4 4 11
3 1 0 1 0 0 0 3000 2 5 5 4
3 2 0 1 0 0 0 3000 2 7 7 5
3 3 0 1 0 0 0 3000 2 7 7 7
3 4 1 0 0 1 0 3000 1 7 7 7
3 5 1 0 0 1 0 3000 1 7 7 7
3 6 0 1 0 0 0 3000 2 2 2 7
3 7 0 1 0 0 0 3000 2 2 2 2
3 8 0 1 0 0 0 3000 2 7 7 2
3 9 0 1 0 0 0 3000 2 11 11 7
3 10 0 1 0 0 0 3000 2 5 5 11
3 11 0 1 0 0 0 3000 2 8 8 5
3 12 1 0 0 1 0 3000 1 5 5 8
3 13 1 0 0 1 0 3000 1 8 8 5
3 14 0 1 0 0 0 3000 3 3 3 8
3 15 0 1 0 0 0 3000 2 12 12 3
3 16 0 1 0 0 0 3000 3 12 12 12
3 17 1 0 0 1 0 3000 1 12 12 12
3 18 1 0 0 1 0 3000 1 12 12 12
3 19 0 1 0 0 0 3000 2 11 11 12
3 20 1 0 0 1 0 3000 1 12 12 11
3 21 1 0 0 1 0 3000 1 11 11 12
3 22 1 0 0 1 0 3000 1 12 12 11
3 23 1 0 0 1 0 3000 1 11 11 12
3 24 1 0 0 1 0 3000 1 12 12 11
3 25 1 0 0 1 0 3000 1 11 11 12
3 26 1 0 0 1 0 3000 1 12 12 11
3 27 1 0 0 1 0 3000 1 11 11 12
3 28 0 1 0 0 0 3000 2 4 4 11
3 29 0 1 0 0 0 3000 2 1 1 4
3 30 0 1 0 0 0 3000 3 2 2 1
