1 1 0 1 0 0 0 3000 3 1 1 0
1 2 0 1 0 0 0 3000 3 13 13 1
1 3 1 0 0 1 0 3000 1 1 1 13
1 4 0 1 0 0 0 3000 3 12 12 1
1 5 0 1 0 0 0 3000 2 10 10 12
1 6 0 1 0 0 0 3000 3 2 2 10
1 7 0 1 0 0 0 3000 2 9 9 2
1 8 0 1 0 0 0 3000 2 13 13 9
1 9 0 1 0 0 0 3000 2 1 1 13
1 10 0 1 0 0 0 3000 3 1 1 1
1 11 0 1 0 0 0 3000 2 2 2 1
1 12 1 0 0 1 0 3000 1 1 1 2
1 13 0 1 0 0 0 3000 3 6 6 1
1 14 1 0 0 1 0 3000 1 1 1 6
1 15 1 0 0 1 0 3000 1 6 6 1
1 16 0 1 0 0 0 3000 3 2 2 6
1 17 0 1 0 0 0 3000 3 12 12 2
1 18 0 1 0 0 0 3000 3 13 13 12
1 19 1 0 0 1 0 3000 1 12 12 13
1 20 1 0 0 1 0 3000 1 13 13 12
2 1 0 1 0 0 0 3000 2 8 8 13
2 2 0 1 0 0 0 3000 3 7 7 8
2 3 0 1 0 0 0 3000 2 12 12 7
2 4 1 0 0 1 0 3000 1 7 7 12
2 5 0 1 0 0 0 3000 3 11 11 7
2 6 0 1 0 0 0 3000 2 14 14 11
2 7 0 1 0 0 0 3000 2 14 14 14
2 8 0 1 0 0 0 3000 2 7 7 14
2 9 0 1 0 0 0 3000 3 8 8 7
2 10 0 1 0 0 0 3000 3 3 3 8
2 11 1 1 1 0 0 688 1 8 8 3
2 12 0 1 0 0 0 3000 2 11 11 8
2 13 0 1 0 0 0 3000 3 11 11 11
2 14 1 1 1 0 0 892 1 11 11 11
2 15 0 1 0 0 0 3000 3 5 5 11
2 16 1 0 0 1 0 3000 1 11 11 5
2 17 0 1 0 0 0 3000 3 7 7 11
2 18 0 1 0 0 0 3000 3 15 15 7
2 19 0 0 0 0 1 814 3 8 8 15
2 20 0 1 0 0 0 3000 3 3 3 8
2 21 1 0 0 1 0 3000 1 8 8 3
2 22 0 1 0 0 0 3000 2 1 1 8
2 23 0 1 0 0 0 3000 3 11 11 1
2 24 0 1 0 0 0 3000 3 5 5 11
2 25 1 0 0 1 0 3000 1 11 11 5
2 26 1 0 0 1 0 3000 1 5 5 11
2 27 1 1 1 0 0 1219 1 11 11 5
2 28 0 1 0 0 0 3000 2 3 3 11
2 29 1 0 0 1 0 3000 1 11 11 3
2 30 0 1 0 0 0 3000 2 8 8 11
3 1 0 1 0 0 0 3000 2 13 13 8
3 2 0 1 0 0 0 3000 3 11 11 13
3 3 0 1 0 0 0 3000 2 15 15 11
3 4 1 1 1 0 0 1593 1 11 11 15
3 5 0 1 0 0 0 3000 3 13 13 11
3 6 1 0 0 1 0 3000 1 11 11 13
3 7 0 1 0 0 0 3000 3 15 15 11
3 8 0 1 0 0 0 3000 3 5 5 15
3 9 0 0 0 0 1 641 3 11 11 5
3 10 1 0 0 1 0 3000 1 5 5 11
3 11 0 1 0 0 0 3000 2 8 8 5
3 12 0 1 0 0 0 3000 2 14 14 8
3 13 0 1 0 0 0 3000 3 9 9 14
3 14 0 1 0 0 0 3000 2 9 9 9
3 15 1 0 0 1 0 3000 1 9 9 9
3 16 0 0 0 0 1 237 3 15 15 9
3 17 1 0 0 1 0 3000 1 9 9 15
3 18 1 0 0 1 0 3000 1 15 15 9
3 19 0 1 0 0 0 3000 3 10 10 15
3 20 1 1 1 0 0 735 1 15 15 10
3 21 0 1 0 0 0 3000 3 5 5 15
3 22 0 1 0 0 0 3000 2 12 12 5
3 23 0 1 0 0 0 3000 2 13 13 12
3 24 0 1 0 0 0 3000 3 15 15 13
3 25 0 1 0 0 0 3000 2 14 14 15
3 26 1 1 1 0 0 579 1 15 15 14
3 27 0 1 0 0 0 3000 2 4 4 15
3 28 0 1 0 0 0 3000 2 2 2 4
3 29 1 1 1 0 0 500 1 4 4 2
3 30 1 0 0 1 0 3000 1 2 2 4
