1 1 0 1 0 0 0 3000 1 10 10 0
1 2 0 1 0 0 0 3000 2 15 15 10
1 3 1 1 1 0 0 522 1 10 10 15
1 4 0 1 0 0 0 3000 3 7 7 10
1 5 0 1 0 0 0 3000 3 6 6 7
1 6 0 1 0 0 0 3000 2 13 13 6
1 7 0 1 0 0 0 3000 3 12 12 13
1 8 1 1 1 0 0 841 1 13 13 12
1 9 1 0 0 1 0 3000 1 12 12 13
1 10 0 1 0 0 0 3000 3 4 4 12
1 11 1 1 1 0 0 400 1 12 12 4
1 12 0 1 0 0 0 3000 2 6 6 12
1 13 1 0 0 1 0 3000 1 12 12 6
1 14 0 1 0 0 0 3000 3 13 13 12
1 15 0 1 0 0 0 3000 3 9 9 13
1 16 0 1 0 0 0 3000 3 6 6 9
1 17 1 1 1 0 0 633 1 9 9 6
1 18 0 1 0 0 0 3000 2 5 5 9
1 19 0 1 0 0 0 3000 2 15 15 5
1 20 0 1 0 0 0 3000 2 10 10 15
2 1 0 1 0 0 0 3000 1 10 10 10
2 2 0 1 0 0 0 3000 2 6 6 10
2 3 0 1 0 0 0 3000 3 14 14 6
2 4 0 1 0 0 0 3000 3 10 10 14
2 5 0 1 0 0 0 3000 2 15 15 10
2 6 1 1 1 0 0 655 1 10 10 15
2 7 1 0 0 1 0 3000 1 15 15 10
2 8 1 1 1 0 0 502 1 10 10 15
2 9 0 1 0 0 0 3000 2 4 4 10
2 10 0 0 0 0 1 1379 2 13 13 4
2 11 1 0 0 1 0 3000 1 4 4 13
2 12 1 0 0 1 0 3000 1 13 13 4
2 13 1 1 1 0 0 438 1 4 4 13
2 14 0 1 0 0 0 3000 2 15 15 4
2 15 1 0 0 1 0 3000 1 4 4 15
2 16 0 1 0 0 0 3000 2 9 9 4
2 17 0 0 0 0 1 465 3 3 3 9
2 18 0 0 0 0 1 539 2 13 13 3
2 19 1 0 0 1 0 3000 1 3 3 13
2 20 0 1 0 0 0 3000 2 4 4 3
2 21 0 1 0 0 0 3000 2 2 2 4
2 22 0 1 0 0 0 3000 3 10 10 2
2 23 1 1 1 0 0 701 1 2 2 10
2 24 1 0 0 1 0 3000 1 10 10 2
2 25 0 1 0 0 0 3000 3 12 12 10
2 26 0 1 0 0 0 3000 3 9 9 12
2 27 0 0 0 0 1 918 3 5 5 9
2 28 1 1 1 0 0 1257 1 9 9 5
2 29 1 0 0 1 0 3000 1 5 5 9
2 30 0 1 0 0 0 3000 3 15 15 5
3 1 0 1 0 0 0 3000 2 3 3 15
3 2 0 1 0 0 0 3000 3 7 7 3
3 3 0 1 0 0 0 3000 2 15 15 7
3 4 0 0 0 0 1 549 2 15 15 15
3 5 0 1 0 0 0 3000 2 8 8 15
3 6 0 1 0 0 0 3000 3 2 2 8
3 7 1 1 1 0 0 516 1 8 8 2
3 8 0 1 0 0 0 3000 2 5 5 8
3 9 1 1 1 0 0 698 1 8 8 5
3 10 1 0 0 1 0 3000 1 5 5 8
3 11 0 1 0 0 0 3000 2 6 6 5
3 12 0 1 0 0 0 3000 2 13 13 6
3 13 0 1 0 0 0 3000 3 3 3 13
3 14 0 1 0 0 0 3000 3 1 1 3
3 15 0 0 0 0 1 669 2 5 5 1
3 16 0 0 0 0 1 594 3 6 6 5
3 17 0 1 0 0 0 3000 2 4 4 6
3 18 0 1 0 0 0 3000 3 9 9 4
3 19 1 1 1 0 0 673 1 4 4 9
3 20 0 1 0 0 0 3000 2 12 12 4
3 21 0 0 0 0 1 483 3 12 12 12
3 22 0 0 0 0 1 594 2 4 4 12
3 23 0 1 0 0 0 3000 2 2 2 4
3 24 0 1 0 0 0 3000 2 5 5 2
3 25 0 0 0 0 1 668 3 12 12 5
3 26 1 1 1 0 0 521 1 5 5 12
3 27 1 0 0 1 0 3000 1 12 12 5
3 28 0 1 0 0 0 3000 2 6 6 12
3 29 1 1 1 0 0 478 1 12 12 6
3 30 1 0 0 1 0 3000 1 6 6 12
