1 1 0 1 0 0 0 3000 1 7 7 0
1 2 0 1 0 0 0 3000 2 15 15 7
1 3 0 0 0 0 1 781 3 4 4 15
1 4 0 0 0 0 1 791 3 1 1 4
1 5 1 1 1 0 0 30 1 4 4 1
1 6 1 1 1 0 0 74 1 1 1 4
1 7 1 1 1 0 0 1191 1 4 4 1
1 8 0 0 0 0 1 187 3 14 14 4
1 9 0 0 0 0 1 930 2 12 12 14
1 10 1 1 1 0 0 1426 1 14 14 12
1 11 0 0 0 0 1 595 2 6 6 14
1 12 0 0 0 0 1 1184 3 2 2 6
1 13 0 1 0 0 0 3000 2 13 13 2
1 14 1 1 1 0 0 1334 1 2 2 13
1 15 0 0 0 0 1 1609 2 5 5 2
1 16 1 1 1 0 0 904 1 2 2 5
1 17 0 0 0 0 1 106 2 1 1 2
1 18 0 0 0 0 1 210 3 4 4 1
1 19 1 1 1 0 0 553 1 1 1 4
1 20 0 0 0 0 1 1231 2 14 14 1
2 1 0 0 0 0 1 2928 3 3 3 14
2 2 0 1 0 0 0 3000 1 2 2 3
2 3 0 0 0 0 1 111 3 2 2 2
2 4 0 0 0 0 1 101 3 15 15 2
2 5 1 1 1 0 0 394 1 2 2 15
2 6 0 0 0 0 1 170 2 6 6 2
2 7 0 0 0 0 1 462 3 4 4 6
2 8 0 0 0 0 1 221 2 4 4 4
2 9 0 0 0 0 1 354 3 7 7 4
2 10 0 0 0 0 1 63 2 7 7 7
2 11 0 0 0 0 1 381 2 13 13 7
2 12 0 0 0 0 1 329 3 10 10 13
2 13 0 0 0 0 1 374 2 9 9 10
2 14 0 0 0 0 1 101 2 6 6 9
2 15 0 0 0 0 1 181 2 15 15 6
2 16 0 0 0 0 1 419 2 9 9 15
2 17 0 0 0 0 1 357 3 9 9 9
2 18 1 1 1 0 0 115 1 9 9 9
2 19 0 0 0 0 1 161 2 8 8 9
2 20 0 0 0 0 1 75 3 1 1 8
2 21 1 1 1 0 0 132 1 8 8 1
2 22 0 0 0 0 1 421 3 5 5 8
2 23 0 0 0 0 1 64 3 15 15 5
2 24 1 1 1 0 0 720 1 5 5 15
2 25 1 1 1 0 0 361 1 15 15 5
2 26 1 1 1 0 0 160 1 5 5 15
2 27 1 1 1 0 0 249 1 15 15 5
2 28 1 1 1 0 0 296 1 5 5 15
2 29 1 1 1 0 0 34 1 15 15 5
2 30 0 0 0 0 1 363 3 3 3 15
3 1 0 0 0 0 1 1143 2 9 9 3
3 2 0 0 0 0 1 16 1 15 15 9
3 3 0 0 0 0 1 253 2 14 14 15
3 4 0 0 0 0 1 315 2 9 9 14
3 5 0 0 0 0 1 297 2 8 8 9
3 6 1 1 1 0 0 168 1 9 9 8
3 7 0 0 0 0 1 1174 2 9 9 9
3 8 1 1 1 0 0 388 1 9 9 9
3 9 0 0 0 0 1 380 3 11 11 9
3 10 0 0 0 0 1 366 3 7 7 11
3 11 0 0 0 0 1 426 2 13 13 7
3 12 0 0 0 0 1 53 3 15 15 13
3 13 1 1 1 0 0 494 1 13 13 15
3 14 0 0 0 0 1 508 2 10 10 13
3 15 1 1 1 0 0 56 1 13 13 10
3 16 1 1 1 0 0 353 1 10 10 13
3 17 0 0 0 0 1 308 2 5 5 10
3 18 0 0 0 0 1 395 2 15 15 5
3 19 1 1 1 0 0 141 1 5 5 15
3 20 0 0 0 0 1 228 3 8 8 5
3 21 1 0 0 1 0 3000 1 5 5 8
3 22 1 1 1 0 0 311 1 8 8 5
3 23 0 0 0 0 1 71 2 4 4 8
3 24 1 1 1 0 0 418 1 8 8 4
3 25 0 0 0 0 1 417 2 8 8 8
3 26 0 0 0 0 1 184 3 12 12 8
3 27 0 0 0 0 1 168 2 6 6 12
3 28 1 1 1 0 0 119 1 12 12 6
3 29 0 0 0 0 1 70 3 4 4 12
3 30 1 1 1 0 0 226 1 12 12 4
