1 1 0 1 0 0 0 3000 3 15 15 0
1 2 0 1 0 0 0 3000 3 2 2 15
1 3 0 1 0 0 0 3000 2 4 4 2
1 4 0 1 0 0 0 3000 2 1 1 4
1 5 0 1 0 0 0 3000 3 13 13 1
1 6 0 1 0 0 0 3000 3 14 14 13
1 7 0 0 0 0 1 910 3 10 10 14
1 8 0 1 0 0 0 3000 2 15 15 10
1 9 1 0 0 1 0 3000 1 10 10 15
1 10 1 0 0 1 0 3000 1 15 15 10
1 11 0 1 0 0 0 3000 2 4 4 15
1 12 1 0 0 1 0 3000 1 15 15 4
1 13 1 0 0 1 0 3000 1 4 4 15
1 14 1 0 0 1 0 3000 1 15 15 4
1 15 1 0 0 1 0 3000 1 4 4 15
1 16 1 0 0 1 0 3000 1 15 15 4
1 17 1 0 0 1 0 3000 1 4 4 15
1 18 1 0 0 1 0 3000 1 15 15 4
1 19 0 1 0 0 0 3000 2 10 10 15
1 20 0 1 0 0 0 3000 3 6 6 10
2 1 0 1 0 0 0 3000 3 9 9 6
2 2 0 1 0 0 0 3000 3 11 11 9
2 3 1 0 0 1 0 3000 1 9 9 11
2 4 0 1 0 0 0 3000 3 2 2 9
2 5 0 0 0 0 1 698 2 10 10 2
2 6 1 0 0 1 0 3000 1 2 2 10
2 7 0 1 0 0 0 3000 3 9 9 2
2 8 0 1 0 0 0 3000 3 1 1 9
2 9 0 1 0 0 0 3000 2 11 11 1
2 10 1 0 0 1 0 3000 1 1 1 11
2 11 0 1 0 0 0 3000 2 5 5 1
2 12 0 1 0 0 0 3000 2 8 8 5
2 13 1 0 0 1 0 3000 1 5 5 8
2 14 1 0 0 1 0 3000 1 8 8 5
2 15 1 0 0 1 0 3000 1 5 5 8
2 16 1 0 0 1 0 3000 1 8 8 5
2 17 1 0 0 1 0 3000 1 5 5 8
2 18 1 0 0 1 0 3000 1 8 8 5
2 19 0 1 0 0 0 3000 2 15 15 8
2 20 0 1 0 0 0 3000 2 12 12 15
2 21 0 1 0 0 0 3000 3 6 6 12
2 22 0 1 0 0 0 3000 3 11 11 6
2 23 0 1 0 0 0 3000 2 15 15 11
2 24 0 1 0 0 0 3000 2 4 4 15
2 25 0 1 0 0 0 3000 3 11 11 4
2 26 0 0 0 0 1 787 3 10 10 11
2 27 0 1 0 0 0 3000 3 12 12 10
2 28 1 1 1 0 0 777 1 10 10 12
2 29 1 0 0 1 0 3000 1 12 12 10
2 30 1 1 1 0 0 762 1 10 10 12
3 1 0 1 0 0 0 3000 3 6 6 10
3 2 0 1 0 0 0 3000 1 6 6 6
3 3 1 0 0 1 0 3000 1 6 6 6
3 4 0 1 0 0 0 3000 2 4 4 6
3 5 0 1 0 0 0 3000 3 3 3 4
3 6 1 0 0 1 0 3000 1 4 4 3
3 7 0 1 0 0 0 3000 2 14 14 4
3 8 0 1 0 0 0 3000 2 7 7 14
3 9 0 1 0 0 0 3000 2 1 1 7
3 10 1 0 0 1 0 3000 1 7 7 1
3 11 0 1 0 0 0 3000 2 6 6 7
3 12 1 0 0 1 0 3000 1 7 7 6
3 13 1 0 0 1 0 3000 1 6 6 7
3 14 0 1 0 0 0 3000 3 3 3 6
3 15 1 0 0 1 0 3000 1 6 6 3
3 16 0 1 0 0 0 3000 2 1 1 6
3 17 1 0 0 1 0 3000 1 6 6 1
3 18 0 1 0 0 0 3000 2 11 11 6
3 19 0 1 0 0 0 3000 2 13 13 11
3 20 1 0 0 1 0 3000 1 11 11 13
3 21 0 1 0 0 0 3000 2 4 4 11
3 22 0 1 0 0 0 3000 3 13 13 4
3 23 0 1 0 0 0 3000 3 9 9 13
3 24 1 0 0 1 0 3000 1 13 13 9
3 25 0 1 0 0 0 3000 3 3 3 13
3 26 0 1 0 0 0 3000 2 12 12 3
3 27 0 1 0 0 0 3000 3 4 4 12
3 28 1 0 0 1 0 3000 1 12 12 4
3 29 0 1 0 0 0 3000 2 8 8 12
3 30 0 1 0 0 0 3000 3 11 11 8
