1 1 0 1 0 0 0 3000 2 15 15 0
1 2 0 1 0 0 0 3000 1 2 2 15
1 3 1 0 0 1 0 3000 1 15 15 2
1 4 1 0 0 1 0 3000 1 2 2 15
1 5 0 1 0 0 0 3000 2 7 7 2
1 6 0 1 0 0 0 3000 3 4 4 7
1 7 1 0 0 1 0 3000 1 7 7 4
1 8 0 1 0 0 0 3000 2 13 13 7
1 9 1 0 0 1 0 3000 1 7 7 13
1 10 0 1 0 0 0 3000 3 1 1 7
1 11 0 1 0 0 0 3000 3 3 3 1
1 12 1 0 0 1 0 3000 1 1 1 3
1 13 1 0 0 1 0 3000 1 3 3 1
1 14 0 1 0 0 0 3000 2 13 13 3
1 15 0 1 0 0 0 3000 3 2 2 13
1 16 1 0 0 1 0 3000 1 13 13 2
1 17 0 1 0 0 0 3000 3 14 14 13
1 18 0 1 0 0 0 3000 2 9 9 14
1 19 0 1 0 0 0 3000 3 7 7 9
1 20 0 1 0 0 0 3000 2 3 3 7
2 1 0 1 0 0 0 3000 2 14 14 3
2 2 0 1 0 0 0 3000 1 13 13 14
2 3 0 1 0 0 0 3000 3 5 5 13
2 4 0 1 0 0 0 3000 2 15 15 5
2 5 1 0 0 1 0 3000 1 5 5 15
2 6 1 0 0 1 0 3000 1 15 15 5
2 7 0 1 0 0 0 3000 2 1 1 15
2 8 0 1 0 0 0 3000 2 2 2 1
2 9 0 1 0 0 0 3000 3 7 7 2
2 10 1 0 0 1 0 3000 1 2 2 7
2 11 1 0 0 1 0 3000 1 7 7 2
2 12 0 1 0 0 0 3000 2 14 14 7
2 13 0 1 0 0 0 3000 2 1 1 14
2 14 0 1 0 0 0 3000 3 13 13 1
2 15 0 1 0 0 0 3000 3 8 8 13
2 16 0 1 0 0 0 3000 3 8 8 8
2 17 1 0 0 1 0 3000 1 8 8 8
2 18 0 1 0 0 0 3000 3 13 13 8
2 19 0 1 0 0 0 3000 3 2 2 13
2 20 0 1 0 0 0 3000 3 6 6 2
2 21 0 1 0 0 0 3000 3 11 11 6
2 22 1 0 0 1 0 3000 1 6 6 11
2 23 1 0 0 1 0 3000 1 11 11 6
2 24 0 1 0 0 0 3000 2 15 15 11
2 25 1 0 0 1 0 3000 1 11 11 15
2 26 0 1 0 0 0 3000 3 10 10 11
2 27 0 1 0 0 0 3000 2 1 1 10
2 28 0 1 0 0 0 3000 3 3 3 1
2 29 0 1 0 0 0 3000 2 10 10 3
2 30 0 1 0 0 0 3000 2 9 9 10
3 1 0 1 0 0 0 3000 2 6 6 9
3 2 0 1 0 0 0 3000 2 4 4 6
3 3 0 1 0 0 0 3000 2 2 2 4
3 4 1 0 0 1 0 3000 1 4 4 2
3 5 1 0 0 1 0 3000 1 2 2 4
3 6 1 0 0 1 0 3000 1 4 4 2
3 7 1 0 0 1 0 3000 1 2 2 4
3 8 0 1 0 0 0 3000 2 10 10 2
3 9 0 1 0 0 0 3000 2 15 15 10
3 10 1 0 0 1 0 3000 1 10 10 15
3 11 1 0 0 1 0 3000 1 15 15 10
3 12 1 0 0 1 0 3000 1 10 10 15
3 13 0 1 0 0 0 3000 3 5 5 10
3 14 0 1 0 0 0 3000 3 14 14 5
3 15 0 1 0 0 0 3000 2 11 11 14
3 16 0 1 0 0 0 3000 3 1 1 11
3 17 1 0 0 1 0 3000 1 11 11 1
3 18 0 1 0 0 0 3000 3 3 3 11
3 19 0 1 0 0 0 3000 3 15 15 3
3 20 1 0 0 1 0 3000 1 3 3 15
3 21 0 1 0 0 0 3000 2 2 2 3
3 22 1 0 0 1 0 3000 1 3 3 2
3 23 0 1 0 0 0 3000 3 7 7 3
3 24 0 1 0 0 0 3000 3 6 6 7
3 25 1 0 0 1 0 3000 1 7 7 6
3 26 1 0 0 1 0 3000 1 6 6 7
3 27 0 1 0 0 0 3000 2 3 3 6
3 28 0 1 0 0 0 3000 2 2 2 3
3 29 1 0 0 1 0 3000 1 3 3 2
3 30 1 0 0 1 0 3000 1 2 2 3
