1 1 0 1 0 0 0 3000 2 6 6 0
1 2 0 1 0 0 0 3000 2 15 15 6
1 3 0 1 0 0 0 3000 2 11 11 15
1 4 1 0 0 1 0 3000 1 15 15 11
1 5 0 1 0 0 0 3000 2 1 1 15
1 6 0 0 0 0 1 473 2 1 1 1
1 7 0 1 0 0 0 3000 3 3 3 1
1 8 1 1 1 0 0 873 1 1 1 3
1 9 1 0 0 1 0 3000 1 3 3 1
1 10 0 1 0 0 0 3000 3 11 11 3
1 11 0 1 0 0 0 3000 3 2 2 11
1 12 0 1 0 0 0 3000 2 6 6 2
1 13 0 1 0 0 0 3000 2 4 4 6
1 14 0 0 0 0 1 562 2 1 1 4
1 15 1 1 1 0 0 737 1 4 4 1
1 16 1 1 1 0 0 618 1 1 1 4
1 17 0 1 0 0 0 3000 3 7 7 1
1 18 0 0 0 0 1 686 3 6 6 7
1 19 0 0 0 0 1 759 2 2 2 6
1 20 0 0 0 0 1 591 3 15 15 2
2 1 0 1 0 0 0 3000 1 4 4 15
2 2 0 1 0 0 0 3000 3 4 4 4
2 3 0 1 0 0 0 3000 2 1 1 4
2 4 0 1 0 0 0 3000 3 12 12 1
2 5 1 1 1 0 0 628 1 1 1 12
2 6 1 1 1 0 0 671 1 12 12 1
2 7 1 1 1 0 0 837 1 1 1 12
2 8 1 1 1 0 0 640 1 12 12 1
2 9 1 1 1 0 0 538 1 1 1 12
2 10 0 1 0 0 0 3000 3 2 2 1
2 11 0 1 0 0 0 3000 3 2 2 2
2 12 1 1 1 0 0 553 1 2 2 2
2 13 1 1 1 0 0 725 1 2 2 2
2 14 0 1 0 0 0 3000 3 4 4 2
2 15 0 1 0 0 0 3000 3 5 5 4
2 16 0 0 0 0 1 429 2 2 2 5
2 17 0 1 0 0 0 3000 3 9 9 2
2 18 0 1 0 0 0 3000 2 13 13 9
2 19 0 1 0 0 0 3000 3 15 15 13
2 20 0 0 0 0 1 430 2 9 9 15
2 21 0 1 0 0 0 3000 2 3 3 9
2 22 1 1 1 0 0 455 1 9 9 3
2 23 1 1 1 0 0 625 1 3 3 9
2 24 1 1 1 0 0 543 1 9 9 3
2 25 0 1 0 0 0 3000 3 6 6 9
2 26 1 1 1 0 0 735 1 9 9 6
2 27 0 0 0 0 1 708 2 5 5 9
2 28 0 1 0 0 0 3000 3 1 1 5
2 29 0 1 0 0 0 3000 3 12 12 1
2 30 0 1 0 0 0 3000 2 3 3 12
3 1 0 1 0 0 0 3000 2 8 8 3
3 2 0 1 0 0 0 3000 2 14 14 8
3 3 0 1 0 0 0 3000 2 7 7 14
3 4 0 1 0 0 0 3000 3 5 5 7
3 5 0 1 0 0 0 3000 2 13 13 5
3 6 0 0 0 0 1 633 3 7 7 13
3 7 0 1 0 0 0 3000 2 2 2 7
3 8 0 1 0 0 0 3000 3 9 9 2
3 9 1 1 1 0 0 488 1 2 2 9
3 10 1 1 1 0 0 653 1 9 9 2
3 11 0 1 0 0 0 3000 3 7 7 9
3 12 0 1 0 0 0 3000 3 1 1 7
3 13 0 1 0 0 0 3000 3 15 15 1
3 14 1 1 1 0 0 464 1 1 1 15
3 15 1 1 1 0 0 473 1 15 15 1
3 16 1 1 1 0 0 676 1 1 1 15
3 17 1 1 1 0 0 541 1 15 15 1
3 18 0 1 0 0 0 3000 3 2 2 15
3 19 1 1 1 0 0 488 1 15 15 2
3 20 0 1 0 0 0 3000 2 1 1 15
3 21 1 1 1 0 0 690 1 15 15 1
3 22 0 1 0 0 0 3000 3 12 12 15
3 23 0 1 0 0 0 3000 2 2 2 12
3 24 1 1 1 0 0 500 1 12 12 2
3 25 0 0 0 0 1 655 3 12 12 12
3 26 0 1 0 0 0 3000 3 7 7 12
3 27 0 1 0 0 0 3000 3 13 13 7
3 28 1 0 0 1 0 3000 1 7 7 13
3 29 1 1 1 0 0 672 1 13 13 7
3 30 0 1 0 0 0 3000 3 5 5 13
