1 1 0 1 0 0 0 3000 1 11 11 0
1 2 0 1 0 0 0 3000 2 6 6 11
1 3 0 1 0 0 0 3000 2 4 4 6
1 4 1 1 1 0 0 680 1 6 6 4
1 5 0 1 0 0 0 3000 2 10 10 6
1 6 0 1 0 0 0 3000 2 3 3 10
1 7 0 1 0 0 0 3000 2 9 9 3
1 8 0 1 0 0 0 3000 3 14 14 9
1 9 0 1 0 0 0 3000 2 1 1 14
1 10 0 0 0 0 1 728 2 3 3 1
1 11 0 1 0 0 0 3000 2 7 7 3
1 12 0 1 0 0 0 3000 2 13 13 7
1 13 0 0 0 0 1 1023 2 4 4 13
1 14 1 1 1 0 0 906 1 13 13 4
1 15 0 1 0 0 0 3000 2 12 12 13
1 16 1 1 1 0 0 1039 1 13 13 12
1 17 0 1 0 0 0 3000 2 15 15 13
1 18 1 1 1 0 0 502 1 13 13 15
1 19 1 0 0 1 0 3000 1 15 15 13
1 20 1 1 1 0 0 674 1 13 13 15
2 1 0 1 0 0 0 3000 2 3 3 13
2 2 0 1 0 0 0 3000 2 9 9 3
2 3 0 1 0 0 0 3000 2 12 12 9
2 4 0 1 0 0 0 3000 3 1 1 12
2 5 0 1 0 0 0 3000 2 5 5 1
2 6 0 0 0 0 1 331 3 13 13 5
2 7 0 1 0 0 0 3000 2 14 14 13
2 8 0 0 0 0 1 496 2 3 3 14
2 9 0 1 0 0 0 3000 3 6 6 3
2 10 0 0 0 0 1 673 3 12 12 6
2 11 1 1 1 0 0 727 1 6 6 12
2 12 0 0 0 0 1 1393 3 1 1 6
2 13 0 1 0 0 0 3000 2 15 15 1
2 14 0 1 0 0 0 3000 3 8 8 15
2 15 0 0 0 0 1 598 2 8 8 8
2 16 0 0 0 0 1 903 3 9 9 8
2 17 0 1 0 0 0 3000 2 3 3 9
2 18 0 1 0 0 0 3000 3 2 2 3
2 19 1 1 1 0 0 849 1 3 3 2
2 20 0 0 0 0 1 1056 3 9 9 3
2 21 1 1 1 0 0 1509 1 3 3 9
2 22 0 1 0 0 0 3000 3 6 6 3
2 23 0 1 0 0 0 3000 3 5 5 6
2 24 0 0 0 0 1 733 3 4 4 5
2 25 0 0 0 0 1 2986 2 4 4 4
2 26 0 1 0 0 0 3000 2 8 8 4
2 27 0 0 0 0 1 667 2 12 12 8
2 28 0 0 0 0 1 739 3 14 14 12
2 29 0 1 0 0 0 3000 2 10 10 14
2 30 1 0 0 1 0 3000 1 14 14 10
3 1 0 1 0 0 0 3000 1 1 1 14
3 2 0 1 0 0 0 3000 1 11 11 1
3 3 0 1 0 0 0 3000 3 6 6 11
3 4 0 0 0 0 1 620 2 6 6 6
3 5 0 1 0 0 0 3000 2 14 14 6
3 6 0 0 0 0 1 464 3 14 14 14
3 7 0 1 0 0 0 3000 2 9 9 14
3 8 0 1 0 0 0 3000 3 1 1 9
3 9 0 1 0 0 0 3000 3 13 13 1
3 10 0 0 0 0 1 582 2 13 13 13
3 11 0 1 0 0 0 3000 3 15 15 13
3 12 0 1 0 0 0 3000 3 12 12 15
3 13 1 1 1 0 0 1085 1 15 15 12
3 14 1 0 0 1 0 3000 1 12 12 15
3 15 1 1 1 0 0 737 1 15 15 12
3 16 0 1 0 0 0 3000 2 6 6 15
3 17 0 1 0 0 0 3000 3 13 13 6
3 18 1 1 1 0 0 556 1 6 6 13
3 19 1 0 0 1 0 3000 1 13 13 6
3 20 0 0 0 0 1 906 3 8 8 13
3 21 0 1 0 0 0 3000 3 1 1 8
3 22 1 1 1 0 0 681 1 8 8 1
3 23 0 1 0 0 0 3000 3 4 4 8
3 24 0 0 0 0 1 863 2 13 13 4
3 25 0 1 0 0 0 3000 3 3 3 13
3 26 0 1 0 0 0 3000 2 14 14 3
3 27 0 1 0 0 0 3000 3 10 10 14
3 28 1 1 1 0 0 575 1 14 14 10
3 29 0 1 0 0 0 3000 3 1 1 14
3 30 0 1 0 0 0 3000 3 7 7 1
