1 1 0 1 0 0 0 3000 2 8 8 0
1 2 0 1 0 0 0 3000 1 11 11 8
1 3 0 1 0 0 0 3000 2 7 7 11
1 4 0 1 0 0 0 3000 3 6 6 7
1 5 1 0 0 1 0 3000 1 7 7 6
1 6 0 1 0 0 0 3000 3 1 1 7
1 7 0 1 0 0 0 3000 3 13 13 1
1 8 0 1 0 0 0 3000 3 15 15 13
1 9 0 1 0 0 0 3000 2 6 6 15
1 10 1 0 0 1 0 3000 1 15 15 6
1 11 0 1 0 0 0 3000 3 8 8 15
1 12 0 1 0 0 0 3000 3 6 6 8
1 13 0 1 0 0 0 3000 2 2 2 6
1 14 0 1 0 0 0 3000 3 8 8 2
1 15 1 0 0 1 0 3000 1 2 2 8
1 16 1 0 0 1 0 3000 1 8 8 2
1 17 0 1 0 0 0 3000 3 6 6 8
1 18 0 1 0 0 0 3000 2 7 7 6
1 19 1 0 0 1 0 3000 1 6 6 7
1 20 0 1 0 0 0 3000 2 10 10 6
2 1 0 1 0 0 0 3000 2 2 2 10
2 2 0 1 0 0 0 3000 2 15 15 2
2 3 0 1 0 0 0 3000 2 10 10 15
2 4 0 1 0 0 0 3000 3 10 10 10
2 5 1 0 0 1 0 3000 1 10 10 10
2 6 0 1 0 0 0 3000 3 9 9 10
2 7 0 1 0 0 0 3000 3 15 15 9
2 8 1 0 0 1 0 3000 1 9 9 15
2 9 0 1 0 0 0 3000 2 8 8 9
2 10 0 1 0 0 0 3000 3 4 4 8
2 11 0 1 0 0 0 3000 2 3 3 4
2 12 0 1 0 0 0 3000 2 13 13 3
2 13 0 1 0 0 0 3000 2 6 6 13
2 14 0 1 0 0 0 3000 3 1 1 6
2 15 0 1 0 0 0 3000 3 13 13 1
2 16 0 1 0 0 0 3000 3 5 5 13
2 17 0 1 0 0 0 3000 2 15 15 5
2 18 1 0 0 1 0 3000 1 5 5 15
2 19 0 1 0 0 0 3000 2 2 2 5
2 20 0 1 0 0 0 3000 3 9 9 2
2 21 0 1 0 0 0 3000 2 1 1 9
2 22 0 1 0 0 0 3000 2 12 12 1
2 23 0 1 0 0 0 3000 2 7 7 12
2 24 1 0 0 1 0 3000 1 12 12 7
2 25 0 1 0 0 0 3000 2 6 6 12
2 26 1 0 0 1 0 3000 1 12 12 6
2 27 0 1 0 0 0 3000 3 5 5 12
2 28 1 0 0 1 0 3000 1 12 12 5
2 29 0 1 0 0 0 3000 3 2 2 12
2 30 0 1 0 0 0 3000 2 14 14 2
3 1 0 1 0 0 0 3000 2 14 14 14
3 2 0 1 0 0 0 3000 1 1 1 14
3 3 0 1 0 0 0 3000 2 12 12 1
3 4 0 1 0 0 0 3000 3 10 10 12
3 5 0 1 0 0 0 3000 3 8 8 10
3 6 1 0 0 1 0 3000 1 10 10 8
3 7 0 1 0 0 0 3000 3 13 13 10
3 8 0 1 0 0 0 3000 3 11 11 13
3 9 0 1 0 0 0 3000 2 12 12 11
3 10 1 0 0 1 0 3000 1 11 11 12
3 11 1 0 0 1 0 3000 1 12 12 11
3 12 0 1 0 0 0 3000 2 5 5 12
3 13 1 0 0 1 0 3000 1 12 12 5
3 14 0 1 0 0 0 3000 2 15 15 12
3 15 0 1 0 0 0 3000 2 13 13 15
3 16 1 0 0 1 0 3000 1 15 15 13
3 17 0 1 0 0 0 3000 3 9 9 15
3 18 1 0 0 1 0 3000 1 15 15 9
3 19 1 0 0 1 0 3000 1 9 9 15
3 20 1 0 0 1 0 3000 1 15 15 9
3 21 0 1 0 0 0 3000 3 7 7 15
3 22 0 1 0 0 0 3000 3 14 14 7
3 23 0 1 0 0 0 3000 2 2 2 14
3 24 0 1 0 0 0 3000 3 1 1 2
3 25 1 0 0 1 0 3000 1 2 2 1
3 26 0 1 0 0 0 3000 3 15 15 2
3 27 1 0 0 1 0 3000 1 2 2 15
3 28 1 0 0 1 0 3000 1 15 15 2
3 29 1 0 0 1 0 3000 1 2 2 15
3 30 0 1 0 0 0 3000 3 10 10 2
