1 1 0 1 0 0 0 3000 1 2 2 0
1 2 0 1 0 0 0 3000 3 9 9 2
1 3 1 0 0 1 0 3000 1 2 2 9
1 4 1 0 0 1 0 3000 1 9 9 2
1 5 1 0 0 1 0 3000 1 2 2 9
1 6 0 1 0 0 0 3000 2 14 14 2
1 7 0 1 0 0 0 3000 2 5 5 14
1 8 1 0 0 1 0 3000 1 14 14 5
1 9 1 1 1 0 0 1238 1 5 5 14
1 10 0 1 0 0 0 3000 2 10 10 5
1 11 0 1 0 0 0 3000 3 8 8 10
1 12 0 1 0 0 0 3000 2 14 14 8
1 13 0 1 0 0 0 3000 3 13 13 14
1 14 1 1 1 0 0 946 1 14 14 13
1 15 0 1 0 0 0 3000 3 9 9 14
1 16 1 0 0 1 0 3000 1 14 14 9
1 17 1 1 1 0 0 862 1 9 9 14
1 18 0 1 0 0 0 3000 2 1 1 9
1 19 0 1 0 0 0 3000 3 14 14 1
1 20 0 0 0 0 1 596 3 5 5 14
2 1 0 1 0 0 0 3000 3 15 15 5
2 2 0 1 0 0 0 3000 3 14 14 15
2 3 0 1 0 0 0 3000 3 11 11 14
2 4 1 0 0 1 0 3000 1 14 14 11
2 5 0 1 0 0 0 3000 3 1 1 14
2 6 1 1 1 0 0 761 1 14 14 1
2 7 1 1 1 0 0 996 1 1 1 14
2 8 0 0 0 0 1 624 2 11 11 1
2 9 1 1 1 0 0 1291 1 1 1 11
2 10 1 1 1 0 0 822 1 11 11 1
2 11 1 1 1 0 0 875 1 1 1 11
2 12 1 1 1 0 0 860 1 11 11 1
2 13 1 1 1 0 0 619 1 1 1 11
2 14 0 1 0 0 0 3000 2 3 3 1
2 15 0 1 0 0 0 3000 3 7 7 3
2 16 1 1 1 0 0 543 1 3 3 7
2 17 0 0 0 0 1 860 2 11 11 3
2 18 0 1 0 0 0 3000 3 13 13 11
2 19 0 1 0 0 0 3000 2 5 5 13
2 20 0 0 0 0 1 525 3 7 7 5
2 21 0 1 0 0 0 3000 2 3 3 7
2 22 0 1 0 0 0 3000 3 2 2 3
2 23 0 1 0 0 0 3000 2 11 11 2
2 24 1 1 1 0 0 408 1 2 2 11
2 25 0 1 0 0 0 3000 2 14 14 2
2 26 0 1 0 0 0 3000 3 10 10 14
2 27 1 1 1 0 0 496 1 14 14 10
2 28 1 1 1 0 0 978 1 10 10 14
2 29 0 1 0 0 0 3000 2 3 3 10
2 30 0 1 0 0 0 3000 3 5 5 3
3 1 0 1 0 0 0 3000 3 4 4 5
3 2 0 1 0 0 0 3000 2 8 8 4
3 3 1 1 1 0 0 425 1 4 4 8
3 4 0 1 0 0 0 3000 3 9 9 4
3 5 1 1 1 0 0 569 1 4 4 9
3 6 1 1 1 0 0 541 1 9 9 4
3 7 0 1 0 0 0 3000 2 7 7 9
3 8 0 1 0 0 0 3000 2 2 2 7
3 9 0 1 0 0 0 3000 3 5 5 2
3 10 0 1 0 0 0 3000 2 6 6 5
3 11 1 1 1 0 0 448 1 5 5 6
3 12 1 1 1 0 0 803 1 6 6 5
3 13 0 1 0 0 0 3000 3 14 14 6
3 14 1 1 1 0 0 470 1 6 6 14
3 15 0 1 0 0 0 3000 3 5 5 6
3 16 0 1 0 0 0 3000 2 4 4 5
3 17 0 1 0 0 0 3000 2 10 10 4
3 18 0 1 0 0 0 3000 2 7 7 10
3 19 1 1 1 0 0 589 1 10 10 7
3 20 0 1 0 0 0 3000 3 15 15 10
3 21 0 1 0 0 0 3000 2 4 4 15
3 22 0 1 0 0 0 3000 3 10 10 4
3 23 0 1 0 0 0 3000 2 11 11 10
3 24 1 1 1 0 0 676 1 10 10 11
3 25 0 1 0 0 0 3000 3 15 15 10
3 26 0 1 0 0 0 3000 2 5 5 15
3 27 0 1 0 0 0 3000 3 14 14 5
3 28 0 1 0 0 0 3000 2 2 2 14
3 29 1 1 1 0 0 893 1 14 14 2
3 30 0 1 0 0 0 3000 3 10 10 14
