1 1 0 1 0 0 0 3000 1 15 15 0
1 2 0 1 0 0 0 3000 2 13 13 15
1 3 0 1 0 0 0 3000 3 14 14 13
1 4 0 1 0 0 0 3000 3 11 11 14
1 5 0 1 0 0 0 3000 2 5 5 11
1 6 0 1 0 0 0 3000 3 3 3 5
1 7 0 1 0 0 0 3000 3 14 14 3
1 8 0 1 0 0 0 3000 3 8 8 14
1 9 1 0 0 1 0 3000 1 14 14 8
1 10 1 1 1 0 0 700 1 8 8 14
1 11 0 1 0 0 0 3000 2 8 8 8
1 12 0 1 0 0 0 3000 2 3 3 8
1 13 1 1 1 0 0 507 1 8 8 3
1 14 0 1 0 0 0 3000 3 13 13 8
1 15 0 1 0 0 0 3000 3 1 1 13
1 16 0 1 0 0 0 3000 2 11 11 1
1 17 0 0 0 0 1 665 2 3 3 11
1 18 1 1 1 0 0 677 1 11 11 3
1 19 0 0 0 0 1 512 3 14 14 11
1 20 1 1 1 0 0 771 1 11 11 14
2 1 0 1 0 0 0 3000 3 6 6 11
2 2 0 1 0 0 0 3000 1 10 10 6
2 3 0 1 0 0 0 3000 2 5 5 10
2 4 1 1 1 0 0 513 1 10 10 5
2 5 1 1 1 0 0 613 1 5 5 10
2 6 0 1 0 0 0 3000 3 2 2 5
2 7 0 1 0 0 0 3000 3 3 3 2
2 8 0 1 0 0 0 3000 2 4 4 3
2 9 0 0 0 0 1 526 3 5 5 4
2 10 1 1 1 0 0 655 1 4 4 5
2 11 0 0 0 0 1 585 3 10 10 4
2 12 1 1 1 0 0 463 1 4 4 10
2 13 1 1 1 0 0 462 1 10 10 4
2 14 0 0 0 0 1 541 2 5 5 10
2 15 1 1 1 0 0 600 1 10 10 5
2 16 1 0 0 1 0 3000 1 5 5 10
2 17 0 1 0 0 0 3000 3 12 12 5
2 18 0 1 0 0 0 3000 2 2 2 12
2 19 0 0 0 0 1 421 2 3 3 2
2 20 1 1 1 0 0 513 1 2 2 3
2 21 0 1 0 0 0 3000 3 7 7 2
2 22 0 1 0 0 0 3000 2 14 14 7
2 23 0 0 0 0 1 522 3 2 2 14
2 24 1 1 1 0 0 563 1 14 14 2
2 25 0 1 0 0 0 3000 3 15 15 14
2 26 0 0 0 0 1 896 2 15 15 15
2 27 1 1 1 0 0 659 1 15 15 15
2 28 0 1 0 0 0 3000 3 13 13 15
2 29 0 1 0 0 0 3000 3 2 2 13
2 30 1 1 1 0 0 721 1 13 13 2
3 1 0 1 0 0 0 3000 1 13 13 13
3 2 0 1 0 0 0 3000 2 3 3 13
3 3 0 1 0 0 0 3000 3 1 1 3
3 4 1 1 1 0 0 516 1 3 3 1
3 5 0 1 0 0 0 3000 3 11 11 3
3 6 0 1 0 0 0 3000 3 9 9 11
3 7 1 1 1 0 0 341 1 11 11 9
3 8 1 0 0 1 0 3000 1 9 9 11
3 9 1 0 0 1 0 3000 1 11 11 9
3 10 0 0 0 0 1 400 2 7 7 11
3 11 0 1 0 0 0 3000 2 8 8 7
3 12 1 1 1 0 0 462 1 7 7 8
3 13 0 1 0 0 0 3000 3 15 15 7
3 14 0 1 0 0 0 3000 3 8 8 15
3 15 0 1 0 0 0 3000 2 5 5 8
3 16 0 1 0 0 0 3000 2 13 13 5
3 17 1 1 1 0 0 460 1 5 5 13
3 18 0 1 0 0 0 3000 3 1 1 5
3 19 0 1 0 0 0 3000 3 13 13 1
3 20 0 1 0 0 0 3000 3 14 14 13
3 21 1 1 1 0 0 373 1 13 13 14
3 22 1 1 1 0 0 998 1 14 14 13
3 23 1 0 0 1 0 3000 1 13 13 14
3 24 0 1 0 0 0 3000 2 12 12 13
3 25 0 1 0 0 0 3000 3 11 11 12
3 26 0 1 0 0 0 3000 3 9 9 11
3 27 1 1 1 0 0 351 1 11 11 9
3 28 0 1 0 0 0 3000 3 4 4 11
3 29 0 0 0 0 1 601 3 13 13 4
3 30 1 1 1 0 0 405 1 4 4 13
