1 1 0 1 0 0 0 3000 3 11 11 0
1 2 0 0 0 0 1 1950 2 10 10 11
1 3 0 1 0 0 0 3000 2 12 12 10
1 4 0 1 0 0 0 3000 2 11 11 12
1 5 1 0 0 1 0 3000 1 12 12 11
1 6 0 1 0 0 0 3000 2 13 13 12
1 7 0 1 0 0 0 3000 2 1 1 13
1 8 0 0 0 0 1 1225 3 10 10 1
1 9 0 1 0 0 0 3000 2 7 7 10
1 10 0 1 0 0 0 3000 3 11 11 7
1 11 0 1 0 0 0 3000 3 12 12 11
1 12 0 1 0 0 0 3000 2 1 1 12
1 13 1 0 0 1 0 3000 1 12 12 1
1 14 0 1 0 0 0 3000 2 9 9 12
1 15 1 0 0 1 0 3000 1 12 12 9
1 16 1 0 0 1 0 3000 1 9 9 12
1 17 0 1 0 0 0 3000 3 1 1 9
1 18 1 0 0 1 0 3000 1 9 9 1
1 19 0 1 0 0 0 3000 2 8 8 9
1 20 0 1 0 0 0 3000 2 4 4 8
2 1 0 1 0 0 0 3000 2 7 7 4
2 2 0 1 0 0 0 3000 2 11 11 7
2 3 1 0 0 1 0 3000 1 7 7 11
2 4 0 1 0 0 0 3000 3 1 1 7
2 5 1 0 0 1 0 3000 1 7 7 1
2 6 1 0 0 1 0 3000 1 1 1 7
2 7 0 1 0 0 0 3000 2 3 3 1
2 8 0 1 0 0 0 3000 2 5 5 3
2 9 0 1 0 0 0 3000 2 12 12 5
2 10 1 0 0 1 0 3000 1 5 5 12
2 11 1 0 0 1 0 3000 1 12 12 5
2 12 1 0 0 1 0 3000 1 5 5 12
2 13 0 1 0 0 0 3000 3 1 1 5
2 14 0 1 0 0 0 3000 3 2 2 1
2 15 1 0 0 1 0 3000 1 1 1 2
2 16 1 0 0 1 0 3000 1 2 2 1
2 17 1 0 0 1 0 3000 1 1 1 2
2 18 0 1 0 0 0 3000 2 11 11 1
2 19 0 1 0 0 0 3000 3 13 13 11
2 20 0 1 0 0 0 3000 2 4 4 13
2 21 0 1 0 0 0 3000 2 14 14 4
2 22 1 0 0 1 0 3000 1 4 4 14
2 23 1 0 0 1 0 3000 1 14 14 4
2 24 0 1 0 0 0 3000 2 7 7 14
2 25 1 0 0 1 0 3000 1 14 14 7
2 26 0 1 0 0 0 3000 2 13 13 14
2 27 0 0 0 0 1 1013 2 10 10 13
2 28 1 0 0 1 0 3000 1 13 13 10
2 29 1 1 1 0 0 985 1 10 10 13
2 30 0 1 0 0 0 3000 2 6 6 10
3 1 0 1 0 0 0 3000 3 7 7 6
3 2 0 0 0 0 1 952 2 10 10 7
3 3 0 1 0 0 0 3000 2 8 8 10
3 4 1 1 1 0 0 965 1 10 10 8
3 5 0 1 0 0 0 3000 2 12 12 10
3 6 0 1 0 0 0 3000 2 12 12 12
3 7 0 1 0 0 0 3000 3 1 1 12
3 8 0 1 0 0 0 3000 3 11 11 1
3 9 0 1 0 0 0 3000 2 13 13 11
3 10 0 1 0 0 0 3000 3 1 1 13
3 11 0 1 0 0 0 3000 2 5 5 1
3 12 0 1 0 0 0 3000 2 13 13 5
3 13 0 1 0 0 0 3000 3 8 8 13
3 14 1 0 0 1 0 3000 1 13 13 8
3 15 0 1 0 0 0 3000 2 13 13 13
3 16 0 1 0 0 0 3000 3 12 12 13
3 17 0 1 0 0 0 3000 3 7 7 12
3 18 0 1 0 0 0 3000 2 14 14 7
3 19 1 0 0 1 0 3000 1 7 7 14
3 20 1 0 0 1 0 3000 1 14 14 7
3 21 0 1 0 0 0 3000 2 11 11 14
3 22 0 1 0 0 0 3000 2 1 1 11
3 23 0 1 0 0 0 3000 2 7 7 1
3 24 0 1 0 0 0 3000 2 9 9 7
3 25 1 0 0 1 0 3000 1 7 7 9
3 26 0 1 0 0 0 3000 2 5 5 7
3 27 0 1 0 0 0 3000 2 13 13 5
3 28 0 0 0 0 1 1045 2 10 10 13
3 29 0 1 0 0 0 3000 2 12 12 10
3 30 0 1 0 0 0 3000 2 1 1 12
