1 1 0 0 0 0 1 2401 3 12 12 0
1 2 0 0 0 0 1 51 3 6 6 12
1 3 1 1 1 0 0 741 1 12 12 6
1 4 0 0 0 0 1 951 2 15 15 12
1 5 1 1 1 0 0 185 1 12 12 15
1 6 1 1 1 0 0 681 1 15 15 12
1 7 1 1 1 0 0 507 1 12 12 15
1 8 0 0 0 0 1 215 2 7 7 12
1 9 1 1 1 0 0 2428 1 12 12 7
1 10 0 0 0 0 1 1049 3 13 13 12
1 11 0 0 0 0 1 301 2 8 8 13
1 12 0 0 0 0 1 747 2 15 15 8
1 13 0 0 0 0 1 1044 2 5 5 15
1 14 0 0 0 0 1 286 2 2 2 5
1 15 1 1 1 0 0 120 1 5 5 2
1 16 1 1 1 0 0 125 1 2 2 5
1 17 0 0 0 0 1 117 3 12 12 2
1 18 0 0 0 0 1 242 3 4 4 12
1 19 0 0 0 0 1 226 3 6 6 4
1 20 1 1 1 0 0 115 1 4 4 6
2 1 0 0 0 0 1 1395 3 2 2 4
2 2 0 0 0 0 1 173 1 5 5 2
2 3 1 1 1 0 0 169 1 2 2 5
2 4 1 1 1 0 0 42 1 5 5 2
2 5 0 0 0 0 1 149 3 4 4 5
2 6 1 1 1 0 0 41 1 5 5 4
2 7 0 0 0 0 1 133 2 15 15 5
2 8 0 0 0 0 1 19 3 8 8 15
2 9 1 1 1 0 0 122 1 15 15 8
2 10 0 0 0 0 1 14 2 5 5 15
2 11 1 1 1 0 0 89 1 15 15 5
2 12 1 1 1 0 0 85 1 5 5 15
2 13 1 1 1 0 0 74 1 15 15 5
2 14 0 0 0 0 1 133 3 14 14 15
2 15 0 0 0 0 1 204 3 10 10 14
2 16 1 1 1 0 0 560 1 14 14 10
2 17 0 0 0 0 1 647 3 13 13 14
2 18 1 1 1 0 0 83 1 14 14 13
2 19 0 0 0 0 1 222 2 4 4 14
2 20 1 1 1 0 0 34 1 14 14 4
2 21 0 0 0 0 1 56 3 1 1 14
2 22 1 1 1 0 0 170 1 14 14 1
2 23 0 0 0 0 1 209 2 9 9 14
2 24 0 0 0 0 1 319 3 8 8 9
2 25 1 1 1 0 0 172 1 9 9 8
2 26 0 0 0 0 1 119 2 14 14 9
2 27 1 1 1 0 0 170 1 9 9 14
2 28 1 1 1 0 0 381 1 14 14 9
2 29 0 0 0 0 1 145 3 2 2 14
2 30 0 0 0 0 1 72 2 4 4 2
3 1 0 0 0 0 1 1253 1 7 7 4
3 2 0 0 0 0 1 156 1 9 9 7
3 3 1 1 1 0 0 152 1 7 7 9
3 4 1 1 1 0 0 294 1 9 9 7
3 5 1 1 1 0 0 70 1 7 7 9
3 6 0 0 0 0 1 166 3 5 5 7
3 7 0 0 0 0 1 64 2 8 8 5
3 8 0 0 0 0 1 128 3 11 11 8
3 9 0 0 0 0 1 59 3 4 4 11
3 10 1 1 1 0 0 100 1 11 11 4
3 11 0 0 0 0 1 217 2 12 12 11
3 12 0 0 0 0 1 22 3 9 9 12
3 13 0 0 0 0 1 100 2 15 15 9
3 14 0 0 0 0 1 345 2 3 3 15
3 15 1 1 1 0 0 54 1 15 15 3
3 16 0 0 0 0 1 279 2 1 1 15
3 17 1 1 1 0 0 188 1 15 15 1
3 18 0 0 0 0 1 28 3 8 8 15
3 19 1 1 1 0 0 1168 1 15 15 8
3 20 0 0 0 0 1 822 2 5 5 15
3 21 0 0 0 0 1 76 3 5 5 5
3 22 0 0 0 0 1 70 2 12 12 5
3 23 1 1 1 0 0 73 1 5 5 12
3 24 0 0 0 0 1 399 3 6 6 5
3 25 0 0 0 0 1 37 2 13 13 6
3 26 1 1 1 0 0 139 1 6 6 13
3 27 1 1 1 0 0 463 1 13 13 6
3 28 0 0 0 0 1 193 2 7 7 13
3 29 1 1 1 0 0 213 1 13 13 7
3 30 1 1 1 0 0 255 1 7 7 13
