1 1 0 1 0 0 0 3000 3 4 4 0
1 2 0 1 0 0 0 3000 1 13 13 4
1 3 1 0 0 1 0 3000 1 4 4 13
1 4 0 1 0 0 0 3000 3 9 9 4
1 5 0 1 0 0 0 3000 2 14 14 9
1 6 1 0 0 1 0 3000 1 9 9 14
1 7 0 1 0 0 0 3000 2 3 3 9
1 8 0 1 0 0 0 3000 3 8 8 3
1 9 1 0 0 1 0 3000 1 3 3 8
1 10 0 1 0 0 0 3000 3 13 13 3
1 11 0 1 0 0 0 3000 2 10 10 13
1 12 0 1 0 0 0 3000 2 4 4 10
1 13 0 1 0 0 0 3000 3 13 13 4
1 14 1 0 0 1 0 3000 1 4 4 13
1 15 0 1 0 0 0 3000 3 4 4 4
1 16 0 1 0 0 0 3000 3 5 5 4
1 17 1 0 0 1 0 3000 1 4 4 5
1 18 0 1 0 0 0 3000 3 12 12 4
1 19 0 1 0 0 0 3000 3 8 8 12
1 20 1 0 0 1 0 3000 1 12 12 8
2 1 0 1 0 0 0 3000 1 11 11 12
2 2 0 1 0 0 0 3000 3 7 7 11
2 3 0 1 0 0 0 3000 2 7 7 7
2 4 1 0 0 1 0 3000 1 7 7 7
2 5 0 1 0 0 0 3000 3 9 9 7
2 6 1 0 0 1 0 3000 1 7 7 9
2 7 0 1 0 0 0 3000 2 7 7 7
2 8 0 1 0 0 0 3000 3 8 8 7
2 9 1 0 0 1 0 3000 1 7 7 8
2 10 0 1 0 0 0 3000 3 13 13 7
2 11 1 0 0 1 0 3000 1 7 7 13
2 12 0 1 0 0 0 3000 2 7 7 7
2 13 1 0 0 1 0 3000 1 7 7 7
2 14 0 1 0 0 0 3000 3 2 2 7
2 15 0 1 0 0 0 3000 2 10 10 2
2 16 1 0 0 1 0 3000 1 2 2 10
2 17 0 1 0 0 0 3000 2 9 9 2
2 18 0 1 0 0 0 3000 3 1 1 9
2 19 1 0 0 1 0 3000 1 9 9 1
2 20 0 1 0 0 0 3000 2 11 11 9
2 21 1 0 0 1 0 3000 1 9 9 11
2 22 0 1 0 0 0 3000 2 12 12 9
2 23 0 1 0 0 0 3000 2 1 1 12
2 24 1 0 0 1 0 3000 1 12 12 1
2 25 0 1 0 0 0 3000 2 13 13 12
2 26 0 1 0 0 0 3000 3 2 2 13
2 27 0 1 0 0 0 3000 2 6 6 2
2 28 1 0 0 1 0 3000 1 2 2 6
2 29 0 1 0 0 0 3000 3 15 15 2
2 30 1 0 0 1 0 3000 1 2 2 15
3 1 0 1 0 0 0 3000 2 9 9 2
3 2 0 1 0 0 0 3000 1 5 5 9
3 3 0 1 0 0 0 3000 3 1 1 5
3 4 0 1 0 0 0 3000 2 8 8 1
3 5 0 1 0 0 0 3000 3 14 14 8
3 6 1 0 0 1 0 3000 1 8 8 14
3 7 0 1 0 0 0 3000 3 13 13 8
3 8 0 1 0 0 0 3000 2 13 13 13
3 9 1 0 0 1 0 3000 1 13 13 13
3 10 0 1 0 0 0 3000 2 12 12 13
3 11 0 1 0 0 0 3000 3 6 6 12
3 12 0 1 0 0 0 3000 3 15 15 6
3 13 0 1 0 0 0 3000 2 4 4 15
3 14 0 1 0 0 0 3000 3 10 10 4
3 15 0 1 0 0 0 3000 3 10 10 10
3 16 0 1 0 0 0 3000 2 3 3 10
3 17 1 0 0 1 0 3000 1 10 10 3
3 18 1 0 0 1 0 3000 1 3 3 10
3 19 0 1 0 0 0 3000 3 13 13 3
3 20 0 1 0 0 0 3000 2 10 10 13
3 21 1 0 0 1 0 3000 1 13 13 10
3 22 0 1 0 0 0 3000 3 12 12 13
3 23 0 1 0 0 0 3000 3 9 9 12
3 24 0 1 0 0 0 3000 3 14 14 9
3 25 1 0 0 1 0 3000 1 9 9 14
3 26 0 1 0 0 0 3000 3 1 1 9
3 27 0 1 0 0 0 3000 2 14 14 1
3 28 1 0 0 1 0 3000 1 1 1 14
3 29 1 0 0 1 0 3000 1 14 14 1
3 30 1 0 0 1 0 3000 1 1 1 14
