1 1 0 1 0 0 0 3000 1 5 5 0
1 2 0 0 0 0 1 124 1 11 11 5
1 3 0 1 0 0 0 3000 2 6 6 11
1 4 0 1 0 0 0 3000 2 15 15 6
1 5 0 0 0 0 1 850 3 11 11 15
1 6 1 1 1 0 0 995 1 15 15 11
1 7 0 1 0 0 0 3000 2 8 8 15
1 8 0 1 0 0 0 3000 2 12 12 8
1 9 1 1 1 0 0 713 1 8 8 12
1 10 0 1 0 0 0 3000 3 6 6 8
1 11 1 1 1 0 0 433 1 8 8 6
1 12 0 0 0 0 1 1632 2 2 2 8
1 13 0 1 0 0 0 3000 3 1 1 2
1 14 0 0 0 0 1 470 2 1 1 1
1 15 0 0 0 0 1 1501 3 5 5 1
1 16 0 1 0 0 0 3000 2 9 9 5
1 17 0 0 0 0 1 802 2 9 9 9
1 18 0 1 0 0 0 3000 2 4 4 9
1 19 0 1 0 0 0 3000 2 14 14 4
1 20 1 1 1 0 0 592 1 4 4 14
2 1 0 1 0 0 0 3000 1 9 9 4
2 2 0 1 0 0 0 3000 3 15 15 9
2 3 0 1 0 0 0 3000 2 10 10 15
2 4 0 1 0 0 0 3000 2 1 1 10
2 5 0 1 0 0 0 3000 3 13 13 1
2 6 0 0 0 0 1 868 3 15 15 13
2 7 0 1 0 0 0 3000 2 14 14 15
2 8 0 0 0 0 1 596 3 14 14 14
2 9 1 1 1 0 0 660 1 14 14 14
2 10 0 1 0 0 0 3000 3 11 11 14
2 11 0 0 0 0 1 534 3 11 11 11
2 12 0 1 0 0 0 3000 2 2 2 11
2 13 0 1 0 0 0 3000 3 3 3 2
2 14 0 0 0 0 1 516 2 7 7 3
2 15 0 1 0 0 0 3000 3 5 5 7
2 16 1 1 1 0 0 431 1 7 7 5
2 17 0 0 0 0 1 737 3 2 2 7
2 18 0 0 0 0 1 1116 2 1 1 2
2 19 0 1 0 0 0 3000 2 13 13 1
2 20 1 1 1 0 0 504 1 1 1 13
2 21 1 1 1 0 0 648 1 13 13 1
2 22 0 0 0 0 1 647 3 14 14 13
2 23 0 0 0 0 1 634 2 12 12 14
2 24 1 1 1 0 0 577 1 14 14 12
2 25 0 1 0 0 0 3000 2 10 10 14
2 26 0 0 0 0 1 765 2 3 3 10
2 27 0 1 0 0 0 3000 3 3 3 3
2 28 1 1 1 0 0 601 1 3 3 3
2 29 1 1 1 0 0 585 1 3 3 3
2 30 0 1 0 0 0 3000 2 6 6 3
3 1 0 1 0 0 0 3000 2 5 5 6
3 2 0 1 0 0 0 3000 2 10 10 5
3 3 0 1 0 0 0 3000 3 15 15 10
3 4 0 1 0 0 0 3000 3 4 4 15
3 5 0 0 0 0 1 581 3 3 3 4
3 6 1 1 1 0 0 598 1 4 4 3
3 7 0 1 0 0 0 3000 3 1 1 4
3 8 0 0 0 0 1 549 3 9 9 1
3 9 0 1 0 0 0 3000 2 2 2 9
3 10 1 1 1 0 0 1459 1 9 9 2
3 11 0 1 0 0 0 3000 2 11 11 9
3 12 1 1 1 0 0 512 1 9 9 11
3 13 0 1 0 0 0 3000 2 8 8 9
3 14 0 0 0 0 1 627 3 1 1 8
3 15 0 0 0 0 1 562 3 6 6 1
3 16 0 0 0 0 1 678 2 10 10 6
3 17 0 0 0 0 1 781 3 5 5 10
3 18 1 1 1 0 0 635 1 10 10 5
3 19 0 1 0 0 0 3000 3 1 1 10
3 20 1 1 1 0 0 513 1 10 10 1
3 21 1 1 1 0 0 579 1 1 1 10
3 22 1 1 1 0 0 501 1 10 10 1
3 23 0 1 0 0 0 3000 2 2 2 10
3 24 1 1 1 0 0 490 1 10 10 2
3 25 1 0 0 1 0 3000 1 2 2 10
3 26 1 1 1 0 0 456 1 10 10 2
3 27 1 0 0 1 0 3000 1 2 2 10
3 28 1 1 1 0 0 493 1 10 10 2
3 29 1 0 0 1 0 3000 1 2 2 10
3 30 1 1 1 0 0 527 1 10 10 2
