1 1 0 1 0 0 0 3000 1 10 10 0
1 2 0 1 0 0 0 3000 1 1 1 10
1 3 1 1 1 0 0 414 1 10 10 1
1 4 0 1 0 0 0 3000 3 2 2 10
1 5 0 0 0 0 1 1271 2 8 8 2
1 6 0 1 0 0 0 3000 2 14 14 8
1 7 0 1 0 0 0 3000 2 15 15 14
1 8 1 0 0 1 0 3000 1 14 14 15
1 9 0 1 0 0 0 3000 2 3 3 14
1 10 0 0 0 0 1 996 2 5 5 3
1 11 1 0 0 1 0 3000 1 3 3 5
1 12 0 1 0 0 0 3000 2 6 6 3
1 13 0 1 0 0 0 3000 2 8 8 6
1 14 1 0 0 1 0 3000 1 6 6 8
1 15 1 0 0 1 0 3000 1 8 8 6
1 16 0 1 0 0 0 3000 3 5 5 8
1 17 0 1 0 0 0 3000 3 6 6 5
1 18 0 0 0 0 1 2410 3 3 3 6
1 19 1 1 1 0 0 1477 1 6 6 3
1 20 1 1 1 0 0 2507 1 3 3 6
2 1 0 1 0 0 0 3000 1 7 7 3
2 2 0 1 0 0 0 3000 3 1 1 7
2 3 1 1 1 0 0 930 1 7 7 1
2 4 0 0 0 0 1 2539 2 13 13 7
2 5 1 1 1 0 0 1053 1 7 7 13
2 6 1 1 1 0 0 1134 1 13 13 7
2 7 0 0 0 0 1 2252 3 4 4 13
2 8 0 0 0 0 1 1042 2 6 6 4
2 9 0 1 0 0 0 3000 3 5 5 6
2 10 0 1 0 0 0 3000 2 8 8 5
2 11 0 0 0 0 1 1484 2 14 14 8
2 12 1 1 1 0 0 1664 1 8 8 14
2 13 0 1 0 0 0 3000 2 13 13 8
2 14 1 1 1 0 0 1287 1 8 8 13
2 15 1 0 0 1 0 3000 1 13 13 8
2 16 0 0 0 0 1 1492 2 6 6 13
2 17 1 1 1 0 0 1918 1 13 13 6
2 18 1 1 1 0 0 2507 1 6 6 13
2 19 0 0 0 0 1 2312 2 11 11 6
2 20 0 1 0 0 0 3000 2 13 13 11
2 21 0 1 0 0 0 3000 3 9 9 13
2 22 1 1 1 0 0 22 1 13 13 9
2 23 1 0 0 1 0 3000 1 9 9 13
2 24 0 0 0 0 1 1461 2 15 15 9
2 25 0 0 0 0 1 2109 2 8 8 15
2 26 0 0 0 0 1 1577 3 6 6 8
2 27 0 0 0 0 1 1576 3 2 2 6
2 28 0 0 0 0 1 2554 2 9 9 2
2 29 1 1 1 0 0 1442 1 2 2 9
2 30 0 1 0 0 0 3000 3 1 1 2
3 1 0 0 0 0 1 2836 3 3 3 1
3 2 0 0 0 0 1 1585 3 14 14 3
3 3 0 1 0 0 0 3000 2 5 5 14
3 4 0 0 0 0 1 95 3 4 4 5
3 5 0 1 0 0 0 3000 2 9 9 4
3 6 0 1 0 0 0 3000 2 11 11 9
3 7 0 1 0 0 0 3000 3 14 14 11
3 8 0 0 0 0 1 85 3 4 4 14
3 9 0 0 0 0 1 1205 2 7 7 4
3 10 1 0 0 1 0 3000 1 4 4 7
3 11 0 0 0 0 1 1512 2 9 9 4
3 12 0 1 0 0 0 3000 2 3 3 9
3 13 0 1 0 0 0 3000 3 11 11 3
3 14 0 1 0 0 0 3000 3 4 4 11
3 15 1 1 1 0 0 1730 1 11 11 4
3 16 0 0 0 0 1 2627 2 2 2 11
3 17 0 1 0 0 0 3000 2 15 15 2
3 18 0 1 0 0 0 3000 2 5 5 15
3 19 0 0 0 0 1 599 3 10 10 5
3 20 0 0 0 0 1 2067 2 4 4 10
3 21 0 0 0 0 1 1536 2 8 8 4
3 22 1 0 0 1 0 3000 1 4 4 8
3 23 0 0 0 0 1 1849 2 4 4 4
3 24 1 0 0 1 0 3000 1 4 4 4
3 25 1 0 0 1 0 3000 1 4 4 4
3 26 0 0 0 0 1 1520 3 2 2 4
3 27 1 0 0 1 0 3000 1 4 4 2
3 28 0 0 0 0 1 501 3 11 11 4
3 29 0 0 0 0 1 1065 3 13 13 11
3 30 0 0 0 0 1 1215 2 1 1 13
