1 1 0 1 0 0 0 3000 3 6 6 0
1 2 0 1 0 0 0 3000 3 11 11 6
1 3 0 1 0 0 0 3000 3 7 7 11
1 4 0 1 0 0 0 3000 2 7 7 7
1 5 0 1 0 0 0 3000 3 13 13 7
1 6 1 0 0 1 0 3000 1 7 7 13
1 7 0 1 0 0 0 3000 3 2 2 7
1 8 0 0 0 0 1 798 2 14 14 2
1 9 0 0 0 0 1 341 2 14 14 14
1 10 1 1 1 0 0 429 1 14 14 14
1 11 1 0 0 1 0 3000 1 14 14 14
1 12 1 1 1 0 0 1141 1 14 14 14
1 13 0 1 0 0 0 3000 2 9 9 14
1 14 1 0 0 1 0 3000 1 14 14 9
1 15 0 0 0 0 1 542 2 7 7 14
1 16 0 1 0 0 0 3000 3 11 11 7
1 17 1 1 1 0 0 803 1 7 7 11
1 18 1 1 1 0 0 439 1 11 11 7
1 19 0 1 0 0 0 3000 3 15 15 11
1 20 0 1 0 0 0 3000 3 8 8 15
2 1 0 1 0 0 0 3000 2 14 14 8
2 2 0 1 0 0 0 3000 2 13 13 14
2 3 1 1 1 0 0 412 1 14 14 13
2 4 0 1 0 0 0 3000 2 10 10 14
2 5 1 1 1 0 0 424 1 14 14 10
2 6 0 1 0 0 0 3000 2 8 8 14
2 7 0 0 0 0 1 594 3 7 7 8
2 8 1 1 1 0 0 719 1 8 8 7
2 9 0 1 0 0 0 3000 2 5 5 8
2 10 0 1 0 0 0 3000 3 12 12 5
2 11 0 0 0 0 1 390 3 7 7 12
2 12 1 1 1 0 0 502 1 12 12 7
2 13 1 1 1 0 0 513 1 7 7 12
2 14 0 1 0 0 0 3000 3 9 9 7
2 15 0 0 0 0 1 541 2 12 12 9
2 16 0 0 0 0 1 569 3 5 5 12
2 17 1 1 1 0 0 1456 1 12 12 5
2 18 0 0 0 0 1 435 3 14 14 12
2 19 0 0 0 0 1 541 2 5 5 14
2 20 1 1 1 0 0 526 1 14 14 5
2 21 0 0 0 0 1 487 2 6 6 14
2 22 1 1 1 0 0 486 1 14 14 6
2 23 0 0 0 0 1 567 2 8 8 14
2 24 1 1 1 0 0 1209 1 14 14 8
2 25 1 1 1 0 0 526 1 8 8 14
2 26 0 0 0 0 1 2087 2 12 12 8
2 27 1 1 1 0 0 586 1 8 8 12
2 28 0 1 0 0 0 3000 2 11 11 8
2 29 1 1 1 0 0 588 1 8 8 11
2 30 0 1 0 0 0 3000 3 3 3 8
3 1 0 1 0 0 0 3000 1 12 12 3
3 2 0 1 0 0 0 3000 3 2 2 12
3 3 1 1 1 0 0 545 1 12 12 2
3 4 1 1 1 0 0 628 1 2 2 12
3 5 0 1 0 0 0 3000 3 3 3 2
3 6 0 1 0 0 0 3000 3 10 10 3
3 7 0 1 0 0 0 3000 2 6 6 10
3 8 1 1 1 0 0 493 1 10 10 6
3 9 1 1 1 0 0 508 1 6 6 10
3 10 1 1 1 0 0 498 1 10 10 6
3 11 1 1 1 0 0 467 1 6 6 10
3 12 0 1 0 0 0 3000 3 2 2 6
3 13 0 0 0 0 1 418 2 12 12 2
3 14 1 1 1 0 0 518 1 2 2 12
3 15 1 1 1 0 0 314 1 12 12 2
3 16 0 0 0 0 1 444 3 12 12 12
3 17 1 1 1 0 0 448 1 12 12 12
3 18 1 1 1 0 0 404 1 12 12 12
3 19 0 0 0 0 1 619 3 6 6 12
3 20 1 1 1 0 0 1261 1 12 12 6
3 21 0 1 0 0 0 3000 3 5 5 12
3 22 1 1 1 0 0 520 1 12 12 5
3 23 1 1 1 0 0 515 1 5 5 12
3 24 0 1 0 0 0 3000 3 14 14 5
3 25 0 0 0 0 1 528 2 4 4 14
3 26 0 1 0 0 0 3000 2 3 3 4
3 27 0 0 0 0 1 604 2 3 3 3
3 28 0 1 0 0 0 3000 2 8 8 3
3 29 0 0 0 0 1 1108 3 12 12 8
3 30 0 0 0 0 1 505 3 3 3 12
