1 1 0 1 0 0 0 3000 3 3 3 0
1 2 0 1 0 0 0 3000 2 8 8 3
1 3 0 1 0 0 0 3000 2 8 8 8
1 4 0 1 0 0 0 3000 3 2 2 8
1 5 0 1 0 0 0 3000 2 15 15 2
1 6 0 0 0 0 1 958 3 3 3 15
1 7 1 1 1 0 0 1398 1 15 15 3
1 8 0 1 0 0 0 3000 3 14 14 15
1 9 0 1 0 0 0 3000 2 3 3 14
1 10 1 1 1 0 0 573 1 14 14 3
1 11 1 1 1 0 0 1404 1 3 3 14
1 12 0 1 0 0 0 3000 2 7 7 3
1 13 1 1 1 0 0 767 1 3 3 7
1 14 0 1 0 0 0 3000 2 14 14 3
1 15 1 1 1 0 0 616 1 3 3 14
1 16 0 1 0 0 0 3000 2 4 4 3
1 17 0 1 0 0 0 3000 2 4 4 4
1 18 1 1 1 0 0 392 1 4 4 4
1 19 0 1 0 0 0 3000 2 5 5 4
1 20 1 1 1 0 0 661 1 4 4 5
2 1 0 1 0 0 0 3000 3 8 8 4
2 2 0 1 0 0 0 3000 2 5 5 8
2 3 0 1 0 0 0 3000 2 3 3 5
2 4 0 1 0 0 0 3000 2 2 2 3
2 5 0 1 0 0 0 3000 3 11 11 2
2 6 1 1 1 0 0 604 1 2 2 11
2 7 1 1 1 0 0 388 1 11 11 2
2 8 0 1 0 0 0 3000 2 5 5 11
2 9 0 1 0 0 0 3000 2 4 4 5
2 10 0 1 0 0 0 3000 3 15 15 4
2 11 1 1 1 0 0 381 1 4 4 15
2 12 1 1 1 0 0 507 1 15 15 4
2 13 0 1 0 0 0 3000 3 15 15 15
2 14 0 1 0 0 0 3000 2 2 2 15
2 15 0 1 0 0 0 3000 2 10 10 2
2 16 0 1 0 0 0 3000 3 5 5 10
2 17 0 0 0 0 1 865 2 5 5 5
2 18 1 1 1 0 0 643 1 5 5 5
2 19 0 1 0 0 0 3000 2 14 14 5
2 20 0 1 0 0 0 3000 2 1 1 14
2 21 0 1 0 0 0 3000 3 7 7 1
2 22 0 1 0 0 0 3000 3 3 3 7
2 23 1 1 1 0 0 526 1 7 7 3
2 24 0 1 0 0 0 3000 2 8 8 7
2 25 0 1 0 0 0 3000 3 11 11 8
2 26 1 1 1 0 0 443 1 8 8 11
2 27 0 1 0 0 0 3000 2 2 2 8
2 28 1 1 1 0 0 463 1 8 8 2
2 29 0 1 0 0 0 3000 2 12 12 8
2 30 0 1 0 0 0 3000 3 6 6 12
3 1 0 1 0 0 0 3000 2 9 9 6
3 2 0 1 0 0 0 3000 1 1 1 9
3 3 1 1 1 0 0 753 1 9 9 1
3 4 0 1 0 0 0 3000 3 7 7 9
3 5 1 1 1 0 0 437 1 9 9 7
3 6 1 1 1 0 0 396 1 7 7 9
3 7 0 1 0 0 0 3000 2 5 5 7
3 8 0 1 0 0 0 3000 3 10 10 5
3 9 0 1 0 0 0 3000 3 4 4 10
3 10 1 1 1 0 0 437 1 10 10 4
3 11 0 1 0 0 0 3000 2 7 7 10
3 12 1 1 1 0 0 420 1 10 10 7
3 13 0 1 0 0 0 3000 3 10 10 10
3 14 0 1 0 0 0 3000 2 7 7 10
3 15 0 0 0 0 1 509 2 7 7 7
3 16 0 1 0 0 0 3000 2 6 6 7
3 17 0 1 0 0 0 3000 3 6 6 6
3 18 0 1 0 0 0 3000 2 15 15 6
3 19 1 1 1 0 0 570 1 6 6 15
3 20 1 1 1 0 0 567 1 15 15 6
3 21 1 1 1 0 0 717 1 6 6 15
3 22 1 1 1 0 0 461 1 15 15 6
3 23 0 1 0 0 0 3000 2 12 12 15
3 24 0 1 0 0 0 3000 2 2 2 12
3 25 1 1 1 0 0 415 1 12 12 2
3 26 0 1 0 0 0 3000 3 7 7 12
3 27 1 1 1 0 0 416 1 12 12 7
3 28 0 1 0 0 0 3000 2 10 10 12
3 29 0 1 0 0 0 3000 2 5 5 10
3 30 0 1 0 0 0 3000 2 14 14 5
