1 1 0 1 0 0 0 3000 1 5 5 0
1 2 0 1 0 0 0 3000 3 14 14 5
1 3 1 0 0 1 0 3000 1 5 5 14
1 4 1 0 0 1 0 3000 1 14 14 5
1 5 0 1 0 0 0 3000 2 10 10 14
1 6 1 0 0 1 0 3000 1 14 14 10
1 7 0 1 0 0 0 3000 3 5 5 14
1 8 1 0 0 1 0 3000 1 14 14 5
1 9 0 1 0 0 0 3000 3 3 3 14
1 10 0 1 0 0 0 3000 2 10 10 3
1 11 0 1 0 0 0 3000 3 6 6 10
1 12 0 1 0 0 0 3000 2 6 6 6
1 13 0 1 0 0 0 3000 3 3 3 6
1 14 1 0 0 1 0 3000 1 6 6 3
1 15 1 0 0 1 0 3000 1 3 3 6
1 16 1 0 0 1 0 3000 1 6 6 3
1 17 0 1 0 0 0 3000 3 9 9 6
1 18 0 1 0 0 0 3000 2 2 2 9
1 19 1 0 0 1 0 3000 1 9 9 2
1 20 0 1 0 0 0 3000 2 6 6 9
2 1 0 1 0 0 0 3000 3 14 14 6
2 2 0 1 0 0 0 3000 3 4 4 14
2 3 0 1 0 0 0 3000 3 5 5 4
2 4 0 1 0 0 0 3000 3 7 7 5
2 5 0 1 0 0 0 3000 2 11 11 7
2 6 0 1 0 0 0 3000 3 13 13 11
2 7 1 0 0 1 0 3000 1 11 11 13
2 8 0 1 0 0 0 3000 2 3 3 11
2 9 0 1 0 0 0 3000 3 15 15 3
2 10 1 0 0 1 0 3000 1 3 3 15
2 11 0 1 0 0 0 3000 2 3 3 3
2 12 0 1 0 0 0 3000 3 5 5 3
2 13 1 0 0 1 0 3000 1 3 3 5
2 14 0 1 0 0 0 3000 3 15 15 3
2 15 0 1 0 0 0 3000 2 10 10 15
2 16 0 1 0 0 0 3000 2 2 2 10
2 17 1 0 0 1 0 3000 1 10 10 2
2 18 0 1 0 0 0 3000 3 13 13 10
2 19 0 1 0 0 0 3000 2 6 6 13
2 20 0 1 0 0 0 3000 3 15 15 6
2 21 1 0 0 1 0 3000 1 6 6 15
2 22 1 0 0 1 0 3000 1 15 15 6
2 23 0 1 0 0 0 3000 2 13 13 15
2 24 0 1 0 0 0 3000 3 2 2 13
2 25 1 0 0 1 0 3000 1 13 13 2
2 26 0 1 0 0 0 3000 3 3 3 13
2 27 1 0 0 1 0 3000 1 13 13 3
2 28 0 1 0 0 0 3000 3 10 10 13
2 29 0 1 0 0 0 3000 3 1 1 10
2 30 1 0 0 1 0 3000 1 10 10 1
3 1 0 1 0 0 0 3000 1 4 4 10
3 2 0 1 0 0 0 3000 1 7 7 4
3 3 0 1 0 0 0 3000 2 5 5 7
3 4 1 0 0 1 0 3000 1 7 7 5
3 5 0 1 0 0 0 3000 3 9 9 7
3 6 0 1 0 0 0 3000 3 9 9 9
3 7 0 1 0 0 0 3000 2 7 7 9
3 8 1 0 0 1 0 3000 1 9 9 7
3 9 0 1 0 0 0 3000 3 15 15 9
3 10 0 1 0 0 0 3000 3 14 14 15
3 11 0 1 0 0 0 3000 2 11 11 14
3 12 1 0 0 1 0 3000 1 14 14 11
3 13 1 0 0 1 0 3000 1 11 11 14
3 14 0 1 0 0 0 3000 2 13 13 11
3 15 1 0 0 1 0 3000 1 11 11 13
3 16 0 1 0 0 0 3000 2 10 10 11
3 17 1 0 0 1 0 3000 1 11 11 10
3 18 0 1 0 0 0 3000 2 9 9 11
3 19 0 1 0 0 0 3000 2 1 1 9
3 20 1 0 0 1 0 3000 1 9 9 1
3 21 1 0 0 1 0 3000 1 1 1 9
3 22 1 0 0 1 0 3000 1 9 9 1
3 23 1 0 0 1 0 3000 1 1 1 9
3 24 0 1 0 0 0 3000 3 5 5 1
3 25 0 1 0 0 0 3000 3 12 12 5
3 26 0 1 0 0 0 3000 3 8 8 12
3 27 1 0 0 1 0 3000 1 12 12 8
3 28 0 1 0 0 0 3000 3 1 1 12
3 29 1 0 0 1 0 3000 1 12 12 1
3 30 0 1 0 0 0 3000 3 4 4 12
