1 1 0 1 0 0 0 3000 1 8 8 0
1 2 0 1 0 0 0 3000 2 7 7 8
1 3 1 0 0 1 0 3000 1 8 8 7
1 4 0 1 0 0 0 3000 2 1 1 8
1 5 0 1 0 0 0 3000 3 9 9 1
1 6 0 1 0 0 0 3000 2 5 5 9
1 7 1 0 0 1 0 3000 1 9 9 5
1 8 0 1 0 0 0 3000 3 6 6 9
1 9 1 0 0 1 0 3000 1 9 9 6
1 10 1 0 0 1 0 3000 1 6 6 9
1 11 0 1 0 0 0 3000 3 7 7 6
1 12 0 1 0 0 0 3000 3 3 3 7
1 13 0 1 0 0 0 3000 2 6 6 3
1 14 1 0 0 1 0 3000 1 3 3 6
1 15 0 1 0 0 0 3000 3 11 11 3
1 16 0 1 0 0 0 3000 2 10 10 11
1 17 0 1 0 0 0 3000 2 15 15 10
1 18 1 0 0 1 0 3000 1 10 10 15
1 19 1 0 0 1 0 3000 1 15 15 10
1 20 1 0 0 1 0 3000 1 10 10 15
2 1 0 1 0 0 0 3000 3 11 11 10
2 2 0 1 0 0 0 3000 3 14 14 11
2 3 1 0 0 1 0 3000 1 11 11 14
2 4 1 0 0 1 0 3000 1 14 14 11
2 5 0 1 0 0 0 3000 3 6 6 14
2 6 0 1 0 0 0 3000 3 11 11 6
2 7 0 1 0 0 0 3000 3 4 4 11
2 8 0 1 0 0 0 3000 3 8 8 4
2 9 0 1 0 0 0 3000 3 1 1 8
2 10 0 1 0 0 0 3000 3 12 12 1
2 11 1 0 0 1 0 3000 1 1 1 12
2 12 0 1 0 0 0 3000 3 9 9 1
2 13 0 1 0 0 0 3000 3 14 14 9
2 14 0 1 0 0 0 3000 2 2 2 14
2 15 1 0 0 1 0 3000 1 14 14 2
2 16 0 1 0 0 0 3000 3 11 11 14
2 17 0 1 0 0 0 3000 2 1 1 11
2 18 0 1 0 0 0 3000 2 10 10 1
2 19 1 0 0 1 0 3000 1 1 1 10
2 20 1 0 0 1 0 3000 1 10 10 1
2 21 0 1 0 0 0 3000 3 3 3 10
2 22 1 0 0 1 0 3000 1 10 10 3
2 23 1 0 0 1 0 3000 1 3 3 10
2 24 0 1 0 0 0 3000 3 11 11 3
2 25 1 0 0 1 0 3000 1 3 3 11
2 26 0 1 0 0 0 3000 3 15 15 3
2 27 1 0 0 1 0 3000 1 3 3 15
2 28 1 0 0 1 0 3000 1 15 15 3
2 29 0 1 0 0 0 3000 3 10 10 15
2 30 1 0 0 1 0 3000 1 15 15 10
3 1 0 1 0 0 0 3000 1 7 7 15
3 2 0 1 0 0 0 3000 3 3 3 7
3 3 0 1 0 0 0 3000 3 10 10 3
3 4 0 1 0 0 0 3000 3 9 9 10
3 5 0 1 0 0 0 3000 2 3 3 9
3 6 0 1 0 0 0 3000 3 6 6 3
3 7 1 0 0 1 0 3000 1 3 3 6
3 8 1 0 0 1 0 3000 1 6 6 3
3 9 1 0 0 1 0 3000 1 3 3 6
3 10 0 1 0 0 0 3000 2 15 15 3
3 11 1 0 0 1 0 3000 1 3 3 15
3 12 0 1 0 0 0 3000 3 14 14 3
3 13 0 1 0 0 0 3000 3 14 14 14
3 14 1 0 0 1 0 3000 1 14 14 14
3 15 1 0 0 1 0 3000 1 14 14 14
3 16 0 1 0 0 0 3000 2 7 7 14
3 17 1 0 0 1 0 3000 1 14 14 7
3 18 1 0 0 1 0 3000 1 7 7 14
3 19 1 0 0 1 0 3000 1 14 14 7
3 20 0 1 0 0 0 3000 2 14 14 14
3 21 1 0 0 1 0 3000 1 14 14 14
3 22 0 1 0 0 0 3000 2 2 2 14
3 23 1 0 0 1 0 3000 1 14 14 2
3 24 0 1 0 0 0 3000 3 6 6 14
3 25 0 1 0 0 0 3000 3 6 6 6
3 26 0 1 0 0 0 3000 2 8 8 6
3 27 0 1 0 0 0 3000 2 8 8 8
3 28 1 0 0 1 0 3000 1 8 8 8
3 29 0 1 0 0 0 3000 2 7 7 8
3 30 0 1 0 0 0 3000 3 13 13 7
