1 1 0 0 0 0 1 2612 3 7 7 0
1 2 0 1 0 0 0 3000 3 12 12 7
1 3 0 1 0 0 0 3000 3 14 14 12
1 4 0 1 0 0 0 3000 3 10 10 14
1 5 0 1 0 0 0 3000 2 11 11 10
1 6 0 1 0 0 0 3000 2 7 7 11
1 7 0 0 0 0 1 372 2 10 10 7
1 8 0 0 0 0 1 1838 2 1 1 10
1 9 0 1 0 0 0 3000 3 9 9 1
1 10 0 1 0 0 0 3000 3 4 4 9
1 11 0 1 0 0 0 3000 3 6 6 4
1 12 0 1 0 0 0 3000 2 2 2 6
1 13 0 1 0 0 0 3000 3 10 10 2
1 14 1 0 0 1 0 3000 1 2 2 10
1 15 0 1 0 0 0 3000 2 9 9 2
1 16 0 0 0 0 1 1020 2 5 5 9
1 17 0 0 0 0 1 808 2 11 11 5
1 18 0 0 0 0 1 38 2 4 4 11
1 19 0 0 0 0 1 244 3 2 2 4
1 20 0 1 0 0 0 3000 3 5 5 2
2 1 0 0 0 0 1 1554 1 12 12 5
2 2 0 0 0 0 1 97 1 10 10 12
2 3 0 0 0 0 1 204 3 10 10 10
2 4 1 1 1 0 0 1328 1 10 10 10
2 5 1 1 1 0 0 750 1 10 10 10
2 6 1 1 1 0 0 13 1 10 10 10
2 7 0 0 0 0 1 100 2 5 5 10
2 8 0 0 0 0 1 70 2 11 11 5
2 9 1 0 0 1 0 3000 1 5 5 11
2 10 0 0 0 0 1 500 2 14 14 5
2 11 0 0 0 0 1 527 3 6 6 14
2 12 0 0 0 0 1 104 2 8 8 6
2 13 0 0 0 0 1 249 3 15 15 8
2 14 0 0 0 0 1 468 2 6 6 15
2 15 1 1 1 0 0 61 1 15 15 6
2 16 1 1 1 0 0 321 1 6 6 15
2 17 1 1 1 0 0 356 1 15 15 6
2 18 1 1 1 0 0 201 1 6 6 15
2 19 1 1 1 0 0 152 1 15 15 6
2 20 1 1 1 0 0 295 1 6 6 15
2 21 0 0 0 0 1 215 2 10 10 6
2 22 0 0 0 0 1 100 3 7 7 10
2 23 1 1 1 0 0 87 1 10 10 7
2 24 0 0 0 0 1 176 3 11 11 10
2 25 0 0 0 0 1 50 3 8 8 11
2 26 1 1 1 0 0 132 1 11 11 8
2 27 1 1 1 0 0 1185 1 8 8 11
2 28 0 0 0 0 1 5 2 8 8 8
2 29 0 0 0 0 1 54 3 2 2 8
2 30 1 1 1 0 0 196 1 8 8 2
3 1 0 0 0 0 1 1216 1 9 9 8
3 2 0 0 0 0 1 30 2 6 6 9
3 3 1 1 1 0 0 635 1 9 9 6
3 4 0 1 0 0 0 3000 3 14 14 9
3 5 1 1 1 0 0 826 1 9 9 14
3 6 1 1 1 0 0 1284 1 14 14 9
3 7 0 1 0 0 0 3000 2 11 11 14
3 8 1 1 1 0 0 421 1 14 14 11
3 9 1 1 1 0 0 480 1 11 11 14
3 10 1 1 1 0 0 524 1 14 14 11
3 11 0 0 0 0 1 582 3 15 15 14
3 12 1 1 1 0 0 360 1 14 14 15
3 13 0 0 0 0 1 92 2 6 6 14
3 14 0 0 0 0 1 380 3 11 11 6
3 15 0 0 0 0 1 527 2 11 11 11
3 16 0 0 0 0 1 544 2 8 8 11
3 17 1 1 1 0 0 651 1 11 11 8
3 18 1 1 1 0 0 676 1 8 8 11
3 19 1 1 1 0 0 344 1 11 11 8
3 20 0 0 0 0 1 532 3 9 9 11
3 21 0 0 0 0 1 1547 3 7 7 9
3 22 0 0 0 0 1 1346 2 3 3 7
3 23 0 0 0 0 1 1641 3 3 3 3
3 24 1 1 1 0 0 430 1 3 3 3
3 25 1 1 1 0 0 2701 1 3 3 3
3 26 0 0 0 0 1 637 3 10 10 3
3 27 0 0 0 0 1 598 2 9 9 10
3 28 0 0 0 0 1 424 3 5 5 9
3 29 0 1 0 0 0 3000 3 4 4 5
3 30 1 1 1 0 0 413 1 5 5 4
