1 1 0 1 0 0 0 3000 1 12 12 0
1 2 0 1 0 0 0 3000 1 8 8 12
1 3 1 0 0 1 0 3000 1 12 12 8
1 4 0 1 0 0 0 3000 2 2 2 12
1 5 0 1 0 0 0 3000 2 4 4 2
1 6 0 1 0 0 0 3000 2 7 7 4
1 7 0 1 0 0 0 3000 2 12 12 7
1 8 0 1 0 0 0 3000 2 6 6 12
1 9 0 1 0 0 0 3000 2 5 5 6
1 10 0 1 0 0 0 3000 3 12 12 5
1 11 0 1 0 0 0 3000 2 2 2 12
1 12 0 1 0 0 0 3000 2 10 10 2
1 13 0 1 0 0 0 3000 3 15 15 10
1 14 0 1 0 0 0 3000 2 1 1 15
1 15 0 1 0 0 0 3000 3 11 11 1
1 16 0 1 0 0 0 3000 2 13 13 11
1 17 0 1 0 0 0 3000 3 4 4 13
1 18 0 1 0 0 0 3000 2 11 11 4
1 19 0 1 0 0 0 3000 3 6 6 11
1 20 0 1 0 0 0 3000 2 6 6 6
2 1 0 1 0 0 0 3000 2 4 4 6
2 2 0 1 0 0 0 3000 2 12 12 4
2 3 1 0 0 1 0 3000 1 4 4 12
2 4 0 1 0 0 0 3000 2 1 1 4
2 5 1 0 0 1 0 3000 1 4 4 1
2 6 0 1 0 0 0 3000 3 8 8 4
2 7 1 0 0 1 0 3000 1 4 4 8
2 8 0 1 0 0 0 3000 2 2 2 4
2 9 1 0 0 1 0 3000 1 4 4 2
2 10 1 0 0 1 0 3000 1 2 2 4
2 11 0 1 0 0 0 3000 3 15 15 2
2 12 0 1 0 0 0 3000 2 10 10 15
2 13 1 0 0 1 0 3000 1 15 15 10
2 14 1 0 0 1 0 3000 1 10 10 15
2 15 0 1 0 0 0 3000 3 1 1 10
2 16 0 1 0 0 0 3000 3 6 6 1
2 17 0 1 0 0 0 3000 2 3 3 6
2 18 0 1 0 0 0 3000 3 5 5 3
2 19 0 1 0 0 0 3000 3 8 8 5
2 20 0 1 0 0 0 3000 2 3 3 8
2 21 0 1 0 0 0 3000 3 15 15 3
2 22 1 0 0 1 0 3000 1 3 3 15
2 23 1 0 0 1 0 3000 1 15 15 3
2 24 0 1 0 0 0 3000 3 15 15 15
2 25 0 1 0 0 0 3000 2 12 12 15
2 26 1 0 0 1 0 3000 1 15 15 12
2 27 1 0 0 1 0 3000 1 12 12 15
2 28 0 1 0 0 0 3000 3 8 8 12
2 29 0 1 0 0 0 3000 3 14 14 8
2 30 0 1 0 0 0 3000 3 2 2 14
3 1 0 1 0 0 0 3000 2 2 2 2
3 2 0 1 0 0 0 3000 2 1 1 2
3 3 0 1 0 0 0 3000 2 4 4 1
3 4 0 1 0 0 0 3000 2 2 2 4
3 5 0 0 0 0 1 2119 2 15 15 2
3 6 0 1 0 0 0 3000 3 15 15 15
3 7 1 0 0 1 0 3000 1 15 15 15
3 8 0 1 0 0 0 3000 3 1 1 15
3 9 0 1 0 0 0 3000 3 12 12 1
3 10 0 1 0 0 0 3000 3 9 9 12
3 11 1 0 0 1 0 3000 1 12 12 9
3 12 0 1 0 0 0 3000 3 1 1 12
3 13 0 1 0 0 0 3000 3 8 8 1
3 14 0 1 0 0 0 3000 3 7 7 8
3 15 0 1 0 0 0 3000 2 6 6 7
3 16 0 1 0 0 0 3000 2 12 12 6
3 17 1 0 0 1 0 3000 1 6 6 12
3 18 0 1 0 0 0 3000 3 8 8 6
3 19 0 1 0 0 0 3000 2 13 13 8
3 20 0 1 0 0 0 3000 3 3 3 13
3 21 1 0 0 1 0 3000 1 13 13 3
3 22 1 0 0 1 0 3000 1 3 3 13
3 23 0 1 0 0 0 3000 3 8 8 3
3 24 0 1 0 0 0 3000 2 1 1 8
3 25 1 0 0 1 0 3000 1 8 8 1
3 26 0 1 0 0 0 3000 2 6 6 8
3 27 0 1 0 0 0 3000 3 2 2 6
3 28 0 1 0 0 0 3000 3 7 7 2
3 29 0 1 0 0 0 3000 3 10 10 7
3 30 0 1 0 0 0 3000 2 4 4 10
