1 1 0 1 0 0 0 3000 1 4 4 0
1 2 0 1 0 0 0 3000 2 9 9 4
1 3 0 1 0 0 0 3000 2 2 2 9
1 4 0 1 0 0 0 3000 3 13 13 2
1 5 0 1 0 0 0 3000 3 12 12 13
1 6 0 1 0 0 0 3000 3 15 15 12
1 7 1 0 0 1 0 3000 1 12 12 15
1 8 1 0 0 1 0 3000 1 15 15 12
1 9 0 1 0 0 0 3000 2 3 3 15
1 10 0 0 0 0 1 485 2 9 9 3
1 11 1 0 0 1 0 3000 1 3 3 9
1 12 1 1 1 0 0 507 1 9 9 3
1 13 0 1 0 0 0 3000 3 1 1 9
1 14 0 0 0 0 1 584 2 2 2 1
1 15 0 1 0 0 0 3000 2 9 9 2
1 16 0 1 0 0 0 3000 2 6 6 9
1 17 1 1 1 0 0 525 1 9 9 6
1 18 0 1 0 0 0 3000 2 5 5 9
1 19 0 1 0 0 0 3000 3 8 8 5
1 20 0 0 0 0 1 468 3 9 9 8
2 1 0 1 0 0 0 3000 3 7 7 9
2 2 0 1 0 0 0 3000 3 10 10 7
2 3 0 1 0 0 0 3000 3 11 11 10
2 4 0 0 0 0 1 681 3 7 7 11
2 5 0 1 0 0 0 3000 2 6 6 7
2 6 1 1 1 0 0 752 1 7 7 6
2 7 0 1 0 0 0 3000 2 13 13 7
2 8 1 1 1 0 0 629 1 7 7 13
2 9 0 1 0 0 0 3000 2 1 1 7
2 10 0 1 0 0 0 3000 3 12 12 1
2 11 0 0 0 0 1 457 3 11 11 12
2 12 0 1 0 0 0 3000 3 11 11 11
2 13 0 1 0 0 0 3000 2 13 13 11
2 14 0 0 0 0 1 640 3 12 12 13
2 15 1 0 0 1 0 3000 1 13 13 12
2 16 0 1 0 0 0 3000 3 8 8 13
2 17 0 0 0 0 1 503 3 7 7 8
2 18 0 0 0 0 1 481 3 10 10 7
2 19 1 1 1 0 0 492 1 7 7 10
2 20 1 1 1 0 0 439 1 10 10 7
2 21 0 1 0 0 0 3000 3 6 6 10
2 22 0 0 0 0 1 742 3 2 2 6
2 23 0 0 0 0 1 606 3 9 9 2
2 24 0 0 0 0 1 620 2 1 1 9
2 25 1 1 1 0 0 604 1 9 9 1
2 26 0 1 0 0 0 3000 3 7 7 9
2 27 1 1 1 0 0 500 1 9 9 7
2 28 0 1 0 0 0 3000 3 10 10 9
2 29 0 0 0 0 1 625 3 15 15 10
2 30 0 1 0 0 0 3000 2 12 12 15
3 1 0 1 0 0 0 3000 3 10 10 12
3 2 0 1 0 0 0 3000 1 4 4 10
3 3 1 0 0 1 0 3000 1 10 10 4
3 4 0 1 0 0 0 3000 2 1 1 10
3 5 0 1 0 0 0 3000 2 2 2 1
3 6 0 0 0 0 1 1543 3 9 9 2
3 7 0 1 0 0 0 3000 2 13 13 9
3 8 0 0 0 0 1 672 2 2 2 13
3 9 0 1 0 0 0 3000 3 3 3 2
3 10 1 1 1 0 0 609 1 2 2 3
3 11 0 1 0 0 0 3000 2 15 15 2
3 12 0 0 0 0 1 858 2 10 10 15
3 13 1 1 1 0 0 1613 1 15 15 10
3 14 0 1 0 0 0 3000 3 11 11 15
3 15 0 0 0 0 1 543 2 11 11 11
3 16 0 0 0 0 1 1559 2 1 1 11
3 17 0 1 0 0 0 3000 2 8 8 1
3 18 0 0 0 0 1 551 2 2 2 8
3 19 0 1 0 0 0 3000 2 5 5 2
3 20 0 1 0 0 0 3000 2 6 6 5
3 21 0 0 0 0 1 438 2 9 9 6
3 22 1 1 1 0 0 483 1 6 6 9
3 23 1 1 1 0 0 446 1 9 9 6
3 24 0 0 0 0 1 1839 2 3 3 9
3 25 0 0 0 0 1 676 3 10 10 3
3 26 0 1 0 0 0 3000 2 8 8 10
3 27 0 0 0 0 1 472 2 15 15 8
3 28 1 1 1 0 0 606 1 8 8 15
3 29 0 1 0 0 0 3000 2 4 4 8
3 30 0 0 0 0 1 481 2 7 7 4
