1 1 0 1 0 0 0 3000 2 10 10 0
1 2 0 0 0 0 1 1539 2 10 10 10
1 3 1 1 1 0 0 815 1 10 10 10
1 4 0 1 0 0 0 3000 2 14 14 10
1 5 1 1 1 0 0 453 1 10 10 14
1 6 0 1 0 0 0 3000 2 4 4 10
1 7 0 1 0 0 0 3000 2 8 8 4
1 8 0 1 0 0 0 3000 3 11 11 8
1 9 0 1 0 0 0 3000 2 7 7 11
1 10 0 1 0 0 0 3000 3 6 6 7
1 11 1 1 1 0 0 372 1 7 7 6
1 12 0 1 0 0 0 3000 2 11 11 7
1 13 0 1 0 0 0 3000 3 5 5 11
1 14 0 1 0 0 0 3000 3 8 8 5
1 15 0 1 0 0 0 3000 3 10 10 8
1 16 0 1 0 0 0 3000 2 3 3 10
1 17 1 1 1 0 0 379 1 10 10 3
1 18 0 1 0 0 0 3000 2 14 14 10
1 19 0 1 0 0 0 3000 2 7 7 14
1 20 0 1 0 0 0 3000 3 7 7 7
2 1 0 1 0 0 0 3000 3 8 8 7
2 2 0 1 0 0 0 3000 2 10 10 8
2 3 0 1 0 0 0 3000 2 9 9 10
2 4 0 1 0 0 0 3000 3 14 14 9
2 5 0 1 0 0 0 3000 3 2 2 14
2 6 1 1 1 0 0 585 1 14 14 2
2 7 0 1 0 0 0 3000 3 11 11 14
2 8 1 1 1 0 0 816 1 14 14 11
2 9 1 1 1 0 0 420 1 11 11 14
2 10 0 1 0 0 0 3000 3 5 5 11
2 11 1 1 1 0 0 594 1 11 11 5
2 12 0 1 0 0 0 3000 3 12 12 11
2 13 1 1 1 0 0 627 1 11 11 12
2 14 0 0 0 0 1 1114 3 14 14 11
2 15 0 1 0 0 0 3000 3 15 15 14
2 16 0 1 0 0 0 3000 3 8 8 15
2 17 0 1 0 0 0 3000 3 1 1 8
2 18 0 1 0 0 0 3000 2 3 3 1
2 19 0 1 0 0 0 3000 2 5 5 3
2 20 0 1 0 0 0 3000 3 5 5 5
2 21 0 1 0 0 0 3000 2 1 1 5
2 22 0 0 0 0 1 580 3 1 1 1
2 23 1 1 1 0 0 411 1 1 1 1
2 24 0 1 0 0 0 3000 3 9 9 1
2 25 0 1 0 0 0 3000 3 5 5 9
2 26 0 1 0 0 0 3000 2 15 15 5
2 27 1 1 1 0 0 730 1 5 5 15
2 28 0 1 0 0 0 3000 2 11 11 5
2 29 1 0 0 1 0 3000 1 5 5 11
2 30 1 1 1 0 0 415 1 11 11 5
3 1 0 1 0 0 0 3000 3 13 13 11
3 2 0 1 0 0 0 3000 3 5 5 13
3 3 0 1 0 0 0 3000 2 1 1 5
3 4 1 1 1 0 0 520 1 5 5 1
3 5 0 1 0 0 0 3000 3 7 7 5
3 6 1 0 0 1 0 3000 1 5 5 7
3 7 0 1 0 0 0 3000 3 14 14 5
3 8 0 1 0 0 0 3000 2 2 2 14
3 9 1 1 1 0 0 438 1 14 14 2
3 10 1 1 1 0 0 544 1 2 2 14
3 11 0 1 0 0 0 3000 3 12 12 2
3 12 1 0 0 1 0 3000 1 2 2 12
3 13 1 1 1 0 0 577 1 12 12 2
3 14 0 1 0 0 0 3000 2 8 8 12
3 15 1 0 0 1 0 3000 1 12 12 8
3 16 0 1 0 0 0 3000 2 9 9 12
3 17 0 1 0 0 0 3000 3 11 11 9
3 18 0 1 0 0 0 3000 2 2 2 11
3 19 1 1 1 0 0 325 1 11 11 2
3 20 0 1 0 0 0 3000 3 4 4 11
3 21 0 1 0 0 0 3000 2 6 6 4
3 22 1 1 1 0 0 383 1 4 4 6
3 23 1 1 1 0 0 533 1 6 6 4
3 24 0 1 0 0 0 3000 3 10 10 6
3 25 0 1 0 0 0 3000 3 2 2 10
3 26 0 1 0 0 0 3000 2 9 9 2
3 27 1 1 1 0 0 378 1 2 2 9
3 28 1 1 1 0 0 620 1 9 9 2
3 29 0 1 0 0 0 3000 3 12 12 9
3 30 0 1 0 0 0 3000 2 11 11 12
