1 1 0 1 0 0 0 3000 3 6 6 0
1 2 0 1 0 0 0 3000 3 1 1 6
1 3 0 1 0 0 0 3000 2 5 5 1
1 4 0 1 0 0 0 3000 3 12 12 5
1 5 0 1 0 0 0 3000 3 6 6 12
1 6 1 1 1 0 0 697 1 12 12 6
1 7 1 1 1 0 0 566 1 6 6 12
1 8 1 1 1 0 0 508 1 12 12 6
1 9 1 1 1 0 0 443 1 6 6 12
1 10 0 1 0 0 0 3000 2 4 4 6
1 11 0 1 0 0 0 3000 2 10 10 4
1 12 0 1 0 0 0 3000 3 13 13 10
1 13 1 1 1 0 0 682 1 10 10 13
1 14 1 1 1 0 0 432 1 13 13 10
1 15 0 1 0 0 0 3000 3 11 11 13
1 16 0 1 0 0 0 3000 3 4 4 11
1 17 1 1 1 0 0 628 1 11 11 4
1 18 0 1 0 0 0 3000 3 6 6 11
1 19 1 1 1 0 0 490 1 11 11 6
1 20 1 1 1 0 0 497 1 6 6 11
2 1 0 1 0 0 0 3000 2 10 10 6
2 2 0 1 0 0 0 3000 2 2 2 10
2 3 0 1 0 0 0 3000 2 5 5 2
2 4 0 1 0 0 0 3000 3 4 4 5
2 5 0 1 0 0 0 3000 3 13 13 4
2 6 0 1 0 0 0 3000 2 9 9 13
2 7 1 1 1 0 0 721 1 13 13 9
2 8 0 1 0 0 0 3000 3 2 2 13
2 9 0 1 0 0 0 3000 2 9 9 2
2 10 0 1 0 0 0 3000 3 8 8 9
2 11 0 1 0 0 0 3000 2 11 11 8
2 12 0 1 0 0 0 3000 2 12 12 11
2 13 0 1 0 0 0 3000 3 10 10 12
2 14 0 1 0 0 0 3000 2 1 1 10
2 15 0 1 0 0 0 3000 2 12 12 1
2 16 0 1 0 0 0 3000 2 10 10 12
2 17 0 1 0 0 0 3000 3 14 14 10
2 18 0 1 0 0 0 3000 3 8 8 14
2 19 1 1 1 0 0 649 1 14 14 8
2 20 0 1 0 0 0 3000 3 3 3 14
2 21 0 1 0 0 0 3000 2 6 6 3
2 22 0 1 0 0 0 3000 3 10 10 6
2 23 0 1 0 0 0 3000 2 9 9 10
2 24 0 1 0 0 0 3000 3 9 9 9
2 25 1 1 1 0 0 439 1 9 9 9
2 26 0 1 0 0 0 3000 2 7 7 9
2 27 1 1 1 0 0 391 1 9 9 7
2 28 0 0 0 0 1 627 3 9 9 9
2 29 0 1 0 0 0 3000 3 11 11 9
2 30 0 1 0 0 0 3000 3 10 10 11
3 1 0 1 0 0 0 3000 1 13 13 10
3 2 0 1 0 0 0 3000 1 3 3 13
3 3 1 1 1 0 0 795 1 13 13 3
3 4 0 1 0 0 0 3000 2 4 4 13
3 5 1 1 1 0 0 388 1 13 13 4
3 6 0 1 0 0 0 3000 3 14 14 13
3 7 1 1 1 0 0 446 1 13 13 14
3 8 0 1 0 0 0 3000 2 15 15 13
3 9 0 1 0 0 0 3000 2 11 11 15
3 10 0 1 0 0 0 3000 3 7 7 11
3 11 0 1 0 0 0 3000 2 9 9 7
3 12 0 1 0 0 0 3000 2 9 9 9
3 13 1 1 1 0 0 387 1 9 9 9
3 14 1 1 1 0 0 475 1 9 9 9
3 15 0 1 0 0 0 3000 2 14 14 9
3 16 1 1 1 0 0 445 1 9 9 14
3 17 1 1 1 0 0 586 1 14 14 9
3 18 0 1 0 0 0 3000 3 10 10 14
3 19 0 1 0 0 0 3000 2 2 2 10
3 20 0 1 0 0 0 3000 2 5 5 2
3 21 0 1 0 0 0 3000 3 4 4 5
3 22 1 1 1 0 0 558 1 5 5 4
3 23 0 1 0 0 0 3000 3 8 8 5
3 24 1 1 1 0 0 404 1 5 5 8
3 25 0 1 0 0 0 3000 2 5 5 5
3 26 1 0 0 1 0 3000 1 5 5 5
3 27 1 1 1 0 0 456 1 5 5 5
3 28 1 1 1 0 0 475 1 5 5 5
3 29 1 1 1 0 0 407 1 5 5 5
3 30 0 1 0 0 0 3000 3 2 2 5
