1 1 0 1 0 0 0 3000 3 15 15 0
1 2 0 1 0 0 0 3000 3 5 5 15
1 3 0 1 0 0 0 3000 2 12 12 5
1 4 1 0 0 1 0 3000 1 5 5 12
1 5 0 0 0 0 1 369 2 15 15 5
1 6 0 0 0 0 1 546 3 15 15 15
1 7 0 1 0 0 0 3000 3 12 12 15
1 8 0 0 0 0 1 86 2 10 10 12
1 9 1 1 1 0 0 479 1 12 12 10
1 10 0 1 0 0 0 3000 2 2 2 12
1 11 0 1 0 0 0 3000 3 6 6 2
1 12 0 0 0 0 1 366 3 6 6 6
1 13 0 1 0 0 0 3000 3 9 9 6
1 14 0 0 0 0 1 389 3 3 3 9
1 15 1 1 1 0 0 711 1 9 9 3
1 16 1 1 1 0 0 449 1 3 3 9
1 17 0 1 0 0 0 3000 3 11 11 3
1 18 0 1 0 0 0 3000 2 4 4 11
1 19 1 1 1 0 0 554 1 11 11 4
1 20 0 0 0 0 1 876 3 3 3 11
2 1 0 1 0 0 0 3000 1 8 8 3
2 2 0 1 0 0 0 3000 3 14 14 8
2 3 0 0 0 0 1 2955 3 4 4 14
2 4 0 0 0 0 1 793 2 10 10 4
2 5 0 0 0 0 1 361 3 9 9 10
2 6 0 0 0 0 1 431 2 3 3 9
2 7 0 0 0 0 1 496 2 14 14 3
2 8 0 0 0 0 1 438 2 2 2 14
2 9 0 0 0 0 1 469 3 12 12 2
2 10 0 0 0 0 1 649 2 13 13 12
2 11 1 1 1 0 0 386 1 12 12 13
2 12 0 1 0 0 0 3000 3 5 5 12
2 13 0 0 0 0 1 315 3 13 13 5
2 14 1 1 1 0 0 364 1 5 5 13
2 15 0 1 0 0 0 3000 2 1 1 5
2 16 0 0 0 0 1 342 3 13 13 1
2 17 1 1 1 0 0 629 1 1 1 13
2 18 0 0 0 0 1 562 3 1 1 1
2 19 1 1 1 0 0 380 1 1 1 1
2 20 0 1 0 0 0 3000 2 7 7 1
2 21 0 1 0 0 0 3000 3 2 2 7
2 22 0 1 0 0 0 3000 2 4 4 2
2 23 0 0 0 0 1 364 3 8 8 4
2 24 0 0 0 0 1 345 3 7 7 8
2 25 0 0 0 0 1 414 2 14 14 7
2 26 0 0 0 0 1 373 3 11 11 14
2 27 0 0 0 0 1 470 2 6 6 11
2 28 0 0 0 0 1 481 2 3 3 6
2 29 0 0 0 0 1 460 2 9 9 3
2 30 0 1 0 0 0 3000 2 5 5 9
3 1 0 1 0 0 0 3000 1 10 10 5
3 2 0 1 0 0 0 3000 1 3 3 10
3 3 0 1 0 0 0 3000 2 4 4 3
3 4 0 0 0 0 1 501 2 15 15 4
3 5 1 1 1 0 0 445 1 4 4 15
3 6 0 0 0 0 1 531 2 7 7 4
3 7 0 0 0 0 1 447 2 1 1 7
3 8 1 1 1 0 0 447 1 7 7 1
3 9 1 1 1 0 0 468 1 1 1 7
3 10 1 1 1 0 0 504 1 7 7 1
3 11 0 0 0 0 1 549 3 12 12 7
3 12 0 0 0 0 1 545 2 1 1 12
3 13 0 0 0 0 1 536 3 1 1 1
3 14 0 0 0 0 1 552 2 6 6 1
3 15 0 1 0 0 0 3000 2 13 13 6
3 16 1 1 1 0 0 381 1 6 6 13
3 17 0 1 0 0 0 3000 3 2 2 6
3 18 0 0 0 0 1 475 2 10 10 2
3 19 1 1 1 0 0 424 1 2 2 10
3 20 0 0 0 0 1 506 2 3 3 2
3 21 1 1 1 0 0 412 1 2 2 3
3 22 0 1 0 0 0 3000 2 12 12 2
3 23 0 0 0 0 1 425 2 4 4 12
3 24 1 1 1 0 0 487 1 12 12 4
3 25 0 1 0 0 0 3000 3 13 13 12
3 26 0 1 0 0 0 3000 3 8 8 13
3 27 0 0 0 0 1 484 2 11 11 8
3 28 1 1 1 0 0 380 1 8 8 11
3 29 0 0 0 0 1 503 2 4 4 8
3 30 0 0 0 0 1 354 3 15 15 4
