1 1 0 1 0 0 0 3000 2 7 7 0
1 2 0 1 0 0 0 3000 1 11 11 7
1 3 0 1 0 0 0 3000 3 3 3 11
1 4 1 1 1 0 0 1359 1 11 11 3
1 5 0 1 0 0 0 3000 3 15 15 11
1 6 1 1 1 0 0 612 1 11 11 15
1 7 0 1 0 0 0 3000 3 7 7 11
1 8 1 1 1 0 0 487 1 11 11 7
1 9 0 0 0 0 1 1116 3 10 10 11
1 10 0 0 0 0 1 1261 2 3 3 10
1 11 0 0 0 0 1 1098 2 3 3 3
1 12 1 1 1 0 0 577 1 3 3 3
1 13 0 1 0 0 0 3000 3 12 12 3
1 14 0 1 0 0 0 3000 3 8 8 12
1 15 0 1 0 0 0 3000 3 3 3 8
1 16 0 1 0 0 0 3000 2 4 4 3
1 17 1 1 1 0 0 1240 1 3 3 4
1 18 0 1 0 0 0 3000 2 1 1 3
1 19 0 1 0 0 0 3000 2 6 6 1
1 20 0 1 0 0 0 3000 2 9 9 6
2 1 0 1 0 0 0 3000 1 15 15 9
2 2 0 1 0 0 0 3000 1 8 8 15
2 3 1 1 1 0 0 719 1 15 15 8
2 4 0 1 0 0 0 3000 3 11 11 15
2 5 0 1 0 0 0 3000 3 1 1 11
2 6 1 1 1 0 0 606 1 11 11 1
2 7 0 1 0 0 0 3000 3 14 14 11
2 8 0 1 0 0 0 3000 3 14 14 14
2 9 0 1 0 0 0 3000 3 3 3 14
2 10 0 1 0 0 0 3000 2 9 9 3
2 11 1 1 1 0 0 581 1 3 3 9
2 12 0 1 0 0 0 3000 2 10 10 3
2 13 0 1 0 0 0 3000 3 13 13 10
2 14 1 1 1 0 0 802 1 10 10 13
2 15 0 1 0 0 0 3000 3 4 4 10
2 16 1 1 1 0 0 528 1 10 10 4
2 17 0 1 0 0 0 3000 3 3 3 10
2 18 0 1 0 0 0 3000 3 15 15 3
2 19 0 1 0 0 0 3000 2 11 11 15
2 20 0 1 0 0 0 3000 2 1 1 11
2 21 0 1 0 0 0 3000 2 9 9 1
2 22 0 1 0 0 0 3000 3 5 5 9
2 23 0 1 0 0 0 3000 2 2 2 5
2 24 1 0 0 1 0 3000 1 5 5 2
2 25 0 1 0 0 0 3000 3 7 7 5
2 26 0 1 0 0 0 3000 3 6 6 7
2 27 1 1 1 0 0 464 1 7 7 6
2 28 0 1 0 0 0 3000 3 13 13 7
2 29 0 1 0 0 0 3000 2 11 11 13
2 30 0 1 0 0 0 3000 3 14 14 11
3 1 0 1 0 0 0 3000 2 13 13 14
3 2 0 1 0 0 0 3000 1 3 3 13
3 3 1 1 1 0 0 442 1 13 13 3
3 4 0 1 0 0 0 3000 2 12 12 13
3 5 0 1 0 0 0 3000 2 10 10 12
3 6 0 1 0 0 0 3000 2 6 6 10
3 7 0 1 0 0 0 3000 3 15 15 6
3 8 1 1 1 0 0 436 1 6 6 15
3 9 0 1 0 0 0 3000 3 2 2 6
3 10 1 1 1 0 0 448 1 6 6 2
3 11 0 1 0 0 0 3000 2 5 5 6
3 12 1 1 1 0 0 442 1 6 6 5
3 13 1 1 1 0 0 604 1 5 5 6
3 14 1 1 1 0 0 707 1 6 6 5
3 15 1 1 1 0 0 588 1 5 5 6
3 16 0 1 0 0 0 3000 2 7 7 5
3 17 0 1 0 0 0 3000 2 12 12 7
3 18 0 1 0 0 0 3000 3 5 5 12
3 19 0 1 0 0 0 3000 2 5 5 5
3 20 1 1 1 0 0 495 1 5 5 5
3 21 1 1 1 0 0 561 1 5 5 5
3 22 1 0 0 1 0 3000 1 5 5 5
3 23 0 1 0 0 0 3000 3 1 1 5
3 24 0 1 0 0 0 3000 3 1 1 1
3 25 0 1 0 0 0 3000 3 2 2 1
3 26 0 1 0 0 0 3000 2 6 6 2
3 27 0 1 0 0 0 3000 2 11 11 6
3 28 0 1 0 0 0 3000 3 1 1 11
3 29 0 1 0 0 0 3000 3 13 13 1
3 30 0 1 0 0 0 3000 3 15 15 13
