1 1 0 1 0 0 0 3000 2 7 7 0
1 2 0 1 0 0 0 3000 1 8 8 7
1 3 0 1 0 0 0 3000 2 11 11 8
1 4 1 0 0 1 0 3000 1 8 8 11
1 5 1 0 0 1 0 3000 1 11 11 8
1 6 0 1 0 0 0 3000 3 11 11 11
1 7 1 1 1 0 0 504 1 11 11 11
1 8 1 0 0 1 0 3000 1 11 11 11
1 9 1 1 1 0 0 573 1 11 11 11
1 10 0 1 0 0 0 3000 2 2 2 11
1 11 0 1 0 0 0 3000 2 12 12 2
1 12 1 1 1 0 0 519 1 2 2 12
1 13 1 1 1 0 0 961 1 12 12 2
1 14 0 1 0 0 0 3000 3 5 5 12
1 15 0 1 0 0 0 3000 3 1 1 5
1 16 0 1 0 0 0 3000 3 9 9 1
1 17 0 0 0 0 1 587 3 12 12 9
1 18 0 0 0 0 1 749 2 5 5 12
1 19 0 1 0 0 0 3000 2 4 4 5
1 20 0 0 0 0 1 567 3 9 9 4
2 1 0 1 0 0 0 3000 3 9 9 9
2 2 0 1 0 0 0 3000 3 15 15 9
2 3 0 1 0 0 0 3000 3 5 5 15
2 4 1 1 1 0 0 632 1 15 15 5
2 5 0 0 0 0 1 599 2 15 15 15
2 6 0 1 0 0 0 3000 2 12 12 15
2 7 0 0 0 0 1 455 2 5 5 12
2 8 0 0 0 0 1 553 3 6 6 5
2 9 1 1 1 0 0 500 1 5 5 6
2 10 1 0 0 1 0 3000 1 6 6 5
2 11 0 0 0 0 1 298 3 2 2 6
2 12 1 1 1 0 0 355 1 6 6 2
2 13 0 1 0 0 0 3000 2 8 8 6
2 14 1 1 1 0 0 507 1 6 6 8
2 15 1 1 1 0 0 578 1 8 8 6
2 16 0 0 0 0 1 320 3 5 5 8
2 17 1 1 1 0 0 579 1 8 8 5
2 18 1 1 1 0 0 392 1 5 5 8
2 19 0 1 0 0 0 3000 2 13 13 5
2 20 1 1 1 0 0 320 1 5 5 13
2 21 1 1 1 0 0 521 1 13 13 5
2 22 1 1 1 0 0 392 1 5 5 13
2 23 0 0 0 0 1 554 3 5 5 5
2 24 1 1 1 0 0 443 1 5 5 5
2 25 0 0 0 0 1 408 3 4 4 5
2 26 0 0 0 0 1 625 2 8 8 4
2 27 0 0 0 0 1 352 2 7 7 8
2 28 1 1 1 0 0 455 1 8 8 7
2 29 0 0 0 0 1 409 3 14 14 8
2 30 0 1 0 0 0 3000 2 12 12 14
3 1 0 1 0 0 0 3000 3 8 8 12
3 2 0 1 0 0 0 3000 1 10 10 8
3 3 0 1 0 0 0 3000 3 15 15 10
3 4 0 1 0 0 0 3000 3 12 12 15
3 5 1 1 1 0 0 451 1 15 15 12
3 6 0 1 0 0 0 3000 2 6 6 15
3 7 0 1 0 0 0 3000 2 14 14 6
3 8 1 1 1 0 0 412 1 6 6 14
3 9 0 1 0 0 0 3000 2 3 3 6
3 10 0 0 0 0 1 345 2 10 10 3
3 11 0 0 0 0 1 391 2 5 5 10
3 12 1 1 1 0 0 373 1 10 10 5
3 13 0 0 0 0 1 535 3 13 13 10
3 14 0 0 0 0 1 520 2 2 2 13
3 15 1 0 0 1 0 3000 1 13 13 2
3 16 1 0 0 1 0 3000 1 2 2 13
3 17 1 1 1 0 0 318 1 13 13 2
3 18 0 0 0 0 1 388 2 15 15 13
3 19 0 0 0 0 1 267 2 5 5 15
3 20 0 0 0 0 1 267 3 13 13 5
3 21 1 1 1 0 0 282 1 5 5 13
3 22 1 1 1 0 0 271 1 13 13 5
3 23 0 0 0 0 1 331 3 14 14 13
3 24 0 0 0 0 1 322 3 12 12 14
3 25 0 0 0 0 1 345 2 5 5 12
3 26 0 0 0 0 1 313 3 10 10 5
3 27 1 1 1 0 0 533 1 5 5 10
3 28 1 1 1 0 0 514 1 10 10 5
3 29 0 0 0 0 1 277 2 14 14 10
3 30 0 0 0 0 1 277 2 2 2 14
