1 1 0 1 0 0 0 3000 3 9 9 0
1 2 0 1 0 0 0 3000 3 1 1 9
1 3 1 1 1 0 0 728 1 9 9 1
1 4 0 1 0 0 0 3000 2 13 13 9
1 5 1 1 1 0 0 612 1 9 9 13
1 6 1 1 1 0 0 1148 1 13 13 9
1 7 1 1 1 0 0 695 1 9 9 13
1 8 0 1 0 0 0 3000 3 11 11 9
1 9 0 1 0 0 0 3000 2 6 6 11
1 10 1 1 1 0 0 465 1 11 11 6
1 11 0 0 0 0 1 898 3 11 11 11
1 12 0 1 0 0 0 3000 3 8 8 11
1 13 0 0 0 0 1 485 2 9 9 8
1 14 1 1 1 0 0 571 1 8 8 9
1 15 1 1 1 0 0 574 1 9 9 8
1 16 0 1 0 0 0 3000 2 1 1 9
1 17 0 1 0 0 0 3000 3 12 12 1
1 18 1 1 1 0 0 381 1 1 1 12
1 19 1 0 0 1 0 3000 1 12 12 1
1 20 1 1 1 0 0 392 1 1 1 12
2 1 0 1 0 0 0 3000 2 11 11 1
2 2 0 1 0 0 0 3000 2 8 8 11
2 3 1 1 1 0 0 511 1 11 11 8
2 4 0 0 0 0 1 643 2 11 11 11
2 5 1 1 1 0 0 467 1 11 11 11
2 6 0 1 0 0 0 3000 2 6 6 11
2 7 1 1 1 0 0 375 1 11 11 6
2 8 0 1 0 0 0 3000 3 4 4 11
2 9 1 1 1 0 0 480 1 11 11 4
2 10 1 0 0 1 0 3000 1 4 4 11
2 11 0 1 0 0 0 3000 3 12 12 4
2 12 0 0 0 0 1 521 3 6 6 12
2 13 0 0 0 0 1 573 3 6 6 6
2 14 0 1 0 0 0 3000 2 13 13 6
2 15 0 1 0 0 0 3000 2 8 8 13
2 16 0 1 0 0 0 3000 2 11 11 8
2 17 0 1 0 0 0 3000 2 2 2 11
2 18 0 0 0 0 1 496 2 2 2 2
2 19 1 1 1 0 0 511 1 2 2 2
2 20 0 1 0 0 0 3000 2 3 3 2
2 21 0 1 0 0 0 3000 2 11 11 3
2 22 0 1 0 0 0 3000 3 2 2 11
2 23 0 1 0 0 0 3000 2 7 7 2
2 24 0 1 0 0 0 3000 3 9 9 7
2 25 0 1 0 0 0 3000 2 4 4 9
2 26 1 1 1 0 0 481 1 9 9 4
2 27 1 0 0 1 0 3000 1 4 4 9
2 28 0 1 0 0 0 3000 3 13 13 4
2 29 1 1 1 0 0 409 1 4 4 13
2 30 0 1 0 0 0 3000 2 9 9 4
3 1 0 1 0 0 0 3000 3 6 6 9
3 2 0 1 0 0 0 3000 1 10 10 6
3 3 0 1 0 0 0 3000 3 9 9 10
3 4 1 1 1 0 0 457 1 10 10 9
3 5 0 1 0 0 0 3000 3 11 11 10
3 6 0 0 0 0 1 767 3 11 11 11
3 7 1 1 1 0 0 379 1 11 11 11
3 8 0 1 0 0 0 3000 3 8 8 11
3 9 0 0 0 0 1 574 3 8 8 8
3 10 0 1 0 0 0 3000 2 5 5 8
3 11 0 1 0 0 0 3000 2 11 11 5
3 12 0 1 0 0 0 3000 3 1 1 11
3 13 1 1 1 0 0 543 1 11 11 1
3 14 1 0 0 1 0 3000 1 1 1 11
3 15 0 1 0 0 0 3000 2 5 5 1
3 16 1 1 1 0 0 372 1 1 1 5
3 17 1 1 1 0 0 560 1 5 5 1
3 18 0 1 0 0 0 3000 3 11 11 5
3 19 1 0 0 1 0 3000 1 5 5 11
3 20 1 1 1 0 0 430 1 11 11 5
3 21 1 1 1 0 0 619 1 5 5 11
3 22 1 0 0 1 0 3000 1 11 11 5
3 23 0 1 0 0 0 3000 3 2 2 11
3 24 0 1 0 0 0 3000 3 3 3 2
3 25 1 1 1 0 0 428 1 2 2 3
3 26 1 1 1 0 0 973 1 3 3 2
3 27 0 1 0 0 0 3000 3 14 14 3
3 28 0 1 0 0 0 3000 2 7 7 14
3 29 1 1 1 0 0 587 1 14 14 7
3 30 1 1 1 0 0 499 1 7 7 14
