1 1 0 1 0 0 0 3000 2 12 12 0
1 2 0 1 0 0 0 3000 3 8 8 12
1 3 0 1 0 0 0 3000 3 4 4 8
1 4 0 1 0 0 0 3000 3 7 7 4
1 5 0 1 0 0 0 3000 3 10 10 7
1 6 0 1 0 0 0 3000 2 10 10 10
1 7 1 0 0 1 0 3000 1 10 10 10
1 8 0 1 0 0 0 3000 2 9 9 10
1 9 0 1 0 0 0 3000 2 14 14 9
1 10 0 1 0 0 0 3000 2 6 6 14
1 11 0 1 0 0 0 3000 3 1 1 6
1 12 0 1 0 0 0 3000 2 9 9 1
1 13 0 1 0 0 0 3000 3 14 14 9
1 14 1 0 0 1 0 3000 1 9 9 14
1 15 1 1 1 0 0 955 1 14 14 9
1 16 0 1 0 0 0 3000 3 10 10 14
1 17 1 0 0 1 0 3000 1 14 14 10
1 18 0 1 0 0 0 3000 2 7 7 14
1 19 0 0 0 0 1 476 2 10 10 7
1 20 0 1 0 0 0 3000 3 6 6 10
2 1 0 1 0 0 0 3000 1 11 11 6
2 2 0 1 0 0 0 3000 3 8 8 11
2 3 1 1 1 0 0 371 1 11 11 8
2 4 1 0 0 1 0 3000 1 8 8 11
2 5 1 0 0 1 0 3000 1 11 11 8
2 6 1 1 1 0 0 403 1 8 8 11
2 7 0 1 0 0 0 3000 2 3 3 8
2 8 0 1 0 0 0 3000 2 7 7 3
2 9 1 1 1 0 0 375 1 3 3 7
2 10 0 1 0 0 0 3000 3 15 15 3
2 11 0 1 0 0 0 3000 3 12 12 15
2 12 0 1 0 0 0 3000 3 7 7 12
2 13 1 0 0 1 0 3000 1 12 12 7
2 14 0 1 0 0 0 3000 3 15 15 12
2 15 0 1 0 0 0 3000 2 1 1 15
2 16 0 1 0 0 0 3000 2 9 9 1
2 17 0 1 0 0 0 3000 2 7 7 9
2 18 0 1 0 0 0 3000 3 1 1 7
2 19 0 1 0 0 0 3000 3 4 4 1
2 20 0 1 0 0 0 3000 3 12 12 4
2 21 0 1 0 0 0 3000 2 13 13 12
2 22 0 1 0 0 0 3000 3 5 5 13
2 23 1 0 0 1 0 3000 1 13 13 5
2 24 0 1 0 0 0 3000 3 1 1 13
2 25 1 0 0 1 0 3000 1 13 13 1
2 26 0 1 0 0 0 3000 3 8 8 13
2 27 0 1 0 0 0 3000 2 14 14 8
2 28 0 0 0 0 1 1037 2 9 9 14
2 29 0 1 0 0 0 3000 3 9 9 9
2 30 1 0 0 1 0 3000 1 9 9 9
3 1 0 1 0 0 0 3000 3 13 13 9
3 2 0 1 0 0 0 3000 1 13 13 13
3 3 0 1 0 0 0 3000 3 14 14 13
3 4 1 1 1 0 0 1710 1 13 13 14
3 5 1 0 0 1 0 3000 1 14 14 13
3 6 1 0 0 1 0 3000 1 13 13 14
3 7 0 1 0 0 0 3000 3 12 12 13
3 8 0 1 0 0 0 3000 3 3 3 12
3 9 0 1 0 0 0 3000 3 2 2 3
3 10 0 0 0 0 1 695 3 2 2 2
3 11 0 1 0 0 0 3000 3 3 3 2
3 12 1 0 0 1 0 3000 1 2 2 3
3 13 0 1 0 0 0 3000 3 10 10 2
3 14 1 1 1 0 0 453 1 2 2 10
3 15 0 1 0 0 0 3000 3 6 6 2
3 16 1 0 0 1 0 3000 1 2 2 6
3 17 0 1 0 0 0 3000 3 15 15 2
3 18 0 1 0 0 0 3000 3 11 11 15
3 19 0 0 0 0 1 539 2 6 6 11
3 20 0 1 0 0 0 3000 3 9 9 6
3 21 1 0 0 1 0 3000 1 6 6 9
3 22 1 1 1 0 0 691 1 9 9 6
3 23 0 1 0 0 0 3000 2 9 9 9
3 24 1 0 0 1 0 3000 1 9 9 9
3 25 0 1 0 0 0 3000 2 10 10 9
3 26 0 1 0 0 0 3000 2 4 4 10
3 27 0 1 0 0 0 3000 3 15 15 4
3 28 1 1 1 0 0 896 1 4 4 15
3 29 0 1 0 0 0 3000 3 9 9 4
3 30 0 1 0 0 0 3000 3 1 1 9
