1 1 0 1 0 0 0 3000 1 2 2 0
1 2 0 1 0 0 0 3000 1 2 2 2
1 3 1 0 0 1 0 3000 1 2 2 2
1 4 1 0 0 1 0 3000 1 2 2 2
1 5 0 1 0 0 0 3000 2 4 4 2
1 6 0 1 0 0 0 3000 2 13 13 4
1 7 0 1 0 0 0 3000 3 6 6 13
1 8 1 0 0 1 0 3000 1 13 13 6
1 9 0 1 0 0 0 3000 3 15 15 13
1 10 0 1 0 0 0 3000 3 4 4 15
1 11 0 1 0 0 0 3000 2 11 11 4
1 12 0 1 0 0 0 3000 3 3 3 11
1 13 1 0 0 1 0 3000 1 11 11 3
1 14 1 0 0 1 0 3000 1 3 3 11
1 15 1 0 0 1 0 3000 1 11 11 3
1 16 0 1 0 0 0 3000 3 1 1 11
1 17 0 1 0 0 0 3000 3 6 6 1
1 18 0 1 0 0 0 3000 2 7 7 6
1 19 0 1 0 0 0 3000 2 11 11 7
1 20 1 0 0 1 0 3000 1 7 7 11
2 1 0 1 0 0 0 3000 3 14 14 7
2 2 0 1 0 0 0 3000 2 15 15 14
2 3 0 1 0 0 0 3000 3 3 3 15
2 4 0 1 0 0 0 3000 2 1 1 3
2 5 1 0 0 1 0 3000 1 3 3 1
2 6 0 1 0 0 0 3000 2 2 2 3
2 7 0 1 0 0 0 3000 2 9 9 2
2 8 1 0 0 1 0 3000 1 2 2 9
2 9 1 0 0 1 0 3000 1 9 9 2
2 10 0 1 0 0 0 3000 2 15 15 9
2 11 0 1 0 0 0 3000 3 14 14 15
2 12 0 1 0 0 0 3000 2 7 7 14
2 13 0 1 0 0 0 3000 2 10 10 7
2 14 0 1 0 0 0 3000 3 5 5 10
2 15 0 1 0 0 0 3000 3 9 9 5
2 16 0 1 0 0 0 3000 2 15 15 9
2 17 0 1 0 0 0 3000 2 5 5 15
2 18 1 0 0 1 0 3000 1 15 15 5
2 19 0 1 0 0 0 3000 3 13 13 15
2 20 0 1 0 0 0 3000 3 5 5 13
2 21 0 1 0 0 0 3000 2 8 8 5
2 22 0 1 0 0 0 3000 2 11 11 8
2 23 0 1 0 0 0 3000 2 3 3 11
2 24 1 0 0 1 0 3000 1 11 11 3
2 25 0 1 0 0 0 3000 3 10 10 11
2 26 0 1 0 0 0 3000 3 14 14 10
2 27 0 1 0 0 0 3000 2 7 7 14
2 28 1 0 0 1 0 3000 1 14 14 7
2 29 0 1 0 0 0 3000 2 13 13 14
2 30 1 0 0 1 0 3000 1 14 14 13
3 1 0 1 0 0 0 3000 1 12 12 14
3 2 0 1 0 0 0 3000 2 11 11 12
3 3 0 1 0 0 0 3000 3 9 9 11
3 4 1 0 0 1 0 3000 1 11 11 9
3 5 0 1 0 0 0 3000 3 6 6 11
3 6 0 1 0 0 0 3000 3 14 14 6
3 7 0 1 0 0 0 3000 2 4 4 14
3 8 0 1 0 0 0 3000 2 10 10 4
3 9 1 0 0 1 0 3000 1 4 4 10
3 10 1 0 0 1 0 3000 1 10 10 4
3 11 0 1 0 0 0 3000 3 6 6 10
3 12 0 1 0 0 0 3000 3 1 1 6
3 13 1 0 0 1 0 3000 1 6 6 1
3 14 1 0 0 1 0 3000 1 1 1 6
3 15 1 0 0 1 0 3000 1 6 6 1
3 16 0 1 0 0 0 3000 3 5 5 6
3 17 1 0 0 1 0 3000 1 6 6 5
3 18 0 1 0 0 0 3000 3 13 13 6
3 19 0 1 0 0 0 3000 2 1 1 13
3 20 1 0 0 1 0 3000 1 13 13 1
3 21 0 1 0 0 0 3000 3 7 7 13
3 22 0 1 0 0 0 3000 2 9 9 7
3 23 0 1 0 0 0 3000 3 3 3 9
3 24 0 1 0 0 0 3000 2 8 8 3
3 25 0 1 0 0 0 3000 3 15 15 8
3 26 0 1 0 0 0 3000 3 13 13 15
3 27 1 0 0 1 0 3000 1 15 15 13
3 28 1 0 0 1 0 3000 1 13 13 15
3 29 0 1 0 0 0 3000 3 2 2 13
3 30 0 1 0 0 0 3000 2 10 10 2
