1 1 0 1 0 0 0 3000 2 2 2 0
1 2 0 1 0 0 0 3000 1 7 7 2
1 3 1 0 0 1 0 3000 1 2 2 7
1 4 1 0 0 1 0 3000 1 7 7 2
1 5 1 0 0 1 0 3000 1 2 2 7
1 6 0 1 0 0 0 3000 2 2 2 2
1 7 0 1 0 0 0 3000 2 9 9 2
1 8 1 0 0 1 0 3000 1 2 2 9
1 9 1 0 0 1 0 3000 1 9 9 2
1 10 1 0 0 1 0 3000 1 2 2 9
1 11 1 0 0 1 0 3000 1 9 9 2
1 12 0 1 0 0 0 3000 3 6 6 9
1 13 1 0 0 1 0 3000 1 9 9 6
1 14 1 0 0 1 0 3000 1 6 6 9
1 15 1 0 0 1 0 3000 1 9 9 6
1 16 0 1 0 0 0 3000 2 10 10 9
1 17 0 1 0 0 0 3000 3 2 2 10
1 18 1 1 1 0 0 455 1 10 10 2
1 19 0 1 0 0 0 3000 2 3 3 10
1 20 0 1 0 0 0 3000 2 5 5 3
2 1 0 1 0 0 0 3000 2 15 15 5
2 2 0 1 0 0 0 3000 3 9 9 15
2 3 0 1 0 0 0 3000 3 9 9 9
2 4 0 1 0 0 0 3000 2 12 12 9
2 5 1 0 0 1 0 3000 1 9 9 12
2 6 0 1 0 0 0 3000 2 3 3 9
2 7 0 1 0 0 0 3000 3 12 12 3
2 8 1 0 0 1 0 3000 1 3 3 12
2 9 1 0 0 1 0 3000 1 12 12 3
2 10 0 1 0 0 0 3000 2 14 14 12
2 11 1 0 0 1 0 3000 1 12 12 14
2 12 1 0 0 1 0 3000 1 14 14 12
2 13 0 1 0 0 0 3000 3 9 9 14
2 14 0 1 0 0 0 3000 3 13 13 9
2 15 0 1 0 0 0 3000 3 5 5 13
2 16 1 0 0 1 0 3000 1 13 13 5
2 17 1 0 0 1 0 3000 1 5 5 13
2 18 0 1 0 0 0 3000 2 10 10 5
2 19 0 1 0 0 0 3000 3 4 4 10
2 20 1 1 1 0 0 641 1 10 10 4
2 21 0 1 0 0 0 3000 2 15 15 10
2 22 1 0 0 1 0 3000 1 10 10 15
2 23 0 1 0 0 0 3000 2 1 1 10
2 24 0 1 0 0 0 3000 2 4 4 1
2 25 0 1 0 0 0 3000 3 2 2 4
2 26 1 0 0 1 0 3000 1 4 4 2
2 27 0 1 0 0 0 3000 2 9 9 4
2 28 0 1 0 0 0 3000 2 3 3 9
2 29 1 0 0 1 0 3000 1 9 9 3
2 30 0 1 0 0 0 3000 2 1 1 9
3 1 0 1 0 0 0 3000 2 12 12 1
3 2 0 1 0 0 0 3000 1 9 9 12
3 3 0 1 0 0 0 3000 3 3 3 9
3 4 0 1 0 0 0 3000 2 1 1 3
3 5 0 1 0 0 0 3000 3 13 13 1
3 6 1 0 0 1 0 3000 1 1 1 13
3 7 0 1 0 0 0 3000 2 9 9 1
3 8 0 1 0 0 0 3000 2 15 15 9
3 9 1 0 0 1 0 3000 1 9 9 15
3 10 0 1 0 0 0 3000 2 8 8 9
3 11 1 0 0 1 0 3000 1 9 9 8
3 12 1 0 0 1 0 3000 1 8 8 9
3 13 1 0 0 1 0 3000 1 9 9 8
3 14 0 1 0 0 0 3000 2 2 2 9
3 15 1 0 0 1 0 3000 1 9 9 2
3 16 0 1 0 0 0 3000 3 1 1 9
3 17 0 1 0 0 0 3000 2 8 8 1
3 18 1 0 0 1 0 3000 1 1 1 8
3 19 0 1 0 0 0 3000 2 14 14 1
3 20 0 0 0 0 1 561 3 10 10 14
3 21 1 0 0 1 0 3000 1 14 14 10
3 22 1 1 1 0 0 594 1 10 10 14
3 23 0 1 0 0 0 3000 2 10 10 10
3 24 1 1 1 0 0 556 1 10 10 10
3 25 0 1 0 0 0 3000 3 6 6 10
3 26 0 1 0 0 0 3000 3 6 6 6
3 27 1 0 0 1 0 3000 1 6 6 6
3 28 0 1 0 0 0 3000 3 15 15 6
3 29 0 0 0 0 1 513 2 10 10 15
3 30 1 0 0 1 0 3000 1 15 15 10
