1 1 0 1 0 0 0 3000 2 14 14 0
1 2 0 1 0 0 0 3000 3 5 5 14
1 3 0 1 0 0 0 3000 3 9 9 5
1 4 0 1 0 0 0 3000 2 7 7 9
1 5 0 1 0 0 0 3000 3 15 15 7
1 6 0 1 0 0 0 3000 2 12 12 15
1 7 1 1 1 0 0 765 1 15 15 12
1 8 1 1 1 0 0 523 1 12 12 15
1 9 0 0 0 0 1 621 3 3 3 12
1 10 0 0 0 0 1 1126 3 10 10 3
1 11 0 0 0 0 1 2961 3 15 15 10
1 12 0 1 0 0 0 3000 2 15 15 15
1 13 0 0 0 0 1 1137 2 8 8 15
1 14 1 0 0 1 0 3000 1 15 15 8
1 15 0 0 0 0 1 1844 2 5 5 15
1 16 1 1 1 0 0 502 1 15 15 5
1 17 0 0 0 0 1 522 3 7 7 15
1 18 1 1 1 0 0 1704 1 15 15 7
1 19 0 0 0 0 1 1042 2 11 11 15
1 20 0 0 0 0 1 503 2 13 13 11
2 1 0 0 0 0 1 794 2 6 6 13
2 2 0 0 0 0 1 527 1 10 10 6
2 3 1 1 1 0 0 914 1 6 6 10
2 4 0 0 0 0 1 1259 3 7 7 6
2 5 1 1 1 0 0 1152 1 6 6 7
2 6 0 0 0 0 1 2672 2 1 1 6
2 7 1 0 0 1 0 3000 1 6 6 1
2 8 1 1 1 0 0 347 1 1 1 6
2 9 0 0 0 0 1 588 2 9 9 1
2 10 0 0 0 0 1 417 3 9 9 9
2 11 0 0 0 0 1 495 2 11 11 9
2 12 0 0 0 0 1 506 3 1 1 11
2 13 0 0 0 0 1 1466 3 9 9 1
2 14 0 1 0 0 0 3000 2 12 12 9
2 15 1 0 0 1 0 3000 1 9 9 12
2 16 0 0 0 0 1 2169 2 6 6 9
2 17 0 0 0 0 1 1293 3 2 2 6
2 18 0 0 0 0 1 1103 2 13 13 2
2 19 0 0 0 0 1 2478 3 11 11 13
2 20 0 0 0 0 1 1332 3 4 4 11
2 21 1 1 1 0 0 1841 1 11 11 4
2 22 0 0 0 0 1 1777 2 9 9 11
2 23 0 0 0 0 1 1057 2 10 10 9
2 24 0 0 0 0 1 2274 2 10 10 10
2 25 0 0 0 0 1 785 2 7 7 10
2 26 1 1 1 0 0 1382 1 10 10 7
2 27 1 1 1 0 0 1122 1 7 7 10
2 28 0 0 0 0 1 1515 2 15 15 7
2 29 0 1 0 0 0 3000 2 9 9 15
2 30 0 0 0 0 1 696 3 4 4 9
3 1 0 0 0 0 1 2520 1 15 15 4
3 2 0 0 0 0 1 2248 3 15 15 15
3 3 0 0 0 0 1 378 3 11 11 15
3 4 0 0 0 0 1 361 3 3 3 11
3 5 0 0 0 0 1 779 3 9 9 3
3 6 0 0 0 0 1 386 3 13 13 9
3 7 0 0 0 0 1 383 2 2 2 13
3 8 0 0 0 0 1 474 3 8 8 2
3 9 1 1 1 0 0 485 1 2 2 8
3 10 0 0 0 0 1 550 2 9 9 2
3 11 1 1 1 0 0 524 1 2 2 9
3 12 0 0 0 0 1 457 3 15 15 2
3 13 0 0 0 0 1 624 2 12 12 15
3 14 0 0 0 0 1 594 2 2 2 12
3 15 0 0 0 0 1 470 2 11 11 2
3 16 1 1 1 0 0 2148 1 2 2 11
3 17 0 0 0 0 1 2357 2 10 10 2
3 18 1 1 1 0 0 443 1 2 2 10
3 19 0 0 0 0 1 844 2 9 9 2
3 20 1 1 1 0 0 549 1 2 2 9
3 21 0 0 0 0 1 1568 2 5 5 2
3 22 0 0 0 0 1 499 3 13 13 5
3 23 1 1 1 0 0 554 1 5 5 13
3 24 0 0 0 0 1 2342 3 12 12 5
3 25 1 1 1 0 0 562 1 5 5 12
3 26 0 1 0 0 0 3000 2 3 3 5
3 27 0 1 0 0 0 3000 2 7 7 3
3 28 0 0 0 0 1 376 3 12 12 7
3 29 1 1 1 0 0 361 1 7 7 12
3 30 0 1 0 0 0 3000 3 15 15 7
