1 1 0 1 0 0 0 3000 2 8 8 0
1 2 0 1 0 0 0 3000 2 5 5 8
1 3 1 1 1 0 0 1943 1 8 8 5
1 4 1 1 1 0 0 1835 1 5 5 8
1 5 1 1 1 0 0 2203 1 8 8 5
1 6 0 1 0 0 0 3000 2 15 15 8
1 7 0 1 0 0 0 3000 2 2 2 15
1 8 0 1 0 0 0 3000 3 12 12 2
1 9 1 1 1 0 0 710 1 2 2 12
1 10 0 1 0 0 0 3000 2 7 7 2
1 11 1 0 0 1 0 3000 1 2 2 7
1 12 0 1 0 0 0 3000 2 4 4 2
1 13 0 1 0 0 0 3000 3 14 14 4
1 14 1 1 1 0 0 1422 1 4 4 14
1 15 0 0 0 0 1 906 2 2 2 4
1 16 0 1 0 0 0 3000 3 14 14 2
1 17 0 1 0 0 0 3000 3 12 12 14
1 18 1 1 1 0 0 992 1 14 14 12
1 19 0 1 0 0 0 3000 3 15 15 14
1 20 1 1 1 0 0 991 1 14 14 15
2 1 0 1 0 0 0 3000 3 10 10 14
2 2 0 1 0 0 0 3000 3 7 7 10
2 3 0 1 0 0 0 3000 3 14 14 7
2 4 0 1 0 0 0 3000 3 15 15 14
2 5 0 1 0 0 0 3000 2 15 15 15
2 6 0 1 0 0 0 3000 3 8 8 15
2 7 1 1 1 0 0 737 1 15 15 8
2 8 0 1 0 0 0 3000 3 13 13 15
2 9 0 1 0 0 0 3000 2 9 9 13
2 10 0 1 0 0 0 3000 3 11 11 9
2 11 0 1 0 0 0 3000 2 10 10 11
2 12 1 1 1 0 0 921 1 11 11 10
2 13 0 1 0 0 0 3000 3 7 7 11
2 14 1 0 0 1 0 3000 1 11 11 7
2 15 0 1 0 0 0 3000 2 8 8 11
2 16 1 1 1 0 0 766 1 11 11 8
2 17 0 1 0 0 0 3000 2 6 6 11
2 18 0 1 0 0 0 3000 2 12 12 6
2 19 0 1 0 0 0 3000 2 3 3 12
2 20 0 1 0 0 0 3000 3 2 2 3
2 21 1 1 1 0 0 459 1 3 3 2
2 22 0 1 0 0 0 3000 3 15 15 3
2 23 0 1 0 0 0 3000 2 5 5 15
2 24 1 1 1 0 0 2446 1 15 15 5
2 25 1 1 1 0 0 1142 1 5 5 15
2 26 0 1 0 0 0 3000 3 7 7 5
2 27 0 1 0 0 0 3000 2 1 1 7
2 28 0 1 0 0 0 3000 2 12 12 1
2 29 0 1 0 0 0 3000 3 15 15 12
2 30 1 1 1 0 0 633 1 12 12 15
3 1 0 1 0 0 0 3000 1 5 5 12
3 2 0 1 0 0 0 3000 2 9 9 5
3 3 1 1 1 0 0 860 1 5 5 9
3 4 0 1 0 0 0 3000 2 13 13 5
3 5 0 1 0 0 0 3000 2 4 4 13
3 6 1 1 1 0 0 821 1 13 13 4
3 7 0 1 0 0 0 3000 3 2 2 13
3 8 1 1 1 0 0 551 1 13 13 2
3 9 1 1 1 0 0 854 1 2 2 13
3 10 0 1 0 0 0 3000 2 4 4 2
3 11 0 1 0 0 0 3000 3 3 3 4
3 12 0 1 0 0 0 3000 2 9 9 3
3 13 0 1 0 0 0 3000 2 14 14 9
3 14 0 1 0 0 0 3000 3 1 1 14
3 15 1 1 1 0 0 526 1 14 14 1
3 16 0 1 0 0 0 3000 3 2 2 14
3 17 0 1 0 0 0 3000 2 11 11 2
3 18 1 1 1 0 0 850 1 2 2 11
3 19 0 1 0 0 0 3000 3 5 5 2
3 20 0 1 0 0 0 3000 3 15 15 5
3 21 0 1 0 0 0 3000 2 9 9 15
3 22 0 1 0 0 0 3000 2 13 13 9
3 23 1 1 1 0 0 557 1 9 9 13
3 24 1 1 1 0 0 1536 1 13 13 9
3 25 0 1 0 0 0 3000 2 13 13 13
3 26 0 1 0 0 0 3000 3 8 8 13
3 27 1 1 1 0 0 863 1 13 13 8
3 28 1 1 1 0 0 660 1 8 8 13
3 29 0 1 0 0 0 3000 2 1 1 8
3 30 0 1 0 0 0 3000 3 14 14 1
