1 1 0 1 0 0 0 3000 2 5 5 0
1 2 0 1 0 0 0 3000 2 12 12 5
1 3 0 1 0 0 0 3000 2 7 7 12
1 4 1 0 0 1 0 3000 1 12 12 7
1 5 0 1 0 0 0 3000 3 6 6 12
1 6 0 1 0 0 0 3000 2 7 7 6
1 7 0 1 0 0 0 3000 2 8 8 7
1 8 0 1 0 0 0 3000 2 14 14 8
1 9 0 1 0 0 0 3000 2 1 1 14
1 10 0 1 0 0 0 3000 3 4 4 1
1 11 0 1 0 0 0 3000 3 12 12 4
1 12 0 1 0 0 0 3000 2 9 9 12
1 13 0 1 0 0 0 3000 3 8 8 9
1 14 0 1 0 0 0 3000 2 5 5 8
1 15 0 1 0 0 0 3000 2 7 7 5
1 16 0 1 0 0 0 3000 3 3 3 7
1 17 0 1 0 0 0 3000 2 9 9 3
1 18 0 1 0 0 0 3000 3 7 7 9
1 19 0 1 0 0 0 3000 2 7 7 7
1 20 1 0 0 1 0 3000 1 7 7 7
2 1 0 1 0 0 0 3000 1 12 12 7
2 2 0 1 0 0 0 3000 1 15 15 12
2 3 0 1 0 0 0 3000 2 8 8 15
2 4 0 1 0 0 0 3000 2 4 4 8
2 5 0 1 0 0 0 3000 2 7 7 4
2 6 0 1 0 0 0 3000 2 8 8 7
2 7 0 1 0 0 0 3000 3 5 5 8
2 8 0 1 0 0 0 3000 3 5 5 5
2 9 0 1 0 0 0 3000 2 13 13 5
2 10 1 0 0 1 0 3000 1 5 5 13
2 11 1 0 0 1 0 3000 1 13 13 5
2 12 0 1 0 0 0 3000 3 1 1 13
2 13 0 1 0 0 0 3000 2 5 5 1
2 14 0 1 0 0 0 3000 2 2 2 5
2 15 0 1 0 0 0 3000 2 4 4 2
2 16 1 0 0 1 0 3000 1 2 2 4
2 17 0 1 0 0 0 3000 3 2 2 2
2 18 0 1 0 0 0 3000 2 9 9 2
2 19 1 0 0 1 0 3000 1 2 2 9
2 20 0 1 0 0 0 3000 3 11 11 2
2 21 0 1 0 0 0 3000 2 4 4 11
2 22 1 0 0 1 0 3000 1 11 11 4
2 23 0 1 0 0 0 3000 2 1 1 11
2 24 0 1 0 0 0 3000 2 5 5 1
2 25 0 1 0 0 0 3000 3 5 5 5
2 26 0 1 0 0 0 3000 3 14 14 5
2 27 1 0 0 1 0 3000 1 5 5 14
2 28 0 1 0 0 0 3000 2 3 3 5
2 29 0 1 0 0 0 3000 2 6 6 3
2 30 1 0 0 1 0 3000 1 3 3 6
3 1 0 1 0 0 0 3000 2 14 14 3
3 2 0 1 0 0 0 3000 1 13 13 14
3 3 0 1 0 0 0 3000 2 4 4 13
3 4 0 1 0 0 0 3000 3 12 12 4
3 5 0 1 0 0 0 3000 3 6 6 12
3 6 1 0 0 1 0 3000 1 12 12 6
3 7 0 1 0 0 0 3000 3 5 5 12
3 8 0 1 0 0 0 3000 2 6 6 5
3 9 0 1 0 0 0 3000 3 7 7 6
3 10 0 1 0 0 0 3000 3 14 14 7
3 11 0 1 0 0 0 3000 2 8 8 14
3 12 0 1 0 0 0 3000 2 13 13 8
3 13 0 1 0 0 0 3000 3 2 2 13
3 14 1 0 0 1 0 3000 1 13 13 2
3 15 1 0 0 1 0 3000 1 2 2 13
3 16 0 1 0 0 0 3000 2 6 6 2
3 17 0 1 0 0 0 3000 3 8 8 6
3 18 0 1 0 0 0 3000 2 3 3 8
3 19 1 0 0 1 0 3000 1 8 8 3
3 20 0 1 0 0 0 3000 2 7 7 8
3 21 1 0 0 1 0 3000 1 8 8 7
3 22 1 0 0 1 0 3000 1 7 7 8
3 23 0 1 0 0 0 3000 3 2 2 7
3 24 0 1 0 0 0 3000 3 4 4 2
3 25 1 0 0 1 0 3000 1 2 2 4
3 26 1 0 0 1 0 3000 1 4 4 2
3 27 0 1 0 0 0 3000 3 15 15 4
3 28 1 0 0 1 0 3000 1 4 4 15
3 29 0 1 0 0 0 3000 2 3 3 4
3 30 0 1 0 0 0 3000 3 2 2 3
