1 1 0 1 0 0 0 3000 1 15 15 0
1 2 0 1 0 0 0 3000 2 11 11 15
1 3 1 1 1 0 0 665 1 15 15 11
1 4 0 1 0 0 0 3000 3 7 7 15
1 5 1 1 1 0 0 572 1 15 15 7
1 6 0 1 0 0 0 3000 3 14 14 15
1 7 1 1 1 0 0 1118 1 15 15 14
1 8 0 1 0 0 0 3000 2 1 1 15
1 9 1 1 1 0 0 502 1 15 15 1
1 10 0 1 0 0 0 3000 2 6 6 15
1 11 1 1 1 0 0 519 1 15 15 6
1 12 1 0 0 1 0 3000 1 6 6 15
1 13 1 1 1 0 0 409 1 15 15 6
1 14 0 1 0 0 0 3000 2 9 9 15
1 15 0 1 0 0 0 3000 3 6 6 9
1 16 0 1 0 0 0 3000 3 12 12 6
1 17 1 1 1 0 0 582 1 6 6 12
1 18 0 1 0 0 0 3000 3 2 2 6
1 19 1 1 1 0 0 450 1 6 6 2
1 20 1 0 0 1 0 3000 1 2 2 6
2 1 0 1 0 0 0 3000 2 12 12 2
2 2 0 1 0 0 0 3000 2 8 8 12
2 3 0 1 0 0 0 3000 2 2 2 8
2 4 1 1 1 0 0 1087 1 8 8 2
2 5 0 1 0 0 0 3000 2 11 11 8
2 6 0 1 0 0 0 3000 3 9 9 11
2 7 1 1 1 0 0 515 1 11 11 9
2 8 1 0 0 1 0 3000 1 9 9 11
2 9 0 0 0 0 1 522 3 9 9 9
2 10 0 0 0 0 1 581 2 8 8 9
2 11 1 1 1 0 0 507 1 9 9 8
2 12 1 1 1 0 0 542 1 8 8 9
2 13 0 0 0 0 1 820 2 7 7 8
2 14 0 1 0 0 0 3000 2 13 13 7
2 15 1 1 1 0 0 413 1 7 7 13
2 16 0 1 0 0 0 3000 2 3 3 7
2 17 0 0 0 0 1 391 2 3 3 3
2 18 0 1 0 0 0 3000 2 5 5 3
2 19 0 1 0 0 0 3000 3 5 5 5
2 20 0 1 0 0 0 3000 3 2 2 5
2 21 1 1 1 0 0 645 1 5 5 2
2 22 1 0 0 1 0 3000 1 2 2 5
2 23 1 1 1 0 0 795 1 5 5 2
2 24 1 0 0 1 0 3000 1 2 2 5
2 25 0 1 0 0 0 3000 2 10 10 2
2 26 0 0 0 0 1 508 3 1 1 10
2 27 0 0 0 0 1 536 3 1 1 1
2 28 0 1 0 0 0 3000 2 3 3 1
2 29 0 0 0 0 1 765 3 2 2 3
2 30 0 1 0 0 0 3000 3 4 4 2
3 1 0 1 0 0 0 3000 3 9 9 4
3 2 0 1 0 0 0 3000 1 2 2 9
3 3 1 1 1 0 0 480 1 9 9 2
3 4 0 0 0 0 1 816 2 8 8 9
3 5 1 1 1 0 0 708 1 9 9 8
3 6 0 1 0 0 0 3000 3 7 7 9
3 7 0 1 0 0 0 3000 2 15 15 7
3 8 1 1 1 0 0 531 1 7 7 15
3 9 1 0 0 1 0 3000 1 15 15 7
3 10 0 1 0 0 0 3000 2 3 3 15
3 11 0 1 0 0 0 3000 2 1 1 3
3 12 0 1 0 0 0 3000 3 13 13 1
3 13 0 0 0 0 1 465 3 4 4 13
3 14 0 0 0 0 1 538 3 7 7 4
3 15 1 0 0 1 0 3000 1 4 4 7
3 16 1 1 1 0 0 336 1 7 7 4
3 17 0 1 0 0 0 3000 2 11 11 7
3 18 1 1 1 0 0 493 1 7 7 11
3 19 0 1 0 0 0 3000 3 6 6 7
3 20 0 1 0 0 0 3000 2 14 14 6
3 21 0 1 0 0 0 3000 2 5 5 14
3 22 0 1 0 0 0 3000 2 1 1 5
3 23 0 1 0 0 0 3000 2 4 4 1
3 24 0 0 0 0 1 496 3 7 7 4
3 25 0 0 0 0 1 511 3 9 9 7
3 26 1 1 1 0 0 495 1 7 7 9
3 27 0 1 0 0 0 3000 2 5 5 7
3 28 0 1 0 0 0 3000 3 13 13 5
3 29 0 1 0 0 0 3000 2 11 11 13
3 30 0 1 0 0 0 3000 3 15 15 11
