1 1 0 1 0 0 0 3000 1 10 10 0
1 2 0 0 0 0 1 782 2 10 10 10
1 3 0 1 0 0 0 3000 3 11 11 10
1 4 0 1 0 0 0 3000 3 8 8 11
1 5 1 0 0 1 0 3000 1 11 11 8
1 6 1 1 1 0 0 898 1 8 8 11
1 7 0 1 0 0 0 3000 2 12 12 8
1 8 0 1 0 0 0 3000 2 10 10 12
1 9 1 0 0 1 0 3000 1 12 12 10
1 10 0 1 0 0 0 3000 3 6 6 12
1 11 0 0 0 0 1 149 3 8 8 6
1 12 0 1 0 0 0 3000 2 11 11 8
1 13 0 0 0 0 1 312 2 10 10 11
1 14 0 1 0 0 0 3000 2 2 2 10
1 15 0 1 0 0 0 3000 2 15 15 2
1 16 0 0 0 0 1 440 2 13 13 15
1 17 0 1 0 0 0 3000 3 3 3 13
1 18 1 0 0 1 0 3000 1 13 13 3
1 19 0 1 0 0 0 3000 3 6 6 13
1 20 0 0 0 0 1 2645 3 9 9 6
2 1 0 1 0 0 0 3000 2 3 3 9
2 2 0 1 0 0 0 3000 3 10 10 3
2 3 0 1 0 0 0 3000 3 1 1 10
2 4 0 1 0 0 0 3000 3 13 13 1
2 5 0 0 0 0 1 421 2 9 9 13
2 6 0 1 0 0 0 3000 3 11 11 9
2 7 1 0 0 1 0 3000 1 9 9 11
2 8 0 0 0 0 1 178 3 5 5 9
2 9 0 1 0 0 0 3000 3 3 3 5
2 10 0 1 0 0 0 3000 3 14 14 3
2 11 1 1 1 0 0 563 1 3 3 14
2 12 1 1 1 0 0 1353 1 14 14 3
2 13 1 1 1 0 0 1563 1 3 3 14
2 14 0 1 0 0 0 3000 3 4 4 3
2 15 0 0 0 0 1 1239 3 4 4 4
2 16 0 1 0 0 0 3000 3 8 8 4
2 17 1 1 1 0 0 116 1 4 4 8
2 18 1 0 0 1 0 3000 1 8 8 4
2 19 1 1 1 0 0 503 1 4 4 8
2 20 0 0 0 0 1 1866 2 6 6 4
2 21 0 0 0 0 1 2924 2 3 3 6
2 22 0 1 0 0 0 3000 3 9 9 3
2 23 1 1 1 0 0 436 1 3 3 9
2 24 0 1 0 0 0 3000 2 8 8 3
2 25 1 1 1 0 0 915 1 3 3 8
2 26 0 1 0 0 0 3000 2 10 10 3
2 27 0 0 0 0 1 444 3 14 14 10
2 28 1 0 0 1 0 3000 1 10 10 14
2 29 0 1 0 0 0 3000 3 15 15 10
2 30 1 1 1 0 0 766 1 10 10 15
3 1 0 0 0 0 1 1161 2 14 14 10
3 2 0 1 0 0 0 3000 2 15 15 14
3 3 1 0 0 1 0 3000 1 14 14 15
3 4 1 0 0 1 0 3000 1 15 15 14
3 5 0 0 0 0 1 553 3 1 1 15
3 6 0 1 0 0 0 3000 2 1 1 1
3 7 1 0 0 1 0 3000 1 1 1 1
3 8 1 1 1 0 0 203 1 1 1 1
3 9 0 0 0 0 1 658 2 6 6 1
3 10 1 0 0 1 0 3000 1 1 1 6
3 11 0 0 0 0 1 2516 2 3 3 1
3 12 0 1 0 0 0 3000 3 5 5 3
3 13 1 1 1 0 0 783 1 3 3 5
3 14 0 1 0 0 0 3000 3 7 7 3
3 15 0 0 0 0 1 961 2 10 10 7
3 16 1 0 0 1 0 3000 1 7 7 10
3 17 0 0 0 0 1 342 2 9 9 7
3 18 0 1 0 0 0 3000 3 2 2 9
3 19 0 0 0 0 1 377 3 1 1 2
3 20 1 1 1 0 0 1225 1 2 2 1
3 21 0 0 0 0 1 1939 3 8 8 2
3 22 0 1 0 0 0 3000 2 6 6 8
3 23 0 0 0 0 1 2947 3 2 2 6
3 24 0 1 0 0 0 3000 2 5 5 2
3 25 0 1 0 0 0 3000 2 3 3 5
3 26 0 0 0 0 1 675 3 15 15 3
3 27 1 0 0 1 0 3000 1 3 3 15
3 28 1 0 0 1 0 3000 1 15 15 3
3 29 0 0 0 0 1 1178 2 4 4 15
3 30 1 0 0 1 0 3000 1 15 15 4
