1 1 0 1 0 0 0 3000 3 3 3 0
1 2 0 1 0 0 0 3000 3 14 14 3
1 3 0 1 0 0 0 3000 2 8 8 14
1 4 0 1 0 0 0 3000 3 3 3 8
1 5 1 0 0 1 0 3000 1 8 8 3
1 6 0 1 0 0 0 3000 2 14 14 8
1 7 1 0 0 1 0 3000 1 8 8 14
1 8 1 0 0 1 0 3000 1 14 14 8
1 9 0 1 0 0 0 3000 2 3 3 14
1 10 0 1 0 0 0 3000 3 6 6 3
1 11 0 1 0 0 0 3000 3 9 9 6
1 12 0 1 0 0 0 3000 3 3 3 9
1 13 1 0 0 1 0 3000 1 9 9 3
1 14 0 1 0 0 0 3000 3 4 4 9
1 15 1 0 0 1 0 3000 1 9 9 4
1 16 0 1 0 0 0 3000 3 6 6 9
1 17 0 1 0 0 0 3000 3 4 4 6
1 18 1 0 0 1 0 3000 1 6 6 4
1 19 1 0 0 1 0 3000 1 4 4 6
1 20 0 1 0 0 0 3000 3 11 11 4
2 1 0 1 0 0 0 3000 3 14 14 11
2 2 0 1 0 0 0 3000 2 6 6 14
2 3 0 1 0 0 0 3000 2 15 15 6
2 4 0 1 0 0 0 3000 2 7 7 15
2 5 1 0 0 1 0 3000 1 15 15 7
2 6 0 1 0 0 0 3000 3 1 1 15
2 7 0 1 0 0 0 3000 2 8 8 1
2 8 0 1 0 0 0 3000 3 3 3 8
2 9 0 1 0 0 0 3000 2 2 2 3
2 10 1 0 0 1 0 3000 1 3 3 2
2 11 1 0 0 1 0 3000 1 2 2 3
2 12 0 1 0 0 0 3000 3 8 8 2
2 13 0 1 0 0 0 3000 3 7 7 8
2 14 0 1 0 0 0 3000 3 3 3 7
2 15 0 1 0 0 0 3000 2 12 12 3
2 16 0 1 0 0 0 3000 2 12 12 12
2 17 0 1 0 0 0 3000 3 2 2 12
2 18 0 1 0 0 0 3000 2 13 13 2
2 19 0 1 0 0 0 3000 3 9 9 13
2 20 0 1 0 0 0 3000 3 7 7 9
2 21 1 0 0 1 0 3000 1 9 9 7
2 22 1 0 0 1 0 3000 1 7 7 9
2 23 0 1 0 0 0 3000 2 11 11 7
2 24 0 1 0 0 0 3000 3 5 5 11
2 25 0 1 0 0 0 3000 3 12 12 5
2 26 0 1 0 0 0 3000 3 11 11 12
2 27 0 1 0 0 0 3000 3 8 8 11
2 28 0 1 0 0 0 3000 3 6 6 8
2 29 1 0 0 1 0 3000 1 8 8 6
2 30 0 1 0 0 0 3000 2 11 11 8
3 1 0 1 0 0 0 3000 3 9 9 11
3 2 0 1 0 0 0 3000 2 9 9 9
3 3 0 1 0 0 0 3000 3 15 15 9
3 4 0 1 0 0 0 3000 3 15 15 15
3 5 0 1 0 0 0 3000 3 10 10 15
3 6 0 1 0 0 0 3000 2 9 9 10
3 7 0 1 0 0 0 3000 3 12 12 9
3 8 1 0 0 1 0 3000 1 9 9 12
3 9 1 0 0 1 0 3000 1 12 12 9
3 10 1 0 0 1 0 3000 1 9 9 12
3 11 0 1 0 0 0 3000 2 2 2 9
3 12 0 1 0 0 0 3000 3 11 11 2
3 13 0 1 0 0 0 3000 3 8 8 11
3 14 1 0 0 1 0 3000 1 11 11 8
3 15 0 1 0 0 0 3000 3 2 2 11
3 16 0 1 0 0 0 3000 3 9 9 2
3 17 1 0 0 1 0 3000 1 2 2 9
3 18 0 1 0 0 0 3000 3 7 7 2
3 19 0 1 0 0 0 3000 2 6 6 7
3 20 0 1 0 0 0 3000 2 2 2 6
3 21 1 0 0 1 0 3000 1 6 6 2
3 22 0 1 0 0 0 3000 2 1 1 6
3 23 1 0 0 1 0 3000 1 6 6 1
3 24 0 1 0 0 0 3000 2 5 5 6
3 25 0 1 0 0 0 3000 3 5 5 5
3 26 0 1 0 0 0 3000 2 11 11 5
3 27 0 1 0 0 0 3000 2 11 11 11
3 28 1 0 0 1 0 3000 1 11 11 11
3 29 1 0 0 1 0 3000 1 11 11 11
3 30 0 1 0 0 0 3000 3 9 9 11
