1 1 0 1 0 0 0 3000 2 2 2 0
1 2 0 1 0 0 0 3000 3 7 7 2
1 3 1 1 1 0 0 401 1 2 2 7
1 4 1 0 0 1 0 3000 1 7 7 2
1 5 0 1 0 0 0 3000 3 7 7 7
1 6 0 1 0 0 0 3000 2 11 11 7
1 7 1 1 1 0 0 387 1 7 7 11
1 8 0 1 0 0 0 3000 2 4 4 7
1 9 0 1 0 0 0 3000 2 9 9 4
1 10 0 0 0 0 1 459 2 7 7 9
1 11 0 1 0 0 0 3000 2 8 8 7
1 12 0 1 0 0 0 3000 2 15 15 8
1 13 0 1 0 0 0 3000 3 5 5 15
1 14 1 1 1 0 0 528 1 15 15 5
1 15 0 1 0 0 0 3000 3 13 13 15
1 16 0 1 0 0 0 3000 3 4 4 13
1 17 1 0 0 1 0 3000 1 13 13 4
1 18 0 1 0 0 0 3000 2 14 14 13
1 19 0 1 0 0 0 3000 3 5 5 14
1 20 0 0 0 0 1 448 3 8 8 5
2 1 0 1 0 0 0 3000 2 1 1 8
2 2 0 1 0 0 0 3000 3 2 2 1
2 3 0 1 0 0 0 3000 2 5 5 2
2 4 1 1 1 0 0 549 1 2 2 5
2 5 0 1 0 0 0 3000 2 13 13 2
2 6 0 1 0 0 0 3000 2 14 14 13
2 7 0 1 0 0 0 3000 3 7 7 14
2 8 0 0 0 0 1 464 2 6 6 7
2 9 0 1 0 0 0 3000 3 11 11 6
2 10 0 1 0 0 0 3000 2 9 9 11
2 11 0 1 0 0 0 3000 2 6 6 9
2 12 1 1 1 0 0 454 1 9 9 6
2 13 1 0 0 1 0 3000 1 6 6 9
2 14 1 0 0 1 0 3000 1 9 9 6
2 15 0 0 0 0 1 377 2 2 2 9
2 16 0 0 0 0 1 678 2 11 11 2
2 17 0 1 0 0 0 3000 3 5 5 11
2 18 1 1 1 0 0 301 1 11 11 5
2 19 0 1 0 0 0 3000 3 10 10 11
2 20 0 1 0 0 0 3000 2 6 6 10
2 21 0 0 0 0 1 392 2 1 1 6
2 22 1 1 1 0 0 438 1 6 6 1
2 23 1 0 0 1 0 3000 1 1 1 6
2 24 0 1 0 0 0 3000 3 4 4 1
2 25 1 1 1 0 0 404 1 1 1 4
2 26 1 0 0 1 0 3000 1 4 4 1
2 27 0 1 0 0 0 3000 3 10 10 4
2 28 0 1 0 0 0 3000 2 5 5 10
2 29 0 0 0 0 1 502 2 5 5 5
2 30 1 1 1 0 0 391 1 5 5 5
3 1 0 1 0 0 0 3000 2 3 3 5
3 2 0 1 0 0 0 3000 3 8 8 3
3 3 0 1 0 0 0 3000 2 1 1 8
3 4 0 1 0 0 0 3000 2 10 10 1
3 5 1 1 1 0 0 507 1 1 1 10
3 6 0 1 0 0 0 3000 2 15 15 1
3 7 0 1 0 0 0 3000 3 13 13 15
3 8 0 1 0 0 0 3000 3 12 12 13
3 9 0 1 0 0 0 3000 3 2 2 12
3 10 1 1 1 0 0 442 1 12 12 2
3 11 0 1 0 0 0 3000 2 11 11 12
3 12 0 1 0 0 0 3000 3 7 7 11
3 13 1 1 1 0 0 459 1 11 11 7
3 14 1 1 1 0 0 492 1 7 7 11
3 15 1 1 1 0 0 521 1 11 11 7
3 16 1 1 1 0 0 401 1 7 7 11
3 17 0 1 0 0 0 3000 2 2 2 7
3 18 0 1 0 0 0 3000 2 1 1 2
3 19 1 1 1 0 0 491 1 2 2 1
3 20 0 1 0 0 0 3000 3 10 10 2
3 21 0 1 0 0 0 3000 3 3 3 10
3 22 1 1 1 0 0 444 1 10 10 3
3 23 0 1 0 0 0 3000 3 11 11 10
3 24 0 1 0 0 0 3000 3 15 15 11
3 25 1 1 1 0 0 418 1 11 11 15
3 26 0 1 0 0 0 3000 3 3 3 11
3 27 0 1 0 0 0 3000 2 13 13 3
3 28 0 1 0 0 0 3000 2 15 15 13
3 29 0 0 0 0 1 451 2 4 4 15
3 30 0 1 0 0 0 3000 3 9 9 4
