1 1 0 1 0 0 0 3000 1 11 11 0
1 2 0 1 0 0 0 3000 1 13 13 11
1 3 0 1 0 0 0 3000 2 13 13 13
1 4 0 1 0 0 0 3000 3 10 10 13
1 5 0 1 0 0 0 3000 3 14 14 10
1 6 0 1 0 0 0 3000 3 11 11 14
1 7 0 1 0 0 0 3000 2 6 6 11
1 8 0 0 0 0 1 379 2 3 3 6
1 9 0 1 0 0 0 3000 3 14 14 3
1 10 0 1 0 0 0 3000 3 15 15 14
1 11 1 0 0 1 0 3000 1 14 14 15
1 12 0 1 0 0 0 3000 2 4 4 14
1 13 1 0 0 1 0 3000 1 14 14 4
1 14 0 1 0 0 0 3000 3 6 6 14
1 15 0 1 0 0 0 3000 3 12 12 6
1 16 0 1 0 0 0 3000 2 9 9 12
1 17 0 1 0 0 0 3000 3 4 4 9
1 18 1 1 1 0 0 822 1 9 9 4
1 19 0 1 0 0 0 3000 3 5 5 9
1 20 0 1 0 0 0 3000 2 1 1 5
2 1 0 1 0 0 0 3000 2 4 4 1
2 2 0 1 0 0 0 3000 1 15 15 4
2 3 1 0 0 1 0 3000 1 4 4 15
2 4 1 0 0 1 0 3000 1 15 15 4
2 5 1 1 1 0 0 720 1 4 4 15
2 6 0 1 0 0 0 3000 2 7 7 4
2 7 0 1 0 0 0 3000 3 9 9 7
2 8 1 1 1 0 0 1912 1 7 7 9
2 9 0 1 0 0 0 3000 3 5 5 7
2 10 1 1 1 0 0 592 1 7 7 5
2 11 0 1 0 0 0 3000 2 14 14 7
2 12 1 1 1 0 0 483 1 7 7 14
2 13 0 1 0 0 0 3000 2 12 12 7
2 14 0 1 0 0 0 3000 2 6 6 12
2 15 1 1 1 0 0 631 1 12 12 6
2 16 0 1 0 0 0 3000 2 2 2 12
2 17 0 0 0 0 1 687 3 9 9 2
2 18 0 1 0 0 0 3000 2 8 8 9
2 19 0 0 0 0 1 1085 2 8 8 8
2 20 0 0 0 0 1 746 3 12 12 8
2 21 0 1 0 0 0 3000 2 12 12 12
2 22 0 1 0 0 0 3000 2 2 2 12
2 23 0 1 0 0 0 3000 3 15 15 2
2 24 0 1 0 0 0 3000 3 12 12 15
2 25 0 1 0 0 0 3000 3 11 11 12
2 26 0 1 0 0 0 3000 3 14 14 11
2 27 1 1 1 0 0 725 1 11 11 14
2 28 0 0 0 0 1 931 2 11 11 11
2 29 0 1 0 0 0 3000 2 7 7 11
2 30 0 1 0 0 0 3000 3 6 6 7
3 1 0 1 0 0 0 3000 3 12 12 6
3 2 0 1 0 0 0 3000 2 3 3 12
3 3 0 1 0 0 0 3000 3 4 4 3
3 4 0 1 0 0 0 3000 2 6 6 4
3 5 0 1 0 0 0 3000 2 9 9 6
3 6 1 1 1 0 0 1238 1 6 6 9
3 7 0 1 0 0 0 3000 2 1 1 6
3 8 1 1 1 0 0 1677 1 6 6 1
3 9 1 1 1 0 0 810 1 1 1 6
3 10 1 1 1 0 0 984 1 6 6 1
3 11 0 1 0 0 0 3000 2 10 10 6
3 12 0 1 0 0 0 3000 2 7 7 10
3 13 0 1 0 0 0 3000 3 2 2 7
3 14 1 1 1 0 0 1056 1 7 7 2
3 15 0 1 0 0 0 3000 3 3 3 7
3 16 0 1 0 0 0 3000 3 2 2 3
3 17 0 0 0 0 1 1494 3 10 10 2
3 18 0 1 0 0 0 3000 3 1 1 10
3 19 0 1 0 0 0 3000 3 8 8 1
3 20 0 1 0 0 0 3000 2 9 9 8
3 21 0 1 0 0 0 3000 2 13 13 9
3 22 1 1 1 0 0 500 1 9 9 13
3 23 1 1 1 0 0 509 1 13 13 9
3 24 0 1 0 0 0 3000 3 12 12 13
3 25 1 1 1 0 0 597 1 13 13 12
3 26 0 1 0 0 0 3000 2 10 10 13
3 27 1 1 1 0 0 894 1 13 13 10
3 28 1 1 1 0 0 833 1 10 10 13
3 29 0 0 0 0 1 924 3 10 10 10
3 30 0 1 0 0 0 3000 2 3 3 10
