1 1 0 1 0 0 0 3000 1 10 10 0
1 2 0 1 0 0 0 3000 1 14 14 10
1 3 0 1 0 0 0 3000 3 3 3 14
1 4 0 0 0 0 1 575 3 10 10 3
1 5 0 1 0 0 0 3000 3 9 9 10
1 6 0 0 0 0 1 1356 3 9 9 9
1 7 1 1 1 0 0 1103 1 9 9 9
1 8 1 0 0 1 0 3000 1 9 9 9
1 9 1 1 1 0 0 623 1 9 9 9
1 10 0 1 0 0 0 3000 2 4 4 9
1 11 0 1 0 0 0 3000 3 13 13 4
1 12 0 0 0 0 1 548 2 13 13 13
1 13 0 1 0 0 0 3000 2 3 3 13
1 14 0 1 0 0 0 3000 3 14 14 3
1 15 1 1 1 0 0 794 1 3 3 14
1 16 1 1 1 0 0 1017 1 14 14 3
1 17 1 1 1 0 0 915 1 3 3 14
1 18 0 1 0 0 0 3000 2 6 6 3
1 19 0 1 0 0 0 3000 2 8 8 6
1 20 0 1 0 0 0 3000 2 4 4 8
2 1 0 1 0 0 0 3000 2 2 2 4
2 2 0 1 0 0 0 3000 2 15 15 2
2 3 0 1 0 0 0 3000 3 13 13 15
2 4 0 1 0 0 0 3000 3 12 12 13
2 5 0 1 0 0 0 3000 3 12 12 12
2 6 1 1 1 0 0 571 1 12 12 12
2 7 1 1 1 0 0 518 1 12 12 12
2 8 0 1 0 0 0 3000 2 2 2 12
2 9 0 1 0 0 0 3000 2 3 3 2
2 10 0 1 0 0 0 3000 2 8 8 3
2 11 1 1 1 0 0 1050 1 3 3 8
2 12 0 1 0 0 0 3000 3 13 13 3
2 13 1 1 1 0 0 1012 1 3 3 13
2 14 0 1 0 0 0 3000 2 12 12 3
2 15 1 1 1 0 0 875 1 3 3 12
2 16 0 1 0 0 0 3000 3 9 9 3
2 17 0 1 0 0 0 3000 2 11 11 9
2 18 1 1 1 0 0 823 1 9 9 11
2 19 0 1 0 0 0 3000 2 5 5 9
2 20 1 1 1 0 0 679 1 9 9 5
2 21 0 1 0 0 0 3000 2 12 12 9
2 22 0 1 0 0 0 3000 3 6 6 12
2 23 1 1 1 0 0 437 1 12 12 6
2 24 0 1 0 0 0 3000 2 1 1 12
2 25 0 1 0 0 0 3000 3 5 5 1
2 26 0 1 0 0 0 3000 3 11 11 5
2 27 0 0 0 0 1 816 2 11 11 11
2 28 0 1 0 0 0 3000 3 15 15 11
2 29 1 1 1 0 0 650 1 11 11 15
2 30 0 1 0 0 0 3000 3 9 9 11
3 1 0 1 0 0 0 3000 3 15 15 9
3 2 0 1 0 0 0 3000 3 4 4 15
3 3 1 1 1 0 0 820 1 15 15 4
3 4 0 1 0 0 0 3000 2 5 5 15
3 5 0 1 0 0 0 3000 2 3 3 5
3 6 0 1 0 0 0 3000 3 13 13 3
3 7 1 1 1 0 0 714 1 3 3 13
3 8 0 1 0 0 0 3000 3 12 12 3
3 9 1 1 1 0 0 433 1 3 3 12
3 10 0 1 0 0 0 3000 3 5 5 3
3 11 0 1 0 0 0 3000 2 13 13 5
3 12 0 1 0 0 0 3000 3 9 9 13
3 13 1 1 1 0 0 484 1 13 13 9
3 14 0 1 0 0 0 3000 2 2 2 13
3 15 1 1 1 0 0 752 1 13 13 2
3 16 0 1 0 0 0 3000 3 15 15 13
3 17 1 1 1 0 0 434 1 13 13 15
3 18 0 0 0 0 1 578 2 13 13 13
3 19 1 1 1 0 0 696 1 13 13 13
3 20 0 0 0 0 1 458 3 15 15 13
3 21 0 1 0 0 0 3000 2 3 3 15
3 22 0 1 0 0 0 3000 3 7 7 3
3 23 1 1 1 0 0 733 1 3 3 7
3 24 1 1 1 0 0 723 1 7 7 3
3 25 0 1 0 0 0 3000 2 14 14 7
3 26 1 1 1 0 0 569 1 7 7 14
3 27 0 1 0 0 0 3000 3 7 7 7
3 28 1 1 1 0 0 457 1 7 7 7
3 29 0 1 0 0 0 3000 2 4 4 7
3 30 0 1 0 0 0 3000 2 10 10 4
