1 1 0 1 0 0 0 3000 1 8 8 0
1 2 0 1 0 0 0 3000 1 8 8 8
1 3 0 1 0 0 0 3000 3 3 3 8
1 4 0 1 0 0 0 3000 2 11 11 3
1 5 0 1 0 0 0 3000 3 12 12 11
1 6 0 1 0 0 0 3000 3 6 6 12
1 7 1 0 0 1 0 3000 1 12 12 6
1 8 0 1 0 0 0 3000 3 9 9 12
1 9 1 0 0 1 0 3000 1 12 12 9
1 10 0 1 0 0 0 3000 3 2 2 12
1 11 0 1 0 0 0 3000 2 11 11 2
1 12 1 0 0 1 0 3000 1 2 2 11
1 13 1 0 0 1 0 3000 1 11 11 2
1 14 0 1 0 0 0 3000 2 10 10 11
1 15 1 0 0 1 0 3000 1 11 11 10
1 16 0 1 0 0 0 3000 2 6 6 11
1 17 0 1 0 0 0 3000 2 3 3 6
1 18 1 0 0 1 0 3000 1 6 6 3
1 19 0 1 0 0 0 3000 3 7 7 6
1 20 0 1 0 0 0 3000 2 9 9 7
2 1 0 1 0 0 0 3000 2 5 5 9
2 2 0 1 0 0 0 3000 1 11 11 5
2 3 0 1 0 0 0 3000 3 14 14 11
2 4 0 1 0 0 0 3000 2 6 6 14
2 5 0 1 0 0 0 3000 2 2 2 6
2 6 0 1 0 0 0 3000 2 7 7 2
2 7 0 1 0 0 0 3000 2 5 5 7
2 8 0 1 0 0 0 3000 2 5 5 5
2 9 1 0 0 1 0 3000 1 5 5 5
2 10 0 1 0 0 0 3000 2 13 13 5
2 11 0 1 0 0 0 3000 3 8 8 13
2 12 1 0 0 1 0 3000 1 13 13 8
2 13 1 0 0 1 0 3000 1 8 8 13
2 14 0 1 0 0 0 3000 3 5 5 8
2 15 0 1 0 0 0 3000 3 13 13 5
2 16 0 1 0 0 0 3000 2 10 10 13
2 17 0 1 0 0 0 3000 3 12 12 10
2 18 1 0 0 1 0 3000 1 10 10 12
2 19 0 1 0 0 0 3000 3 3 3 10
2 20 0 1 0 0 0 3000 2 7 7 3
2 21 1 0 0 1 0 3000 1 3 3 7
2 22 1 0 0 1 0 3000 1 7 7 3
2 23 1 0 0 1 0 3000 1 3 3 7
2 24 0 1 0 0 0 3000 2 5 5 3
2 25 1 0 0 1 0 3000 1 3 3 5
2 26 0 1 0 0 0 3000 3 14 14 3
2 27 1 0 0 1 0 3000 1 3 3 14
2 28 1 0 0 1 0 3000 1 14 14 3
2 29 0 1 0 0 0 3000 3 12 12 14
2 30 0 1 0 0 0 3000 3 15 15 12
3 1 0 1 0 0 0 3000 3 15 15 15
3 2 0 1 0 0 0 3000 1 7 7 15
3 3 1 0 0 1 0 3000 1 15 15 7
3 4 0 1 0 0 0 3000 2 1 1 15
3 5 0 1 0 0 0 3000 3 9 9 1
3 6 1 0 0 1 0 3000 1 1 1 9
3 7 0 1 0 0 0 3000 2 8 8 1
3 8 1 0 0 1 0 3000 1 1 1 8
3 9 1 0 0 1 0 3000 1 8 8 1
3 10 0 1 0 0 0 3000 2 3 3 8
3 11 0 1 0 0 0 3000 2 11 11 3
3 12 0 1 0 0 0 3000 3 10 10 11
3 13 0 1 0 0 0 3000 3 12 12 10
3 14 1 0 0 1 0 3000 1 10 10 12
3 15 0 1 0 0 0 3000 3 7 7 10
3 16 0 1 0 0 0 3000 2 15 15 7
3 17 0 1 0 0 0 3000 2 6 6 15
3 18 0 0 0 0 1 1712 3 10 10 6
3 19 1 0 0 1 0 3000 1 6 6 10
3 20 1 1 1 0 0 974 1 10 10 6
3 21 0 1 0 0 0 3000 2 3 3 10
3 22 0 1 0 0 0 3000 2 8 8 3
3 23 0 1 0 0 0 3000 3 14 14 8
3 24 0 1 0 0 0 3000 2 1 1 14
3 25 1 1 1 0 0 829 1 14 14 1
3 26 1 1 1 0 0 852 1 1 1 14
3 27 0 1 0 0 0 3000 2 4 4 1
3 28 0 1 0 0 0 3000 2 15 15 4
3 29 0 1 0 0 0 3000 3 14 14 15
3 30 0 1 0 0 0 3000 3 12 12 14
