1 1 0 1 0 0 0 3000 2 10 10 0
1 2 0 1 0 0 0 3000 2 11 11 10
1 3 0 1 0 0 0 3000 3 11 11 11
1 4 1 0 0 1 0 3000 1 11 11 11
1 5 0 1 0 0 0 3000 2 7 7 11
1 6 0 1 0 0 0 3000 3 7 7 7
1 7 1 0 0 1 0 3000 1 7 7 7
1 8 1 0 0 1 0 3000 1 7 7 7
1 9 1 0 0 1 0 3000 1 7 7 7
1 10 0 1 0 0 0 3000 3 6 6 7
1 11 1 0 0 1 0 3000 1 7 7 6
1 12 0 1 0 0 0 3000 2 12 12 7
1 13 1 0 0 1 0 3000 1 7 7 12
1 14 0 1 0 0 0 3000 3 9 9 7
1 15 0 1 0 0 0 3000 2 11 11 9
1 16 0 1 0 0 0 3000 3 12 12 11
1 17 0 1 0 0 0 3000 2 13 13 12
1 18 0 1 0 0 0 3000 2 4 4 13
1 19 0 1 0 0 0 3000 2 14 14 4
1 20 0 1 0 0 0 3000 3 14 14 14
2 1 0 1 0 0 0 3000 1 4 4 14
2 2 0 1 0 0 0 3000 1 13 13 4
2 3 0 1 0 0 0 3000 2 12 12 13
2 4 0 1 0 0 0 3000 2 2 2 12
2 5 0 1 0 0 0 3000 2 9 9 2
2 6 0 1 0 0 0 3000 2 11 11 9
2 7 1 0 0 1 0 3000 1 9 9 11
2 8 1 0 0 1 0 3000 1 11 11 9
2 9 1 0 0 1 0 3000 1 9 9 11
2 10 1 0 0 1 0 3000 1 11 11 9
2 11 1 0 0 1 0 3000 1 9 9 11
2 12 0 1 0 0 0 3000 3 13 13 9
2 13 0 1 0 0 0 3000 3 14 14 13
2 14 0 1 0 0 0 3000 2 9 9 14
2 15 1 0 0 1 0 3000 1 14 14 9
2 16 0 1 0 0 0 3000 2 11 11 14
2 17 0 1 0 0 0 3000 2 8 8 11
2 18 0 1 0 0 0 3000 3 7 7 8
2 19 0 1 0 0 0 3000 3 9 9 7
2 20 0 1 0 0 0 3000 3 5 5 9
2 21 0 1 0 0 0 3000 3 6 6 5
2 22 0 1 0 0 0 3000 3 12 12 6
2 23 0 0 0 0 1 1355 3 10 10 12
2 24 0 1 0 0 0 3000 2 2 2 10
2 25 0 1 0 0 0 3000 2 13 13 2
2 26 0 1 0 0 0 3000 3 9 9 13
2 27 1 0 0 1 0 3000 1 13 13 9
2 28 1 0 0 1 0 3000 1 9 9 13
2 29 1 0 0 1 0 3000 1 13 13 9
2 30 0 1 0 0 0 3000 2 12 12 13
3 1 0 1 0 0 0 3000 3 14 14 12
3 2 0 1 0 0 0 3000 1 6 6 14
3 3 0 1 0 0 0 3000 3 1 1 6
3 4 0 1 0 0 0 3000 3 2 2 1
3 5 0 1 0 0 0 3000 2 3 3 2
3 6 0 0 0 0 1 1174 3 10 10 3
3 7 0 1 0 0 0 3000 2 1 1 10
3 8 1 1 1 0 0 1119 1 10 10 1
3 9 0 1 0 0 0 3000 2 7 7 10
3 10 1 1 1 0 0 1194 1 10 10 7
3 11 1 0 0 1 0 3000 1 7 7 10
3 12 1 1 1 0 0 915 1 10 10 7
3 13 1 0 0 1 0 3000 1 7 7 10
3 14 0 1 0 0 0 3000 3 7 7 7
3 15 0 1 0 0 0 3000 3 8 8 7
3 16 0 0 0 0 1 924 2 10 10 8
3 17 0 1 0 0 0 3000 3 1 1 10
3 18 1 1 1 0 0 815 1 10 10 1
3 19 0 1 0 0 0 3000 3 8 8 10
3 20 1 0 0 1 0 3000 1 10 10 8
3 21 1 0 0 1 0 3000 1 8 8 10
3 22 0 1 0 0 0 3000 2 7 7 8
3 23 1 0 0 1 0 3000 1 8 8 7
3 24 0 0 0 0 1 501 3 10 10 8
3 25 0 1 0 0 0 3000 3 5 5 10
3 26 1 1 1 0 0 942 1 10 10 5
3 27 0 1 0 0 0 3000 3 3 3 10
3 28 0 1 0 0 0 3000 2 3 3 3
3 29 0 1 0 0 0 3000 3 1 1 3
3 30 0 1 0 0 0 3000 2 8 8 1
