1 1 0 1 0 0 0 3000 3 13 13 0
1 2 0 1 0 0 0 3000 1 5 5 13
1 3 0 1 0 0 0 3000 2 3 3 5
1 4 0 1 0 0 0 3000 3 1 1 3
1 5 0 1 0 0 0 3000 3 1 1 1
1 6 0 1 0 0 0 3000 2 2 2 1
1 7 1 1 1 0 0 616 1 1 1 2
1 8 0 0 0 0 1 863 3 5 5 1
1 9 1 1 1 0 0 485 1 1 1 5
1 10 0 1 0 0 0 3000 2 1 1 1
1 11 1 0 0 1 0 3000 1 1 1 1
1 12 1 1 1 0 0 519 1 1 1 1
1 13 1 1 1 0 0 819 1 1 1 1
1 14 0 1 0 0 0 3000 2 12 12 1
1 15 0 1 0 0 0 3000 2 11 11 12
1 16 1 1 1 0 0 369 1 12 12 11
1 17 0 1 0 0 0 3000 3 9 9 12
1 18 0 1 0 0 0 3000 2 1 1 9
1 19 0 0 0 0 1 437 3 12 12 1
1 20 0 1 0 0 0 3000 2 14 14 12
2 1 0 1 0 0 0 3000 3 5 5 14
2 2 0 1 0 0 0 3000 3 3 3 5
2 3 1 1 1 0 0 853 1 5 5 3
2 4 0 1 0 0 0 3000 3 4 4 5
2 5 1 1 1 0 0 439 1 5 5 4
2 6 0 1 0 0 0 3000 2 1 1 5
2 7 0 1 0 0 0 3000 2 15 15 1
2 8 1 1 1 0 0 370 1 1 1 15
2 9 1 1 1 0 0 484 1 15 15 1
2 10 0 1 0 0 0 3000 3 13 13 15
2 11 0 1 0 0 0 3000 2 4 4 13
2 12 1 1 1 0 0 337 1 13 13 4
2 13 0 1 0 0 0 3000 3 14 14 13
2 14 1 1 1 0 0 826 1 13 13 14
2 15 0 1 0 0 0 3000 2 10 10 13
2 16 0 1 0 0 0 3000 3 12 12 10
2 17 0 1 0 0 0 3000 2 11 11 12
2 18 0 1 0 0 0 3000 2 15 15 11
2 19 0 1 0 0 0 3000 2 5 5 15
2 20 1 1 1 0 0 345 1 15 15 5
2 21 0 1 0 0 0 3000 2 6 6 15
2 22 0 1 0 0 0 3000 2 4 4 6
2 23 0 1 0 0 0 3000 2 10 10 4
2 24 0 1 0 0 0 3000 2 10 10 10
2 25 0 1 0 0 0 3000 3 12 12 10
2 26 1 1 1 0 0 399 1 10 10 12
2 27 0 1 0 0 0 3000 3 14 14 10
2 28 1 0 0 1 0 3000 1 10 10 14
2 29 0 0 0 0 1 486 2 5 5 10
2 30 0 0 0 0 1 715 2 12 12 5
3 1 0 1 0 0 0 3000 1 3 3 12
3 2 0 1 0 0 0 3000 3 10 10 3
3 3 0 1 0 0 0 3000 3 5 5 10
3 4 0 1 0 0 0 3000 3 5 5 5
3 5 0 0 0 0 1 585 3 10 10 5
3 6 1 1 1 0 0 655 1 5 5 10
3 7 0 1 0 0 0 3000 2 1 1 5
3 8 0 1 0 0 0 3000 2 13 13 1
3 9 0 1 0 0 0 3000 2 6 6 13
3 10 0 1 0 0 0 3000 2 14 14 6
3 11 0 1 0 0 0 3000 2 14 14 14
3 12 0 1 0 0 0 3000 3 7 7 14
3 13 0 1 0 0 0 3000 3 10 10 7
3 14 0 1 0 0 0 3000 3 10 10 10
3 15 0 0 0 0 1 484 3 7 7 10
3 16 1 1 1 0 0 440 1 10 10 7
3 17 0 1 0 0 0 3000 2 15 15 10
3 18 0 1 0 0 0 3000 3 2 2 15
3 19 0 1 0 0 0 3000 2 13 13 2
3 20 0 1 0 0 0 3000 2 7 7 13
3 21 1 1 1 0 0 473 1 13 13 7
3 22 0 1 0 0 0 3000 3 9 9 13
3 23 0 1 0 0 0 3000 2 7 7 9
3 24 0 1 0 0 0 3000 3 11 11 7
3 25 1 1 1 0 0 382 1 7 7 11
3 26 0 1 0 0 0 3000 3 2 2 7
3 27 0 1 0 0 0 3000 2 9 9 2
3 28 0 1 0 0 0 3000 2 12 12 9
3 29 1 1 1 0 0 308 1 9 9 12
3 30 1 1 1 0 0 384 1 12 12 9
