1 1 0 1 0 0 0 3000 2 5 5 0
1 2 0 0 0 0 1 459 3 10 10 5
1 3 0 1 0 0 0 3000 3 2 2 10
1 4 0 1 0 0 0 3000 3 7 7 2
1 5 1 1 1 0 0 1241 1 2 2 7
1 6 1 1 1 0 0 1095 1 7 7 2
1 7 0 0 0 0 1 1374 2 9 9 7
1 8 1 1 1 0 0 1217 1 7 7 9
1 9 1 1 1 0 0 881 1 9 9 7
1 10 0 0 0 0 1 952 2 3 3 9
1 11 0 0 0 0 1 1209 3 2 2 3
1 12 0 0 0 0 1 1255 3 8 8 2
1 13 1 1 1 0 0 1189 1 2 2 8
1 14 0 0 0 0 1 1183 2 14 14 2
1 15 0 0 0 0 1 1024 3 8 8 14
1 16 0 0 0 0 1 1004 2 8 8 8
1 17 0 0 0 0 1 658 2 12 12 8
1 18 0 0 0 0 1 634 2 12 12 12
1 19 0 0 0 0 1 815 3 13 13 12
1 20 0 0 0 0 1 1557 2 15 15 13
2 1 0 0 0 0 1 964 2 6 6 15
2 2 0 1 0 0 0 3000 1 8 8 6
2 3 0 1 0 0 0 3000 2 13 13 8
2 4 0 0 0 0 1 910 3 13 13 13
2 5 1 1 1 0 0 875 1 13 13 13
2 6 0 1 0 0 0 3000 2 11 11 13
2 7 0 0 0 0 1 988 3 15 15 11
2 8 0 0 0 0 1 1785 3 6 6 15
2 9 1 1 1 0 0 1365 1 15 15 6
2 10 0 1 0 0 0 3000 3 14 14 15
2 11 1 1 1 0 0 1059 1 15 15 14
2 12 0 0 0 0 1 1021 3 2 2 15
2 13 0 0 0 0 1 1252 3 13 13 2
2 14 0 0 0 0 1 1011 3 7 7 13
2 15 0 1 0 0 0 3000 3 9 9 7
2 16 0 0 0 0 1 1023 3 15 15 9
2 17 0 0 0 0 1 1034 3 7 7 15
2 18 1 1 1 0 0 952 1 15 15 7
2 19 0 1 0 0 0 3000 2 9 9 15
2 20 1 1 1 0 0 990 1 15 15 9
2 21 1 1 1 0 0 1274 1 9 9 15
2 22 0 1 0 0 0 3000 2 4 4 9
2 23 0 1 0 0 0 3000 2 6 6 4
2 24 0 0 0 0 1 750 3 9 9 6
2 25 1 1 1 0 0 902 1 6 6 9
2 26 0 0 0 0 1 1624 2 15 15 6
2 27 0 0 0 0 1 834 3 2 2 15
2 28 1 1 1 0 0 1174 1 15 15 2
2 29 0 0 0 0 1 1099 3 1 1 15
2 30 1 1 1 0 0 881 1 15 15 1
3 1 0 1 0 0 0 3000 3 8 8 15
3 2 0 1 0 0 0 3000 3 5 5 8
3 3 1 1 1 0 0 1103 1 8 8 5
3 4 0 1 0 0 0 3000 3 12 12 8
3 5 0 1 0 0 0 3000 3 15 15 12
3 6 0 1 0 0 0 3000 3 13 13 15
3 7 0 1 0 0 0 3000 3 1 1 13
3 8 1 1 1 0 0 1070 1 13 13 1
3 9 1 1 1 0 0 1445 1 1 1 13
3 10 0 1 0 0 0 3000 3 5 5 1
3 11 0 0 0 0 1 1046 2 13 13 5
3 12 0 0 0 0 1 990 3 6 6 13
3 13 1 1 1 0 0 1165 1 13 13 6
3 14 0 0 0 0 1 1517 3 1 1 13
3 15 0 1 0 0 0 3000 3 2 2 1
3 16 1 1 1 0 0 670 1 1 1 2
3 17 1 1 1 0 0 1199 1 2 2 1
3 18 1 1 1 0 0 2127 1 1 1 2
3 19 1 1 1 0 0 968 1 2 2 1
3 20 0 0 0 0 1 827 2 5 5 2
3 21 0 0 0 0 1 943 3 13 13 5
3 22 0 1 0 0 0 3000 2 4 4 13
3 23 0 0 0 0 1 711 2 7 7 4
3 24 0 1 0 0 0 3000 3 3 3 7
3 25 1 1 1 0 0 872 1 7 7 3
3 26 0 0 0 0 1 2366 2 1 1 7
3 27 0 1 0 0 0 3000 2 10 10 1
3 28 0 0 0 0 1 844 2 3 3 10
3 29 1 1 1 0 0 1081 1 10 10 3
3 30 0 0 0 0 1 1153 3 2 2 10
