1 1 0 1 0 0 0 3000 3 15 15 0
1 2 0 1 0 0 0 3000 3 10 10 15
1 3 1 1 1 0 0 664 1 15 15 10
1 4 0 1 0 0 0 3000 3 13 13 15
1 5 1 1 1 0 0 603 1 15 15 13
1 6 0 1 0 0 0 3000 3 15 15 15
1 7 0 1 0 0 0 3000 3 3 3 15
1 8 0 1 0 0 0 3000 2 13 13 3
1 9 0 1 0 0 0 3000 3 9 9 13
1 10 0 1 0 0 0 3000 3 6 6 9
1 11 0 1 0 0 0 3000 3 2 2 6
1 12 0 1 0 0 0 3000 2 7 7 2
1 13 1 1 1 0 0 445 1 2 2 7
1 14 0 1 0 0 0 3000 2 8 8 2
1 15 1 0 0 1 0 3000 1 2 2 8
1 16 0 1 0 0 0 3000 2 6 6 2
1 17 0 1 0 0 0 3000 3 10 10 6
1 18 1 1 1 0 0 396 1 6 6 10
1 19 0 1 0 0 0 3000 3 5 5 6
1 20 0 1 0 0 0 3000 3 3 3 5
2 1 0 1 0 0 0 3000 3 3 3 3
2 2 0 1 0 0 0 3000 3 10 10 3
2 3 0 1 0 0 0 3000 3 10 10 10
2 4 1 1 1 0 0 582 1 10 10 10
2 5 0 1 0 0 0 3000 2 8 8 10
2 6 0 1 0 0 0 3000 3 5 5 8
2 7 0 1 0 0 0 3000 3 15 15 5
2 8 1 1 1 0 0 476 1 5 5 15
2 9 0 1 0 0 0 3000 2 8 8 5
2 10 0 1 0 0 0 3000 2 2 2 8
2 11 0 1 0 0 0 3000 2 4 4 2
2 12 0 1 0 0 0 3000 2 1 1 4
2 13 0 1 0 0 0 3000 2 9 9 1
2 14 1 1 1 0 0 1208 1 1 1 9
2 15 1 1 1 0 0 934 1 9 9 1
2 16 0 1 0 0 0 3000 2 4 4 9
2 17 0 1 0 0 0 3000 3 12 12 4
2 18 1 1 1 0 0 682 1 4 4 12
2 19 1 1 1 0 0 853 1 12 12 4
2 20 0 1 0 0 0 3000 3 14 14 12
2 21 0 1 0 0 0 3000 3 8 8 14
2 22 0 1 0 0 0 3000 3 13 13 8
2 23 0 1 0 0 0 3000 3 6 6 13
2 24 0 1 0 0 0 3000 3 2 2 6
2 25 0 1 0 0 0 3000 3 1 1 2
2 26 0 1 0 0 0 3000 3 15 15 1
2 27 0 1 0 0 0 3000 2 12 12 15
2 28 0 1 0 0 0 3000 3 3 3 12
2 29 1 1 1 0 0 625 1 12 12 3
2 30 1 1 1 0 0 604 1 3 3 12
3 1 0 1 0 0 0 3000 2 3 3 3
3 2 0 1 0 0 0 3000 2 2 2 3
3 3 1 0 0 1 0 3000 1 3 3 2
3 4 0 1 0 0 0 3000 2 6 6 3
3 5 0 1 0 0 0 3000 3 4 4 6
3 6 0 1 0 0 0 3000 3 14 14 4
3 7 0 1 0 0 0 3000 2 8 8 14
3 8 0 1 0 0 0 3000 3 1 1 8
3 9 1 1 1 0 0 690 1 8 8 1
3 10 0 1 0 0 0 3000 2 2 2 8
3 11 0 1 0 0 0 3000 3 10 10 2
3 12 0 1 0 0 0 3000 3 3 3 10
3 13 0 1 0 0 0 3000 3 12 12 3
3 14 0 1 0 0 0 3000 3 13 13 12
3 15 0 1 0 0 0 3000 2 2 2 13
3 16 0 0 0 0 1 667 3 2 2 2
3 17 1 1 1 0 0 523 1 2 2 2
3 18 1 1 1 0 0 680 1 2 2 2
3 19 0 1 0 0 0 3000 3 15 15 2
3 20 0 1 0 0 0 3000 2 10 10 15
3 21 1 1 1 0 0 401 1 15 15 10
3 22 0 1 0 0 0 3000 3 12 12 15
3 23 1 0 0 1 0 3000 1 15 15 12
3 24 0 1 0 0 0 3000 3 1 1 15
3 25 0 1 0 0 0 3000 3 8 8 1
3 26 0 1 0 0 0 3000 2 9 9 8
3 27 0 1 0 0 0 3000 2 14 14 9
3 28 0 1 0 0 0 3000 2 2 2 14
3 29 0 1 0 0 0 3000 3 1 1 2
3 30 0 1 0 0 0 3000 3 6 6 1
