1 1 0 1 0 0 0 3000 1 13 13 0
1 2 0 0 0 0 1 777 1 11 11 13
1 3 0 1 0 0 0 3000 2 10 10 11
1 4 0 1 0 0 0 3000 3 8 8 10
1 5 0 0 0 0 1 478 3 2 2 8
1 6 0 1 0 0 0 3000 3 7 7 2
1 7 1 1 1 0 0 1339 1 2 2 7
1 8 0 1 0 0 0 3000 2 11 11 2
1 9 0 0 0 0 1 79 3 5 5 11
1 10 0 0 0 0 1 1840 3 4 4 5
1 11 1 0 0 1 0 3000 1 5 5 4
1 12 0 0 0 0 1 282 3 14 14 5
1 13 1 1 1 0 0 450 1 5 5 14
1 14 0 0 0 0 1 667 2 13 13 5
1 15 0 0 0 0 1 714 2 3 3 13
1 16 0 0 0 0 1 121 2 9 9 3
1 17 1 1 1 0 0 231 1 3 3 9
1 18 0 0 0 0 1 247 3 3 3 3
1 19 1 1 1 0 0 309 1 3 3 3
1 20 0 0 0 0 1 293 3 12 12 3
2 1 0 0 0 0 1 1326 2 6 6 12
2 2 0 0 0 0 1 262 3 6 6 6
2 3 1 1 1 0 0 262 1 6 6 6
2 4 0 0 0 0 1 309 2 14 14 6
2 5 0 0 0 0 1 2322 2 11 11 14
2 6 0 0 0 0 1 403 2 3 3 11
2 7 0 0 0 0 1 277 3 5 5 3
2 8 0 0 0 0 1 153 3 7 7 5
2 9 0 0 0 0 1 262 3 12 12 7
2 10 1 1 1 0 0 372 1 7 7 12
2 11 0 0 0 0 1 294 3 9 9 7
2 12 0 0 0 0 1 10 3 14 14 9
2 13 0 0 0 0 1 262 3 6 6 14
2 14 1 1 1 0 0 293 1 14 14 6
2 15 0 0 0 0 1 356 3 1 1 14
2 16 0 0 0 0 1 1215 2 8 8 1
2 17 0 0 0 0 1 1055 3 13 13 8
2 18 0 0 0 0 1 629 3 3 3 13
2 19 0 0 0 0 1 931 2 14 14 3
2 20 0 0 0 0 1 1058 3 11 11 14
2 21 0 0 0 0 1 1151 3 8 8 11
2 22 0 0 0 0 1 636 2 1 1 8
2 23 0 0 0 0 1 996 2 10 10 1
2 24 0 0 0 0 1 1105 3 11 11 10
2 25 0 0 0 0 1 1793 2 6 6 11
2 26 1 1 1 0 0 683 1 11 11 6
2 27 1 1 1 0 0 715 1 6 6 11
2 28 0 0 0 0 1 481 3 5 5 6
2 29 1 1 1 0 0 558 1 6 6 5
2 30 0 0 0 0 1 605 2 1 1 6
3 1 0 0 0 0 1 1249 3 5 5 1
3 2 0 0 0 0 1 512 2 7 7 5
3 3 1 1 1 0 0 1746 1 5 5 7
3 4 0 0 0 0 1 1308 3 6 6 5
3 5 0 0 0 0 1 402 3 13 13 6
3 6 0 0 0 0 1 184 3 5 5 13
3 7 0 0 0 0 1 2277 2 15 15 5
3 8 0 0 0 0 1 683 2 15 15 15
3 9 0 0 0 0 1 434 3 4 4 15
3 10 1 1 1 0 0 356 1 15 15 4
3 11 0 0 0 0 1 231 2 1 1 15
3 12 1 1 1 0 0 74 1 15 15 1
3 13 0 0 0 0 1 356 2 3 3 15
3 14 0 0 0 0 1 356 2 3 3 3
3 15 0 0 0 0 1 637 3 1 1 3
3 16 0 0 0 0 1 419 3 14 14 1
3 17 0 0 0 0 1 27 2 14 14 14
3 18 0 0 0 0 1 558 2 7 7 14
3 19 0 0 0 0 1 714 3 6 6 7
3 20 1 1 1 0 0 387 1 7 7 6
3 21 0 0 0 0 1 153 3 3 3 7
3 22 0 0 0 0 1 41 3 10 10 3
3 23 1 1 1 0 0 89 1 3 3 10
3 24 1 1 1 0 0 357 1 10 10 3
3 25 0 0 0 0 1 515 3 10 10 10
3 26 0 0 0 0 1 404 3 5 5 10
3 27 0 0 0 0 1 363 2 7 7 5
3 28 0 0 0 0 1 515 2 3 3 7
3 29 0 0 0 0 1 373 3 12 12 3
3 30 1 1 1 0 0 371 1 3 3 12
