1 1 0 1 0 0 0 3000 3 2 2 0
1 2 0 1 0 0 0 3000 1 13 13 2
1 3 0 1 0 0 0 3000 2 9 9 13
1 4 0 1 0 0 0 3000 2 6 6 9
1 5 0 1 0 0 0 3000 2 12 12 6
1 6 1 1 1 0 0 725 1 6 6 12
1 7 1 0 0 1 0 3000 1 12 12 6
1 8 0 1 0 0 0 3000 3 3 3 12
1 9 0 1 0 0 0 3000 2 10 10 3
1 10 0 1 0 0 0 3000 3 14 14 10
1 11 0 0 0 0 1 815 3 3 3 14
1 12 0 1 0 0 0 3000 3 6 6 3
1 13 1 0 0 1 0 3000 1 3 3 6
1 14 1 1 1 0 0 605 1 6 6 3
1 15 1 0 0 1 0 3000 1 3 3 6
1 16 0 1 0 0 0 3000 2 9 9 3
1 17 0 1 0 0 0 3000 3 4 4 9
1 18 1 1 1 0 0 475 1 9 9 4
1 19 1 0 0 1 0 3000 1 4 4 9
1 20 0 1 0 0 0 3000 3 15 15 4
2 1 0 1 0 0 0 3000 1 1 1 15
2 2 0 1 0 0 0 3000 3 11 11 1
2 3 1 1 1 0 0 446 1 1 1 11
2 4 0 1 0 0 0 3000 2 6 6 1
2 5 0 1 0 0 0 3000 3 3 3 6
2 6 0 1 0 0 0 3000 2 9 9 3
2 7 0 1 0 0 0 3000 3 14 14 9
2 8 0 1 0 0 0 3000 2 10 10 14
2 9 0 1 0 0 0 3000 2 8 8 10
2 10 0 1 0 0 0 3000 3 7 7 8
2 11 1 1 1 0 0 386 1 8 8 7
2 12 0 1 0 0 0 3000 3 12 12 8
2 13 1 0 0 1 0 3000 1 8 8 12
2 14 0 1 0 0 0 3000 2 3 3 8
2 15 0 0 0 0 1 622 3 12 12 3
2 16 0 1 0 0 0 3000 3 14 14 12
2 17 1 0 0 1 0 3000 1 12 12 14
2 18 0 1 0 0 0 3000 2 5 5 12
2 19 1 1 1 0 0 524 1 12 12 5
2 20 0 1 0 0 0 3000 3 3 3 12
2 21 0 1 0 0 0 3000 2 13 13 3
2 22 0 1 0 0 0 3000 2 15 15 13
2 23 0 1 0 0 0 3000 2 4 4 15
2 24 0 1 0 0 0 3000 3 8 8 4
2 25 1 1 1 0 0 487 1 4 4 8
2 26 0 1 0 0 0 3000 2 5 5 4
2 27 0 1 0 0 0 3000 2 10 10 5
2 28 1 1 1 0 0 693 1 5 5 10
2 29 0 1 0 0 0 3000 2 11 11 5
2 30 0 1 0 0 0 3000 3 7 7 11
3 1 0 1 0 0 0 3000 1 8 8 7
3 2 0 1 0 0 0 3000 3 4 4 8
3 3 0 1 0 0 0 3000 2 6 6 4
3 4 0 1 0 0 0 3000 2 5 5 6
3 5 0 1 0 0 0 3000 3 11 11 5
3 6 0 1 0 0 0 3000 2 13 13 11
3 7 0 1 0 0 0 3000 2 15 15 13
3 8 1 1 1 0 0 574 1 13 13 15
3 9 1 0 0 1 0 3000 1 15 15 13
3 10 0 1 0 0 0 3000 3 2 2 15
3 11 1 1 1 0 0 510 1 15 15 2
3 12 0 1 0 0 0 3000 3 7 7 15
3 13 0 0 0 0 1 440 2 7 7 7
3 14 0 1 0 0 0 3000 3 4 4 7
3 15 1 0 0 1 0 3000 1 7 7 4
3 16 1 1 1 0 0 534 1 4 4 7
3 17 1 0 0 1 0 3000 1 7 7 4
3 18 0 1 0 0 0 3000 2 12 12 7
3 19 0 1 0 0 0 3000 3 14 14 12
3 20 0 1 0 0 0 3000 2 1 1 14
3 21 0 1 0 0 0 3000 2 11 11 1
3 22 0 0 0 0 1 644 2 11 11 11
3 23 0 1 0 0 0 3000 2 13 13 11
3 24 0 1 0 0 0 3000 2 7 7 13
3 25 0 1 0 0 0 3000 2 11 11 7
3 26 0 1 0 0 0 3000 2 1 1 11
3 27 1 1 1 0 0 597 1 11 11 1
3 28 0 1 0 0 0 3000 2 12 12 11
3 29 0 1 0 0 0 3000 3 2 2 12
3 30 0 1 0 0 0 3000 2 3 3 2
