1 1 0 1 0 0 0 3000 1 8 8 0
1 2 0 0 0 0 1 128 2 11 11 8
1 3 1 1 1 0 0 886 1 8 8 11
1 4 0 1 0 0 0 3000 3 6 6 8
1 5 0 1 0 0 0 3000 3 9 9 6
1 6 0 0 0 0 1 589 3 11 11 9
1 7 1 1 1 0 0 1371 1 9 9 11
1 8 0 1 0 0 0 3000 3 7 7 9
1 9 0 1 0 0 0 3000 3 12 12 7
1 10 0 1 0 0 0 3000 2 2 2 12
1 11 0 0 0 0 1 795 2 9 9 2
1 12 0 1 0 0 0 3000 3 13 13 9
1 13 0 0 0 0 1 455 3 7 7 13
1 14 0 0 0 0 1 1024 3 9 9 7
1 15 0 0 0 0 1 683 3 11 11 9
1 16 0 1 0 0 0 3000 3 8 8 11
1 17 1 1 1 0 0 478 1 11 11 8
1 18 1 1 1 0 0 793 1 8 8 11
1 19 0 0 0 0 1 1118 2 12 12 8
1 20 0 0 0 0 1 957 2 12 12 12
2 1 0 0 0 0 1 2301 2 11 11 12
2 2 0 1 0 0 0 3000 1 10 10 11
2 3 1 0 0 1 0 3000 1 11 11 10
2 4 0 1 0 0 0 3000 3 6 6 11
2 5 0 1 0 0 0 3000 2 10 10 6
2 6 1 1 1 0 0 590 1 6 6 10
2 7 0 1 0 0 0 3000 2 7 7 6
2 8 0 0 0 0 1 19 2 4 4 7
2 9 1 1 1 0 0 1104 1 7 7 4
2 10 1 0 0 1 0 3000 1 4 4 7
2 11 0 0 0 0 1 833 2 10 10 4
2 12 0 1 0 0 0 3000 2 15 15 10
2 13 0 0 0 0 1 911 2 9 9 15
2 14 1 1 1 0 0 1333 1 15 15 9
2 15 1 0 0 1 0 3000 1 9 9 15
2 16 0 0 0 0 1 429 3 1 1 9
2 17 0 0 0 0 1 1450 3 8 8 1
2 18 0 0 0 0 1 1384 3 10 10 8
2 19 0 1 0 0 0 3000 2 2 2 10
2 20 0 0 0 0 1 856 2 11 11 2
2 21 1 1 1 0 0 2131 1 2 2 11
2 22 0 0 0 0 1 1652 3 4 4 2
2 23 0 0 0 0 1 2299 2 15 15 4
2 24 0 0 0 0 1 2907 2 14 14 15
2 25 1 1 1 0 0 1062 1 15 15 14
2 26 0 0 0 0 1 2876 2 8 8 15
2 27 0 0 0 0 1 989 3 10 10 8
2 28 1 1 1 0 0 763 1 8 8 10
2 29 1 1 1 0 0 915 1 10 10 8
2 30 0 0 0 0 1 1293 2 13 13 10
3 1 0 1 0 0 0 3000 3 9 9 13
3 2 0 0 0 0 1 186 1 14 14 9
3 3 1 1 1 0 0 1082 1 9 9 14
3 4 1 1 1 0 0 1067 1 14 14 9
3 5 0 0 0 0 1 909 3 10 10 14
3 6 1 1 1 0 0 722 1 14 14 10
3 7 1 1 1 0 0 901 1 10 10 14
3 8 0 0 0 0 1 806 2 10 10 10
3 9 0 1 0 0 0 3000 3 4 4 10
3 10 0 0 0 0 1 875 2 15 15 4
3 11 1 1 1 0 0 1105 1 4 4 15
3 12 1 1 1 0 0 840 1 15 15 4
3 13 0 0 0 0 1 963 3 13 13 15
3 14 0 0 0 0 1 1278 2 10 10 13
3 15 0 1 0 0 0 3000 2 1 1 10
3 16 0 0 0 0 1 844 3 13 13 1
3 17 0 0 0 0 1 914 3 11 11 13
3 18 0 1 0 0 0 3000 3 2 2 11
3 19 0 0 0 0 1 1053 3 8 8 2
3 20 1 1 1 0 0 1986 1 2 2 8
3 21 0 1 0 0 0 3000 2 14 14 2
3 22 0 1 0 0 0 3000 2 15 15 14
3 23 1 1 1 0 0 689 1 14 14 15
3 24 0 1 0 0 0 3000 2 11 11 14
3 25 0 0 0 0 1 893 2 1 1 11
3 26 1 1 1 0 0 806 1 11 11 1
3 27 1 1 1 0 0 2668 1 1 1 11
3 28 1 0 0 1 0 3000 1 11 11 1
3 29 0 0 0 0 1 991 2 10 10 11
3 30 0 1 0 0 0 3000 3 4 4 10
