1 1 0 1 0 0 0 3000 3 12 12 0
1 2 0 1 0 0 0 3000 3 1 1 12
1 3 1 0 0 1 0 3000 1 12 12 1
1 4 1 0 0 1 0 3000 1 1 1 12
1 5 0 1 0 0 0 3000 2 2 2 1
1 6 0 1 0 0 0 3000 3 8 8 2
1 7 0 1 0 0 0 3000 3 4 4 8
1 8 1 0 0 1 0 3000 1 8 8 4
1 9 0 1 0 0 0 3000 3 8 8 8
1 10 0 1 0 0 0 3000 2 1 1 8
1 11 0 1 0 0 0 3000 2 15 15 1
1 12 1 0 0 1 0 3000 1 1 1 15
1 13 0 1 0 0 0 3000 3 3 3 1
1 14 0 1 0 0 0 3000 3 10 10 3
1 15 1 0 0 1 0 3000 1 3 3 10
1 16 0 1 0 0 0 3000 3 1 1 3
1 17 1 0 0 1 0 3000 1 3 3 1
1 18 1 0 0 1 0 3000 1 1 1 3
1 19 0 1 0 0 0 3000 2 8 8 1
1 20 1 0 0 1 0 3000 1 1 1 8
2 1 0 1 0 0 0 3000 2 12 12 1
2 2 0 1 0 0 0 3000 2 13 13 12
2 3 0 1 0 0 0 3000 3 4 4 13
2 4 0 1 0 0 0 3000 2 3 3 4
2 5 1 0 0 1 0 3000 1 4 4 3
2 6 0 1 0 0 0 3000 3 15 15 4
2 7 1 0 0 1 0 3000 1 4 4 15
2 8 0 1 0 0 0 3000 2 13 13 4
2 9 1 0 0 1 0 3000 1 4 4 13
2 10 1 0 0 1 0 3000 1 13 13 4
2 11 1 0 0 1 0 3000 1 4 4 13
2 12 0 1 0 0 0 3000 3 9 9 4
2 13 0 1 0 0 0 3000 2 5 5 9
2 14 1 0 0 1 0 3000 1 9 9 5
2 15 1 0 0 1 0 3000 1 5 5 9
2 16 0 1 0 0 0 3000 2 7 7 5
2 17 1 0 0 1 0 3000 1 5 5 7
2 18 0 1 0 0 0 3000 3 11 11 5
2 19 0 1 0 0 0 3000 3 13 13 11
2 20 0 1 0 0 0 3000 3 14 14 13
2 21 0 1 0 0 0 3000 2 15 15 14
2 22 1 0 0 1 0 3000 1 14 14 15
2 23 1 0 0 1 0 3000 1 15 15 14
2 24 0 1 0 0 0 3000 3 2 2 15
2 25 0 1 0 0 0 3000 2 6 6 2
2 26 0 1 0 0 0 3000 2 14 14 6
2 27 0 1 0 0 0 3000 2 15 15 14
2 28 0 1 0 0 0 3000 3 7 7 15
2 29 0 1 0 0 0 3000 2 11 11 7
2 30 0 1 0 0 0 3000 3 6 6 11
3 1 0 1 0 0 0 3000 1 15 15 6
3 2 0 1 0 0 0 3000 1 1 1 15
3 3 1 0 0 1 0 3000 1 15 15 1
3 4 0 1 0 0 0 3000 2 8 8 15
3 5 0 1 0 0 0 3000 3 7 7 8
3 6 1 0 0 1 0 3000 1 8 8 7
3 7 0 1 0 0 0 3000 3 3 3 8
3 8 0 1 0 0 0 3000 3 12 12 3
3 9 0 1 0 0 0 3000 2 15 15 12
3 10 0 1 0 0 0 3000 2 15 15 15
3 11 0 1 0 0 0 3000 3 13 13 15
3 12 0 1 0 0 0 3000 2 11 11 13
3 13 1 0 0 1 0 3000 1 13 13 11
3 14 0 1 0 0 0 3000 2 4 4 13
3 15 0 1 0 0 0 3000 3 2 2 4
3 16 0 1 0 0 0 3000 3 8 8 2
3 17 0 1 0 0 0 3000 3 11 11 8
3 18 1 0 0 1 0 3000 1 8 8 11
3 19 1 0 0 1 0 3000 1 11 11 8
3 20 0 1 0 0 0 3000 3 14 14 11
3 21 0 1 0 0 0 3000 2 2 2 14
3 22 0 0 0 0 1 973 2 10 10 2
3 23 0 1 0 0 0 3000 3 3 3 10
3 24 1 1 1 0 0 1100 1 10 10 3
3 25 1 0 0 1 0 3000 1 3 3 10
3 26 0 1 0 0 0 3000 3 5 5 3
3 27 1 0 0 1 0 3000 1 3 3 5
3 28 1 0 0 1 0 3000 1 5 5 3
3 29 1 0 0 1 0 3000 1 3 3 5
3 30 1 0 0 1 0 3000 1 5 5 3
