1 1 0 0 0 0 1 1976 1 2 2 0
1 2 0 0 0 0 1 1343 2 2 2 2
1 3 0 1 0 0 0 3000 2 14 14 2
1 4 0 1 0 0 0 3000 2 13 13 14
1 5 0 1 0 0 0 3000 2 12 12 13
1 6 0 1 0 0 0 3000 3 15 15 12
1 7 0 1 0 0 0 3000 3 1 1 15
1 8 0 0 0 0 1 2662 3 12 12 1
1 9 1 1 1 0 0 812 1 1 1 12
1 10 0 1 0 0 0 3000 3 8 8 1
1 11 0 1 0 0 0 3000 2 11 11 8
1 12 1 0 0 1 0 3000 1 8 8 11
1 13 1 1 1 0 0 473 1 11 11 8
1 14 0 1 0 0 0 3000 2 2 2 11
1 15 1 1 1 0 0 638 1 11 11 2
1 16 0 1 0 0 0 3000 3 14 14 11
1 17 0 1 0 0 0 3000 3 4 4 14
1 18 0 1 0 0 0 3000 2 5 5 4
1 19 0 1 0 0 0 3000 3 7 7 5
1 20 0 1 0 0 0 3000 2 1 1 7
2 1 0 1 0 0 0 3000 2 15 15 1
2 2 0 1 0 0 0 3000 2 3 3 15
2 3 0 1 0 0 0 3000 3 12 12 3
2 4 1 1 1 0 0 1192 1 3 3 12
2 5 1 1 1 0 0 516 1 12 12 3
2 6 0 1 0 0 0 3000 3 1 1 12
2 7 1 1 1 0 0 592 1 12 12 1
2 8 1 1 1 0 0 378 1 1 1 12
2 9 0 1 0 0 0 3000 2 14 14 1
2 10 1 1 1 0 0 2522 1 1 1 14
2 11 1 0 0 1 0 3000 1 14 14 1
2 12 1 1 1 0 0 656 1 1 1 14
2 13 1 1 1 0 0 924 1 14 14 1
2 14 1 1 1 0 0 668 1 1 1 14
2 15 1 1 1 0 0 1235 1 14 14 1
2 16 0 1 0 0 0 3000 3 12 12 14
2 17 0 1 0 0 0 3000 3 7 7 12
2 18 0 1 0 0 0 3000 2 2 2 7
2 19 0 1 0 0 0 3000 2 6 6 2
2 20 0 0 0 0 1 832 2 6 6 6
2 21 0 1 0 0 0 3000 3 3 3 6
2 22 0 1 0 0 0 3000 2 9 9 3
2 23 1 0 0 1 0 3000 1 3 3 9
2 24 0 0 0 0 1 622 2 3 3 3
2 25 0 0 0 0 1 755 2 12 12 3
2 26 0 0 0 0 1 1001 2 12 12 12
2 27 0 1 0 0 0 3000 2 9 9 12
2 28 1 1 1 0 0 1059 1 12 12 9
2 29 0 1 0 0 0 3000 2 7 7 12
2 30 0 1 0 0 0 3000 3 15 15 7
3 1 0 1 0 0 0 3000 3 15 15 15
3 2 0 1 0 0 0 3000 1 8 8 15
3 3 0 1 0 0 0 3000 3 6 6 8
3 4 0 1 0 0 0 3000 2 5 5 6
3 5 1 1 1 0 0 727 1 6 6 5
3 6 0 1 0 0 0 3000 2 13 13 6
3 7 0 1 0 0 0 3000 2 9 9 13
3 8 0 1 0 0 0 3000 3 1 1 9
3 9 0 1 0 0 0 3000 2 12 12 1
3 10 0 0 0 0 1 2086 3 9 9 12
3 11 0 1 0 0 0 3000 2 7 7 9
3 12 0 1 0 0 0 3000 3 4 4 7
3 13 0 1 0 0 0 3000 3 3 3 4
3 14 0 1 0 0 0 3000 2 3 3 3
3 15 0 1 0 0 0 3000 3 8 8 3
3 16 1 1 1 0 0 774 1 3 3 8
3 17 0 1 0 0 0 3000 3 6 6 3
3 18 0 1 0 0 0 3000 3 11 11 6
3 19 0 0 0 0 1 1667 2 3 3 11
3 20 1 0 0 1 0 3000 1 11 11 3
3 21 0 1 0 0 0 3000 3 6 6 11
3 22 0 1 0 0 0 3000 3 6 6 6
3 23 0 1 0 0 0 3000 3 11 11 6
3 24 0 1 0 0 0 3000 2 4 4 11
3 25 0 0 0 0 1 911 2 6 6 4
3 26 1 1 1 0 0 1044 1 4 4 6
3 27 1 1 1 0 0 1673 1 6 6 4
3 28 0 1 0 0 0 3000 2 5 5 6
3 29 1 1 1 0 0 1091 1 6 6 5
3 30 0 1 0 0 0 3000 3 10 10 6
