1 1 0 1 0 0 0 3000 1 1 1 0
1 2 0 1 0 0 0 3000 3 1 1 1
1 3 0 1 0 0 0 3000 3 4 4 1
1 4 0 1 0 0 0 3000 2 11 11 4
1 5 0 1 0 0 0 3000 2 5 5 11
1 6 0 1 0 0 0 3000 3 6 6 5
1 7 1 0 0 1 0 3000 1 5 5 6
1 8 1 0 0 1 0 3000 1 6 6 5
1 9 0 1 0 0 0 3000 3 6 6 6
1 10 0 1 0 0 0 3000 3 8 8 6
1 11 0 1 0 0 0 3000 3 9 9 8
1 12 0 1 0 0 0 3000 2 15 15 9
1 13 0 1 0 0 0 3000 3 6 6 15
1 14 0 1 0 0 0 3000 3 12 12 6
1 15 0 1 0 0 0 3000 3 8 8 12
1 16 0 1 0 0 0 3000 2 3 3 8
1 17 0 1 0 0 0 3000 3 3 3 3
1 18 1 0 0 1 0 3000 1 3 3 3
1 19 1 0 0 1 0 3000 1 3 3 3
1 20 0 1 0 0 0 3000 3 7 7 3
2 1 0 1 0 0 0 3000 2 11 11 7
2 2 0 1 0 0 0 3000 2 13 13 11
2 3 0 1 0 0 0 3000 2 12 12 13
2 4 1 0 0 1 0 3000 1 13 13 12
2 5 0 1 0 0 0 3000 2 10 10 13
2 6 0 1 0 0 0 3000 2 1 1 10
2 7 0 1 0 0 0 3000 3 12 12 1
2 8 1 0 0 1 0 3000 1 1 1 12
2 9 0 1 0 0 0 3000 2 2 2 1
2 10 0 1 0 0 0 3000 2 15 15 2
2 11 1 0 0 1 0 3000 1 2 2 15
2 12 0 1 0 0 0 3000 3 14 14 2
2 13 0 1 0 0 0 3000 2 5 5 14
2 14 1 0 0 1 0 3000 1 14 14 5
2 15 0 1 0 0 0 3000 2 7 7 14
2 16 1 0 0 1 0 3000 1 14 14 7
2 17 0 1 0 0 0 3000 2 12 12 14
2 18 1 0 0 1 0 3000 1 14 14 12
2 19 0 1 0 0 0 3000 3 13 13 14
2 20 0 1 0 0 0 3000 2 13 13 13
2 21 0 1 0 0 0 3000 3 5 5 13
2 22 0 1 0 0 0 3000 2 4 4 5
2 23 0 1 0 0 0 3000 2 7 7 4
2 24 1 0 0 1 0 3000 1 4 4 7
2 25 1 0 0 1 0 3000 1 7 7 4
2 26 1 0 0 1 0 3000 1 4 4 7
2 27 1 0 0 1 0 3000 1 7 7 4
2 28 0 1 0 0 0 3000 3 15 15 7
2 29 0 1 0 0 0 3000 3 12 12 15
2 30 1 0 0 1 0 3000 1 15 15 12
3 1 0 1 0 0 0 3000 1 4 4 15
3 2 0 1 0 0 0 3000 2 5 5 4
3 3 1 0 0 1 0 3000 1 4 4 5
3 4 0 1 0 0 0 3000 2 12 12 4
3 5 0 1 0 0 0 3000 3 15 15 12
3 6 0 1 0 0 0 3000 2 13 13 15
3 7 1 0 0 1 0 3000 1 15 15 13
3 8 0 1 0 0 0 3000 3 12 12 15
3 9 0 1 0 0 0 3000 3 4 4 12
3 10 0 1 0 0 0 3000 2 2 2 4
3 11 0 1 0 0 0 3000 2 5 5 2
3 12 1 0 0 1 0 3000 1 2 2 5
3 13 1 0 0 1 0 3000 1 5 5 2
3 14 1 0 0 1 0 3000 1 2 2 5
3 15 1 0 0 1 0 3000 1 5 5 2
3 16 0 1 0 0 0 3000 3 5 5 5
3 17 1 0 0 1 0 3000 1 5 5 5
3 18 0 1 0 0 0 3000 2 6 6 5
3 19 1 0 0 1 0 3000 1 5 5 6
3 20 0 1 0 0 0 3000 3 3 3 5
3 21 1 0 0 1 0 3000 1 5 5 3
3 22 1 0 0 1 0 3000 1 3 3 5
3 23 1 0 0 1 0 3000 1 5 5 3
3 24 1 0 0 1 0 3000 1 3 3 5
3 25 0 1 0 0 0 3000 3 9 9 3
3 26 0 1 0 0 0 3000 2 15 15 9
3 27 0 1 0 0 0 3000 3 3 3 15
3 28 1 0 0 1 0 3000 1 15 15 3
3 29 1 0 0 1 0 3000 1 3 3 15
3 30 0 1 0 0 0 3000 3 6 6 3
