1 1 0 1 0 0 0 3000 2 13 13 0
1 2 0 1 0 0 0 3000 2 11 11 13
1 3 0 1 0 0 0 3000 3 1 1 11
1 4 0 0 0 0 1 1122 3 10 10 1
1 5 0 1 0 0 0 3000 3 4 4 10
1 6 0 1 0 0 0 3000 2 11 11 4
1 7 1 1 1 0 0 571 1 4 4 11
1 8 0 1 0 0 0 3000 2 5 5 4
1 9 1 1 1 0 0 566 1 4 4 5
1 10 0 1 0 0 0 3000 2 10 10 4
1 11 1 1 1 0 0 375 1 4 4 10
1 12 0 1 0 0 0 3000 3 3 3 4
1 13 0 1 0 0 0 3000 3 14 14 3
1 14 0 1 0 0 0 3000 3 6 6 14
1 15 1 1 1 0 0 627 1 14 14 6
1 16 0 1 0 0 0 3000 2 5 5 14
1 17 0 1 0 0 0 3000 2 2 2 5
1 18 0 1 0 0 0 3000 3 7 7 2
1 19 0 1 0 0 0 3000 2 10 10 7
1 20 1 1 1 0 0 349 1 7 7 10
2 1 0 1 0 0 0 3000 2 4 4 7
2 2 0 1 0 0 0 3000 3 15 15 4
2 3 1 1 1 0 0 558 1 4 4 15
2 4 0 1 0 0 0 3000 2 8 8 4
2 5 1 1 1 0 0 424 1 4 4 8
2 6 0 1 0 0 0 3000 3 1 1 4
2 7 1 1 1 0 0 818 1 4 4 1
2 8 0 1 0 0 0 3000 2 12 12 4
2 9 0 1 0 0 0 3000 2 15 15 12
2 10 0 1 0 0 0 3000 2 3 3 15
2 11 0 1 0 0 0 3000 3 8 8 3
2 12 0 1 0 0 0 3000 3 8 8 8
2 13 0 1 0 0 0 3000 3 5 5 8
2 14 0 1 0 0 0 3000 2 1 1 5
2 15 0 1 0 0 0 3000 3 11 11 1
2 16 1 1 1 0 0 1282 1 1 1 11
2 17 1 1 1 0 0 935 1 11 11 1
2 18 0 1 0 0 0 3000 2 15 15 11
2 19 0 1 0 0 0 3000 3 9 9 15
2 20 1 1 1 0 0 369 1 15 15 9
2 21 0 1 0 0 0 3000 3 13 13 15
2 22 0 1 0 0 0 3000 2 9 9 13
2 23 1 1 1 0 0 495 1 13 13 9
2 24 1 1 1 0 0 1120 1 9 9 13
2 25 0 1 0 0 0 3000 3 14 14 9
2 26 1 1 1 0 0 418 1 9 9 14
2 27 0 1 0 0 0 3000 3 11 11 9
2 28 0 1 0 0 0 3000 3 8 8 11
2 29 1 1 1 0 0 366 1 11 11 8
2 30 0 0 0 0 1 682 2 13 13 11
3 1 0 1 0 0 0 3000 1 5 5 13
3 2 0 1 0 0 0 3000 1 9 9 5
3 3 1 1 1 0 0 420 1 5 5 9
3 4 0 1 0 0 0 3000 3 11 11 5
3 5 0 1 0 0 0 3000 3 12 12 11
3 6 0 1 0 0 0 3000 3 12 12 12
3 7 1 1 1 0 0 369 1 12 12 12
3 8 0 1 0 0 0 3000 2 14 14 12
3 9 1 1 1 0 0 493 1 12 12 14
3 10 0 1 0 0 0 3000 2 4 4 12
3 11 0 0 0 0 1 584 2 14 14 4
3 12 0 1 0 0 0 3000 3 10 10 14
3 13 1 1 1 0 0 417 1 14 14 10
3 14 0 1 0 0 0 3000 3 7 7 14
3 15 0 1 0 0 0 3000 2 12 12 7
3 16 1 1 1 0 0 388 1 7 7 12
3 17 1 1 1 0 0 1071 1 12 12 7
3 18 1 1 1 0 0 744 1 7 7 12
3 19 0 1 0 0 0 3000 2 8 8 7
3 20 1 1 1 0 0 378 1 7 7 8
3 21 0 0 0 0 1 771 3 7 7 7
3 22 0 1 0 0 0 3000 3 4 4 7
3 23 1 1 1 0 0 342 1 7 7 4
3 24 1 1 1 0 0 767 1 4 4 7
3 25 0 0 0 0 1 677 3 8 8 4
3 26 1 1 1 0 0 742 1 4 4 8
3 27 0 1 0 0 0 3000 2 15 15 4
3 28 1 1 1 0 0 640 1 4 4 15
3 29 0 1 0 0 0 3000 2 14 14 4
3 30 0 1 0 0 0 3000 3 7 7 14
