1 1 0 1 0 0 0 3000 2 7 7 0
1 2 0 1 0 0 0 3000 2 14 14 7
1 3 1 0 0 1 0 3000 1 7 7 14
1 4 1 0 0 1 0 3000 1 14 14 7
1 5 0 1 0 0 0 3000 3 9 9 14
1 6 1 0 0 1 0 3000 1 14 14 9
1 7 0 1 0 0 0 3000 3 5 5 14
1 8 1 0 0 1 0 3000 1 14 14 5
1 9 1 1 1 0 0 258 1 5 5 14
1 10 0 1 0 0 0 3000 3 6 6 5
1 11 0 1 0 0 0 3000 3 3 3 6
1 12 0 1 0 0 0 3000 2 7 7 3
1 13 0 0 0 0 1 695 2 4 4 7
1 14 1 0 0 1 0 3000 1 7 7 4
1 15 1 1 1 0 0 417 1 4 4 7
1 16 1 0 0 1 0 3000 1 7 7 4
1 17 1 1 1 0 0 426 1 4 4 7
1 18 0 1 0 0 0 3000 2 11 11 4
1 19 1 1 1 0 0 449 1 4 4 11
1 20 0 1 0 0 0 3000 3 6 6 4
2 1 0 1 0 0 0 3000 1 13 13 6
2 2 0 1 0 0 0 3000 1 5 5 13
2 3 1 1 1 0 0 385 1 13 13 5
2 4 1 0 0 1 0 3000 1 5 5 13
2 5 0 1 0 0 0 3000 2 8 8 5
2 6 0 1 0 0 0 3000 3 3 3 8
2 7 1 1 1 0 0 405 1 8 8 3
2 8 0 1 0 0 0 3000 3 10 10 8
2 9 0 1 0 0 0 3000 3 10 10 10
2 10 0 1 0 0 0 3000 3 5 5 10
2 11 0 1 0 0 0 3000 3 14 14 5
2 12 0 1 0 0 0 3000 3 7 7 14
2 13 0 1 0 0 0 3000 3 10 10 7
2 14 1 1 1 0 0 1206 1 7 7 10
2 15 1 0 0 1 0 3000 1 10 10 7
2 16 1 1 1 0 0 924 1 7 7 10
2 17 0 1 0 0 0 3000 2 13 13 7
2 18 1 1 1 0 0 365 1 7 7 13
2 19 0 1 0 0 0 3000 2 1 1 7
2 20 0 1 0 0 0 3000 2 8 8 1
2 21 0 1 0 0 0 3000 2 12 12 8
2 22 0 1 0 0 0 3000 3 14 14 12
2 23 1 1 1 0 0 464 1 12 12 14
2 24 0 1 0 0 0 3000 2 11 11 12
2 25 1 0 0 1 0 3000 1 12 12 11
2 26 1 1 1 0 0 434 1 11 11 12
2 27 1 0 0 1 0 3000 1 12 12 11
2 28 0 1 0 0 0 3000 2 9 9 12
2 29 0 1 0 0 0 3000 3 2 2 9
2 30 0 1 0 0 0 3000 3 4 4 2
3 1 0 1 0 0 0 3000 2 10 10 4
3 2 0 1 0 0 0 3000 3 11 11 10
3 3 0 1 0 0 0 3000 2 6 6 11
3 4 0 1 0 0 0 3000 2 13 13 6
3 5 1 1 1 0 0 436 1 6 6 13
3 6 0 1 0 0 0 3000 3 6 6 6
3 7 0 1 0 0 0 3000 3 8 8 6
3 8 0 1 0 0 0 3000 2 12 12 8
3 9 0 1 0 0 0 3000 3 2 2 12
3 10 1 1 1 0 0 601 1 12 12 2
3 11 1 0 0 1 0 3000 1 2 2 12
3 12 1 1 1 0 0 567 1 12 12 2
3 13 0 1 0 0 0 3000 2 3 3 12
3 14 0 1 0 0 0 3000 3 4 4 3
3 15 0 1 0 0 0 3000 3 11 11 4
3 16 0 1 0 0 0 3000 2 12 12 11
3 17 1 1 1 0 0 473 1 11 11 12
3 18 0 1 0 0 0 3000 3 2 2 11
3 19 1 0 0 1 0 3000 1 11 11 2
3 20 1 1 1 0 0 377 1 2 2 11
3 21 0 1 0 0 0 3000 2 6 6 2
3 22 0 1 0 0 0 3000 2 10 10 6
3 23 0 1 0 0 0 3000 3 1 1 10
3 24 1 1 1 0 0 731 1 10 10 1
3 25 0 1 0 0 0 3000 2 13 13 10
3 26 0 0 0 0 1 569 2 1 1 13
3 27 1 0 0 1 0 3000 1 13 13 1
3 28 0 1 0 0 0 3000 3 3 3 13
3 29 1 1 1 0 0 471 1 13 13 3
3 30 0 1 0 0 0 3000 2 14 14 13
