1 1 0 1 0 0 0 3000 1 10 10 0
1 2 0 1 0 0 0 3000 2 10 10 10
1 3 1 1 1 0 0 400 1 10 10 10
1 4 0 1 0 0 0 3000 3 7 7 10
1 5 1 1 1 0 0 531 1 10 10 7
1 6 1 1 1 0 0 586 1 7 7 10
1 7 0 1 0 0 0 3000 3 1 1 7
1 8 0 1 0 0 0 3000 3 12 12 1
1 9 0 1 0 0 0 3000 2 15 15 12
1 10 0 1 0 0 0 3000 3 8 8 15
1 11 0 1 0 0 0 3000 3 11 11 8
1 12 0 1 0 0 0 3000 3 12 12 11
1 13 1 1 1 0 0 519 1 11 11 12
1 14 0 1 0 0 0 3000 2 10 10 11
1 15 1 1 1 0 0 357 1 11 11 10
1 16 1 1 1 0 0 672 1 10 10 11
1 17 0 1 0 0 0 3000 2 4 4 10
1 18 0 1 0 0 0 3000 2 4 4 4
1 19 1 1 1 0 0 439 1 4 4 4
1 20 1 1 1 0 0 500 1 4 4 4
2 1 0 1 0 0 0 3000 1 15 15 4
2 2 0 1 0 0 0 3000 2 11 11 15
2 3 0 1 0 0 0 3000 3 6 6 11
2 4 1 1 1 0 0 479 1 11 11 6
2 5 0 1 0 0 0 3000 2 2 2 11
2 6 0 1 0 0 0 3000 3 15 15 2
2 7 1 1 1 0 0 430 1 2 2 15
2 8 0 1 0 0 0 3000 2 4 4 2
2 9 1 1 1 0 0 494 1 2 2 4
2 10 0 1 0 0 0 3000 3 11 11 2
2 11 0 1 0 0 0 3000 3 10 10 11
2 12 0 1 0 0 0 3000 2 2 2 10
2 13 0 1 0 0 0 3000 3 7 7 2
2 14 0 1 0 0 0 3000 3 10 10 7
2 15 0 1 0 0 0 3000 3 11 11 10
2 16 1 1 1 0 0 480 1 10 10 11
2 17 0 1 0 0 0 3000 2 7 7 10
2 18 0 1 0 0 0 3000 3 13 13 7
2 19 0 1 0 0 0 3000 2 14 14 13
2 20 0 1 0 0 0 3000 3 14 14 14
2 21 0 1 0 0 0 3000 3 9 9 14
2 22 1 1 1 0 0 370 1 14 14 9
2 23 1 1 1 0 0 405 1 9 9 14
2 24 0 1 0 0 0 3000 3 1 1 9
2 25 1 1 1 0 0 431 1 9 9 1
2 26 0 1 0 0 0 3000 3 14 14 9
2 27 0 1 0 0 0 3000 2 6 6 14
2 28 0 1 0 0 0 3000 3 7 7 6
2 29 0 1 0 0 0 3000 3 2 2 7
2 30 0 1 0 0 0 3000 3 9 9 2
3 1 0 1 0 0 0 3000 1 3 3 9
3 2 0 1 0 0 0 3000 1 6 6 3
3 3 0 1 0 0 0 3000 2 13 13 6
3 4 0 1 0 0 0 3000 2 14 14 13
3 5 0 1 0 0 0 3000 2 3 3 14
3 6 1 1 1 0 0 406 1 14 14 3
3 7 1 1 1 0 0 514 1 3 3 14
3 8 0 1 0 0 0 3000 2 1 1 3
3 9 1 1 1 0 0 426 1 3 3 1
3 10 0 1 0 0 0 3000 3 5 5 3
3 11 0 1 0 0 0 3000 3 1 1 5
3 12 0 1 0 0 0 3000 2 3 3 1
3 13 0 1 0 0 0 3000 2 8 8 3
3 14 1 1 1 0 0 546 1 3 3 8
3 15 0 1 0 0 0 3000 3 3 3 3
3 16 1 1 1 0 0 497 1 3 3 3
3 17 0 1 0 0 0 3000 3 15 15 3
3 18 0 1 0 0 0 3000 3 14 14 15
3 19 1 1 1 0 0 384 1 15 15 14
3 20 0 1 0 0 0 3000 3 12 12 15
3 21 0 1 0 0 0 3000 2 10 10 12
3 22 1 1 1 0 0 369 1 12 12 10
3 23 0 1 0 0 0 3000 2 11 11 12
3 24 1 1 1 0 0 540 1 12 12 11
3 25 0 1 0 0 0 3000 2 5 5 12
3 26 1 1 1 0 0 414 1 12 12 5
3 27 1 1 1 0 0 548 1 5 5 12
3 28 0 1 0 0 0 3000 2 6 6 5
3 29 0 1 0 0 0 3000 2 14 14 6
3 30 0 1 0 0 0 3000 3 8 8 14
