1 1 0 0 0 0 1 2507 1 10 10 0
1 2 0 0 0 0 1 1143 1 3 3 10
1 3 1 1 1 0 0 614 1 10 10 3
1 4 0 1 0 0 0 3000 3 9 9 10
1 5 1 1 1 0 0 576 1 10 10 9
1 6 0 0 0 0 1 627 2 6 6 10
1 7 0 0 0 0 1 580 2 15 15 6
1 8 0 1 0 0 0 3000 2 4 4 15
1 9 0 1 0 0 0 3000 3 2 2 4
1 10 0 1 0 0 0 3000 2 11 11 2
1 11 0 0 0 0 1 725 2 6 6 11
1 12 0 0 0 0 1 673 3 9 9 6
1 13 0 0 0 0 1 897 3 5 5 9
1 14 1 1 1 0 0 632 1 9 9 5
1 15 1 1 1 0 0 645 1 5 5 9
1 16 0 0 0 0 1 512 2 2 2 5
1 17 0 0 0 0 1 612 2 1 1 2
1 18 0 1 0 0 0 3000 2 13 13 1
1 19 1 0 0 1 0 3000 1 1 1 13
1 20 0 0 0 0 1 1024 3 11 11 1
2 1 0 0 0 0 1 1129 3 5 5 11
2 2 0 1 0 0 0 3000 3 7 7 5
2 3 1 1 1 0 0 487 1 5 5 7
2 4 1 1 1 0 0 2012 1 7 7 5
2 5 0 1 0 0 0 3000 3 10 10 7
2 6 0 0 0 0 1 410 2 8 8 10
2 7 0 1 0 0 0 3000 2 9 9 8
2 8 0 0 0 0 1 381 2 10 10 9
2 9 1 1 1 0 0 456 1 9 9 10
2 10 0 0 0 0 1 727 3 7 7 9
2 11 0 1 0 0 0 3000 3 12 12 7
2 12 1 0 0 1 0 3000 1 7 7 12
2 13 1 1 1 0 0 391 1 12 12 7
2 14 1 0 0 1 0 3000 1 7 7 12
2 15 0 0 0 0 1 130 2 10 10 7
2 16 1 1 1 0 0 396 1 7 7 10
2 17 0 1 0 0 0 3000 3 11 11 7
2 18 0 0 0 0 1 784 2 11 11 11
2 19 0 0 0 0 1 361 3 8 8 11
2 20 1 1 1 0 0 479 1 11 11 8
2 21 0 1 0 0 0 3000 2 13 13 11
2 22 0 1 0 0 0 3000 2 3 3 13
2 23 0 1 0 0 0 3000 2 1 1 3
2 24 0 1 0 0 0 3000 3 11 11 1
2 25 0 1 0 0 0 3000 3 5 5 11
2 26 0 0 0 0 1 393 3 12 12 5
2 27 1 1 1 0 0 608 1 5 5 12
2 28 0 1 0 0 0 3000 2 4 4 5
2 29 1 0 0 1 0 3000 1 5 5 4
2 30 1 1 1 0 0 596 1 4 4 5
3 1 0 1 0 0 0 3000 1 8 8 4
3 2 0 1 0 0 0 3000 1 13 13 8
3 3 0 1 0 0 0 3000 3 12 12 13
3 4 0 1 0 0 0 3000 2 14 14 12
3 5 0 1 0 0 0 3000 2 4 4 14
3 6 0 0 0 0 1 938 3 5 5 4
3 7 0 0 0 0 1 1363 3 1 1 5
3 8 0 0 0 0 1 576 2 2 2 1
3 9 1 1 1 0 0 381 1 1 1 2
3 10 1 1 1 0 0 539 1 2 2 1
3 11 0 0 0 0 1 423 2 2 2 2
3 12 0 1 0 0 0 3000 2 11 11 2
3 13 1 1 1 0 0 588 1 2 2 11
3 14 1 1 1 0 0 597 1 11 11 2
3 15 0 0 0 0 1 526 3 11 11 11
3 16 0 1 0 0 0 3000 3 3 3 11
3 17 0 0 0 0 1 863 3 3 3 3
3 18 1 1 1 0 0 501 1 3 3 3
3 19 1 1 1 0 0 916 1 3 3 3
3 20 1 1 1 0 0 437 1 3 3 3
3 21 0 0 0 0 1 566 2 8 8 3
3 22 0 0 0 0 1 628 2 6 6 8
3 23 1 1 1 0 0 594 1 8 8 6
3 24 1 0 0 1 0 3000 1 6 6 8
3 25 0 0 0 0 1 378 3 6 6 6
3 26 0 0 0 0 1 473 2 3 3 6
3 27 0 0 0 0 1 404 3 9 9 3
3 28 0 0 0 0 1 520 3 5 5 9
3 29 0 0 0 0 1 372 3 10 10 5
3 30 1 1 1 0 0 559 1 5 5 10
