1 1 0 1 0 0 0 3000 2 4 4 0
1 2 0 1 0 0 0 3000 3 3 3 4
1 3 0 0 0 0 1 1146 3 10 10 3
1 4 1 1 1 0 0 1053 1 3 3 10
1 5 0 1 0 0 0 3000 3 4 4 3
1 6 1 1 1 0 0 398 1 3 3 4
1 7 0 1 0 0 0 3000 3 12 12 3
1 8 0 0 0 0 1 579 3 10 10 12
1 9 0 1 0 0 0 3000 3 2 2 10
1 10 1 0 0 1 0 3000 1 10 10 2
1 11 1 0 0 1 0 3000 1 2 2 10
1 12 0 1 0 0 0 3000 3 1 1 2
1 13 0 1 0 0 0 3000 3 4 4 1
1 14 0 1 0 0 0 3000 3 2 2 4
1 15 1 0 0 1 0 3000 1 4 4 2
1 16 0 1 0 0 0 3000 3 11 11 4
1 17 0 1 0 0 0 3000 3 13 13 11
1 18 0 1 0 0 0 3000 3 8 8 13
1 19 0 1 0 0 0 3000 3 1 1 8
1 20 0 1 0 0 0 3000 3 1 1 1
2 1 0 1 0 0 0 3000 1 12 12 1
2 2 0 1 0 0 0 3000 3 4 4 12
2 3 0 1 0 0 0 3000 3 13 13 4
2 4 0 1 0 0 0 3000 3 6 6 13
2 5 0 1 0 0 0 3000 3 14 14 6
2 6 0 1 0 0 0 3000 2 14 14 14
2 7 0 0 0 0 1 580 2 1 1 14
2 8 0 1 0 0 0 3000 2 9 9 1
2 9 0 0 0 0 1 509 3 3 3 9
2 10 0 0 0 0 1 634 2 12 12 3
2 11 0 1 0 0 0 3000 2 1 1 12
2 12 0 1 0 0 0 3000 2 10 10 1
2 13 0 1 0 0 0 3000 2 11 11 10
2 14 0 1 0 0 0 3000 2 7 7 11
2 15 1 1 1 0 0 370 1 11 11 7
2 16 0 1 0 0 0 3000 2 6 6 11
2 17 0 1 0 0 0 3000 3 4 4 6
2 18 0 1 0 0 0 3000 2 11 11 4
2 19 0 1 0 0 0 3000 2 5 5 11
2 20 1 1 1 0 0 345 1 11 11 5
2 21 0 1 0 0 0 3000 2 12 12 11
2 22 0 1 0 0 0 3000 3 6 6 12
2 23 0 1 0 0 0 3000 3 4 4 6
2 24 1 1 1 0 0 330 1 6 6 4
2 25 0 1 0 0 0 3000 2 5 5 6
2 26 1 1 1 0 0 470 1 6 6 5
2 27 1 1 1 0 0 446 1 5 5 6
2 28 1 1 1 0 0 421 1 6 6 5
2 29 0 1 0 0 0 3000 2 14 14 6
2 30 1 1 1 0 0 340 1 6 6 14
3 1 0 1 0 0 0 3000 2 1 1 6
3 2 0 1 0 0 0 3000 3 5 5 1
3 3 0 1 0 0 0 3000 3 7 7 5
3 4 0 1 0 0 0 3000 3 1 1 7
3 5 0 1 0 0 0 3000 3 15 15 1
3 6 0 1 0 0 0 3000 3 4 4 15
3 7 0 1 0 0 0 3000 3 3 3 4
3 8 1 1 1 0 0 405 1 4 4 3
3 9 0 1 0 0 0 3000 2 8 8 4
3 10 0 1 0 0 0 3000 2 5 5 8
3 11 1 1 1 0 0 361 1 8 8 5
3 12 1 1 1 0 0 416 1 5 5 8
3 13 0 1 0 0 0 3000 3 12 12 5
3 14 1 1 1 0 0 325 1 5 5 12
3 15 0 1 0 0 0 3000 2 11 11 5
3 16 0 1 0 0 0 3000 3 15 15 11
3 17 1 1 1 0 0 347 1 11 11 15
3 18 0 1 0 0 0 3000 3 9 9 11
3 19 1 0 0 1 0 3000 1 11 11 9
3 20 0 1 0 0 0 3000 2 4 4 11
3 21 1 1 1 0 0 347 1 11 11 4
3 22 0 1 0 0 0 3000 3 5 5 11
3 23 0 1 0 0 0 3000 3 1 1 5
3 24 0 1 0 0 0 3000 2 15 15 1
3 25 1 1 1 0 0 324 1 1 1 15
3 26 1 1 1 0 0 534 1 15 15 1
3 27 1 0 0 1 0 3000 1 1 1 15
3 28 0 1 0 0 0 3000 3 14 14 1
3 29 0 1 0 0 0 3000 3 9 9 14
3 30 0 1 0 0 0 3000 3 6 6 9
