1 1 0 1 0 0 0 3000 2 13 13 0
1 2 0 0 0 0 1 1126 2 14 14 13
1 3 1 0 0 1 0 3000 1 13 13 14
1 4 0 1 0 0 0 3000 2 1 1 13
1 5 0 1 0 0 0 3000 2 5 5 1
1 6 0 1 0 0 0 3000 2 4 4 5
1 7 1 1 1 0 0 477 1 5 5 4
1 8 0 1 0 0 0 3000 3 2 2 5
1 9 0 0 0 0 1 574 3 2 2 2
1 10 0 0 0 0 1 955 3 1 1 2
1 11 0 1 0 0 0 3000 3 7 7 1
1 12 0 0 0 0 1 1113 2 13 13 7
1 13 0 0 0 0 1 901 2 14 14 13
1 14 1 1 1 0 0 689 1 13 13 14
1 15 0 1 0 0 0 3000 2 6 6 13
1 16 0 1 0 0 0 3000 3 6 6 6
1 17 1 1 1 0 0 459 1 6 6 6
1 18 0 1 0 0 0 3000 3 13 13 6
1 19 1 1 1 0 0 610 1 6 6 13
1 20 0 1 0 0 0 3000 3 9 9 6
2 1 0 1 0 0 0 3000 1 1 1 9
2 2 0 1 0 0 0 3000 1 2 2 1
2 3 0 1 0 0 0 3000 2 15 15 2
2 4 0 1 0 0 0 3000 2 12 12 15
2 5 0 1 0 0 0 3000 2 10 10 12
2 6 1 1 1 0 0 394 1 12 12 10
2 7 0 1 0 0 0 3000 3 6 6 12
2 8 1 1 1 0 0 907 1 12 12 6
2 9 1 1 1 0 0 681 1 6 6 12
2 10 0 1 0 0 0 3000 3 14 14 6
2 11 0 1 0 0 0 3000 3 2 2 14
2 12 0 1 0 0 0 3000 2 10 10 2
2 13 1 1 1 0 0 467 1 2 2 10
2 14 1 1 1 0 0 910 1 10 10 2
2 15 0 0 0 0 1 1019 2 9 9 10
2 16 0 1 0 0 0 3000 2 4 4 9
2 17 0 1 0 0 0 3000 2 12 12 4
2 18 1 1 1 0 0 1065 1 4 4 12
2 19 0 0 0 0 1 1108 2 1 1 4
2 20 1 1 1 0 0 704 1 4 4 1
2 21 0 0 0 0 1 763 3 4 4 4
2 22 1 1 1 0 0 615 1 4 4 4
2 23 0 1 0 0 0 3000 3 5 5 4
2 24 0 0 0 0 1 847 2 5 5 5
2 25 0 1 0 0 0 3000 2 15 15 5
2 26 0 1 0 0 0 3000 2 3 3 15
2 27 0 1 0 0 0 3000 3 11 11 3
2 28 0 1 0 0 0 3000 3 9 9 11
2 29 0 1 0 0 0 3000 2 1 1 9
2 30 0 1 0 0 0 3000 3 6 6 1
3 1 0 1 0 0 0 3000 1 3 3 6
3 2 0 1 0 0 0 3000 3 8 8 3
3 3 1 1 1 0 0 984 1 3 3 8
3 4 0 1 0 0 0 3000 2 2 2 3
3 5 0 1 0 0 0 3000 3 8 8 2
3 6 1 1 1 0 0 612 1 2 2 8
3 7 0 1 0 0 0 3000 3 12 12 2
3 8 1 1 1 0 0 488 1 2 2 12
3 9 0 1 0 0 0 3000 3 5 5 2
3 10 0 1 0 0 0 3000 2 10 10 5
3 11 0 0 0 0 1 422 3 7 7 10
3 12 0 0 0 0 1 517 2 4 4 7
3 13 0 0 0 0 1 377 3 10 10 4
3 14 0 0 0 0 1 411 2 9 9 10
3 15 0 0 0 0 1 695 3 8 8 9
3 16 1 1 1 0 0 577 1 9 9 8
3 17 0 1 0 0 0 3000 3 15 15 9
3 18 1 1 1 0 0 443 1 9 9 15
3 19 1 1 1 0 0 1421 1 15 15 9
3 20 0 1 0 0 0 3000 2 6 6 15
3 21 0 0 0 0 1 347 2 8 8 6
3 22 0 0 0 0 1 487 3 13 13 8
3 23 0 0 0 0 1 556 3 11 11 13
3 24 0 0 0 0 1 399 2 3 3 11
3 25 0 1 0 0 0 3000 3 15 15 3
3 26 0 0 0 0 1 307 2 9 9 15
3 27 1 0 0 1 0 3000 1 15 15 9
3 28 1 1 1 0 0 768 1 9 9 15
3 29 0 1 0 0 0 3000 2 2 2 9
3 30 0 1 0 0 0 3000 3 10 10 2
