1 1 0 1 0 0 0 3000 1 6 6 0
1 2 0 1 0 0 0 3000 1 2 2 6
1 3 0 1 0 0 0 3000 2 5 5 2
1 4 0 1 0 0 0 3000 2 1 1 5
1 5 0 1 0 0 0 3000 2 15 15 1
1 6 1 1 1 0 0 636 1 1 1 15
1 7 0 1 0 0 0 3000 3 1 1 1
1 8 0 1 0 0 0 3000 3 10 10 1
1 9 1 1 1 0 0 558 1 1 1 10
1 10 1 0 0 1 0 3000 1 10 10 1
1 11 0 1 0 0 0 3000 2 8 8 10
1 12 1 1 1 0 0 526 1 10 10 8
1 13 1 0 0 1 0 3000 1 8 8 10
1 14 0 1 0 0 0 3000 2 11 11 8
1 15 0 1 0 0 0 3000 3 14 14 11
1 16 0 1 0 0 0 3000 3 1 1 14
1 17 0 0 0 0 1 438 3 1 1 1
1 18 0 1 0 0 0 3000 3 7 7 1
1 19 0 1 0 0 0 3000 3 8 8 7
1 20 1 1 1 0 0 601 1 7 7 8
2 1 0 1 0 0 0 3000 3 6 6 7
2 2 0 1 0 0 0 3000 2 8 8 6
2 3 1 1 1 0 0 579 1 6 6 8
2 4 1 0 0 1 0 3000 1 8 8 6
2 5 0 1 0 0 0 3000 2 13 13 8
2 6 0 1 0 0 0 3000 3 3 3 13
2 7 0 1 0 0 0 3000 3 1 1 3
2 8 0 0 0 0 1 462 3 13 13 1
2 9 0 1 0 0 0 3000 3 4 4 13
2 10 0 1 0 0 0 3000 2 14 14 4
2 11 0 0 0 0 1 731 2 14 14 14
2 12 0 1 0 0 0 3000 2 3 3 14
2 13 0 1 0 0 0 3000 3 2 2 3
2 14 1 1 1 0 0 729 1 3 3 2
2 15 1 0 0 1 0 3000 1 2 2 3
2 16 0 1 0 0 0 3000 2 15 15 2
2 17 0 1 0 0 0 3000 3 15 15 15
2 18 0 1 0 0 0 3000 3 9 9 15
2 19 0 1 0 0 0 3000 3 2 2 9
2 20 0 1 0 0 0 3000 3 7 7 2
2 21 0 1 0 0 0 3000 2 8 8 7
2 22 1 1 1 0 0 728 1 7 7 8
2 23 1 0 0 1 0 3000 1 8 8 7
2 24 0 1 0 0 0 3000 2 11 11 8
2 25 0 1 0 0 0 3000 2 4 4 11
2 26 1 1 1 0 0 587 1 11 11 4
2 27 0 1 0 0 0 3000 2 3 3 11
2 28 1 0 0 1 0 3000 1 11 11 3
2 29 1 1 1 0 0 531 1 3 3 11
2 30 1 0 0 1 0 3000 1 11 11 3
3 1 0 1 0 0 0 3000 3 12 12 11
3 2 0 1 0 0 0 3000 1 3 3 12
3 3 0 1 0 0 0 3000 2 15 15 3
3 4 1 1 1 0 0 567 1 3 3 15
3 5 1 0 0 1 0 3000 1 15 15 3
3 6 1 0 0 1 0 3000 1 3 3 15
3 7 0 1 0 0 0 3000 3 3 3 3
3 8 0 1 0 0 0 3000 3 6 6 3
3 9 1 1 1 0 0 526 1 3 3 6
3 10 0 1 0 0 0 3000 3 5 5 3
3 11 1 0 0 1 0 3000 1 3 3 5
3 12 0 1 0 0 0 3000 3 3 3 3
3 13 0 1 0 0 0 3000 2 15 15 3
3 14 0 1 0 0 0 3000 3 2 2 15
3 15 0 1 0 0 0 3000 3 5 5 2
3 16 0 1 0 0 0 3000 3 8 8 5
3 17 0 1 0 0 0 3000 2 10 10 8
3 18 0 1 0 0 0 3000 3 2 2 10
3 19 0 1 0 0 0 3000 2 9 9 2
3 20 1 1 1 0 0 663 1 2 2 9
3 21 0 1 0 0 0 3000 3 12 12 2
3 22 0 1 0 0 0 3000 2 5 5 12
3 23 0 1 0 0 0 3000 3 7 7 5
3 24 1 1 1 0 0 515 1 5 5 7
3 25 0 1 0 0 0 3000 3 15 15 5
3 26 0 1 0 0 0 3000 3 8 8 15
3 27 0 1 0 0 0 3000 3 8 8 8
3 28 1 1 1 0 0 994 1 8 8 8
3 29 0 1 0 0 0 3000 2 2 2 8
3 30 0 1 0 0 0 3000 3 13 13 2
