1 1 0 1 0 0 0 3000 1 14 14 0
1 2 0 1 0 0 0 3000 2 8 8 14
1 3 0 1 0 0 0 3000 3 4 4 8
1 4 0 1 0 0 0 3000 3 5 5 4
1 5 0 1 0 0 0 3000 2 6 6 5
1 6 0 1 0 0 0 3000 2 2 2 6
1 7 1 0 0 1 0 3000 1 6 6 2
1 8 0 1 0 0 0 3000 2 9 9 6
1 9 0 1 0 0 0 3000 3 10 10 9
1 10 0 1 0 0 0 3000 3 13 13 10
1 11 0 1 0 0 0 3000 2 13 13 13
1 12 0 1 0 0 0 3000 3 1 1 13
1 13 1 0 0 1 0 3000 1 13 13 1
1 14 1 0 0 1 0 3000 1 1 1 13
1 15 0 1 0 0 0 3000 2 14 14 1
1 16 1 0 0 1 0 3000 1 1 1 14
1 17 0 1 0 0 0 3000 2 4 4 1
1 18 0 1 0 0 0 3000 3 11 11 4
1 19 0 1 0 0 0 3000 3 14 14 11
1 20 0 1 0 0 0 3000 3 13 13 14
2 1 0 1 0 0 0 3000 3 3 3 13
2 2 0 1 0 0 0 3000 1 1 1 3
2 3 0 1 0 0 0 3000 2 11 11 1
2 4 1 0 0 1 0 3000 1 1 1 11
2 5 0 1 0 0 0 3000 3 7 7 1
2 6 0 1 0 0 0 3000 3 9 9 7
2 7 0 0 0 0 1 2065 2 15 15 9
2 8 0 1 0 0 0 3000 3 3 3 15
2 9 0 1 0 0 0 3000 2 10 10 3
2 10 0 1 0 0 0 3000 2 7 7 10
2 11 0 1 0 0 0 3000 2 9 9 7
2 12 1 0 0 1 0 3000 1 7 7 9
2 13 0 0 0 0 1 1759 2 10 10 7
2 14 0 1 0 0 0 3000 2 1 1 10
2 15 0 1 0 0 0 3000 3 12 12 1
2 16 0 1 0 0 0 3000 3 9 9 12
2 17 0 1 0 0 0 3000 3 11 11 9
2 18 0 1 0 0 0 3000 2 12 12 11
2 19 0 1 0 0 0 3000 3 13 13 12
2 20 0 1 0 0 0 3000 3 2 2 13
2 21 1 0 0 1 0 3000 1 13 13 2
2 22 1 0 0 1 0 3000 1 2 2 13
2 23 0 1 0 0 0 3000 2 2 2 2
2 24 1 0 0 1 0 3000 1 2 2 2
2 25 1 0 0 1 0 3000 1 2 2 2
2 26 1 0 0 1 0 3000 1 2 2 2
2 27 1 0 0 1 0 3000 1 2 2 2
2 28 0 1 0 0 0 3000 2 7 7 2
2 29 1 0 0 1 0 3000 1 2 2 7
2 30 1 0 0 1 0 3000 1 7 7 2
3 1 0 1 0 0 0 3000 1 12 12 7
3 2 0 1 0 0 0 3000 3 8 8 12
3 3 1 0 0 1 0 3000 1 12 12 8
3 4 0 1 0 0 0 3000 3 1 1 12
3 5 0 1 0 0 0 3000 2 9 9 1
3 6 1 0 0 1 0 3000 1 1 1 9
3 7 0 1 0 0 0 3000 3 12 12 1
3 8 0 1 0 0 0 3000 2 9 9 12
3 9 1 0 0 1 0 3000 1 12 12 9
3 10 0 1 0 0 0 3000 2 11 11 12
3 11 1 0 0 1 0 3000 1 12 12 11
3 12 0 1 0 0 0 3000 3 2 2 12
3 13 0 1 0 0 0 3000 2 10 10 2
3 14 0 0 0 0 1 677 3 4 4 10
3 15 0 1 0 0 0 3000 2 13 13 4
3 16 0 1 0 0 0 3000 3 12 12 13
3 17 1 1 1 0 0 1326 1 13 13 12
3 18 0 1 0 0 0 3000 2 15 15 13
3 19 1 0 0 1 0 3000 1 13 13 15
3 20 0 1 0 0 0 3000 3 13 13 13
3 21 1 0 0 1 0 3000 1 13 13 13
3 22 0 1 0 0 0 3000 2 15 15 13
3 23 1 0 0 1 0 3000 1 13 13 15
3 24 0 1 0 0 0 3000 2 4 4 13
3 25 0 1 0 0 0 3000 3 4 4 4
3 26 0 1 0 0 0 3000 3 8 8 4
3 27 0 1 0 0 0 3000 2 1 1 8
3 28 1 0 0 1 0 3000 1 8 8 1
3 29 1 0 0 1 0 3000 1 1 1 8
3 30 0 1 0 0 0 3000 2 10 10 1
