1 1 0 0 0 0 1 2751 3 10 10 0
1 2 0 1 0 0 0 3000 3 15 15 10
1 3 1 1 1 0 0 1137 1 10 10 15
1 4 0 1 0 0 0 3000 2 2 2 10
1 5 1 1 1 0 0 907 1 10 10 2
1 6 1 1 1 0 0 551 1 2 2 10
1 7 0 1 0 0 0 3000 2 1 1 2
1 8 0 1 0 0 0 3000 3 4 4 1
1 9 1 1 1 0 0 607 1 1 1 4
1 10 0 1 0 0 0 3000 3 5 5 1
1 11 1 1 1 0 0 508 1 1 1 5
1 12 1 1 1 0 0 584 1 5 5 1
1 13 1 1 1 0 0 766 1 1 1 5
1 14 1 1 1 0 0 527 1 5 5 1
1 15 0 1 0 0 0 3000 3 11 11 5
1 16 1 1 1 0 0 502 1 5 5 11
1 17 1 1 1 0 0 426 1 11 11 5
1 18 0 1 0 0 0 3000 2 12 12 11
1 19 0 1 0 0 0 3000 2 15 15 12
1 20 1 1 1 0 0 413 1 12 12 15
2 1 0 1 0 0 0 3000 3 6 6 12
2 2 0 1 0 0 0 3000 2 4 4 6
2 3 0 1 0 0 0 3000 3 12 12 4
2 4 1 1 1 0 0 400 1 4 4 12
2 5 0 1 0 0 0 3000 2 13 13 4
2 6 0 0 0 0 1 923 3 11 11 13
2 7 0 1 0 0 0 3000 2 1 1 11
2 8 1 1 1 0 0 529 1 11 11 1
2 9 1 1 1 0 0 1251 1 1 1 11
2 10 0 1 0 0 0 3000 2 7 7 1
2 11 1 0 0 1 0 3000 1 1 1 7
2 12 0 1 0 0 0 3000 3 4 4 1
2 13 0 1 0 0 0 3000 2 13 13 4
2 14 0 0 0 0 1 993 2 11 11 13
2 15 1 0 0 1 0 3000 1 13 13 11
2 16 0 1 0 0 0 3000 2 6 6 13
2 17 0 1 0 0 0 3000 2 10 10 6
2 18 0 1 0 0 0 3000 3 3 3 10
2 19 0 1 0 0 0 3000 2 11 11 3
2 20 0 1 0 0 0 3000 3 14 14 11
2 21 1 1 1 0 0 542 1 11 11 14
2 22 1 0 0 1 0 3000 1 14 14 11
2 23 0 1 0 0 0 3000 3 3 3 14
2 24 0 1 0 0 0 3000 3 7 7 3
2 25 0 0 0 0 1 675 2 7 7 7
2 26 0 1 0 0 0 3000 2 13 13 7
2 27 0 1 0 0 0 3000 3 8 8 13
2 28 0 1 0 0 0 3000 2 3 3 8
2 29 0 0 0 0 1 484 3 14 14 3
2 30 0 1 0 0 0 3000 2 12 12 14
3 1 0 1 0 0 0 3000 1 8 8 12
3 2 0 1 0 0 0 3000 3 15 15 8
3 3 0 1 0 0 0 3000 2 7 7 15
3 4 1 1 1 0 0 518 1 15 15 7
3 5 0 1 0 0 0 3000 2 12 12 15
3 6 0 0 0 0 1 827 2 12 12 12
3 7 0 1 0 0 0 3000 2 10 10 12
3 8 0 1 0 0 0 3000 3 8 8 10
3 9 0 1 0 0 0 3000 3 1 1 8
3 10 0 1 0 0 0 3000 2 13 13 1
3 11 0 1 0 0 0 3000 3 7 7 13
3 12 0 1 0 0 0 3000 2 3 3 7
3 13 0 1 0 0 0 3000 3 9 9 3
3 14 1 1 1 0 0 415 1 3 3 9
3 15 1 0 0 1 0 3000 1 9 9 3
3 16 0 1 0 0 0 3000 3 8 8 9
3 17 0 1 0 0 0 3000 2 12 12 8
3 18 0 1 0 0 0 3000 2 4 4 12
3 19 0 1 0 0 0 3000 2 14 14 4
3 20 0 0 0 0 1 671 2 12 12 14
3 21 1 0 0 1 0 3000 1 14 14 12
3 22 1 1 1 0 0 544 1 12 12 14
3 23 0 1 0 0 0 3000 3 13 13 12
3 24 0 1 0 0 0 3000 2 10 10 13
3 25 0 1 0 0 0 3000 3 11 11 10
3 26 0 1 0 0 0 3000 2 4 4 11
3 27 0 1 0 0 0 3000 2 8 8 4
3 28 0 1 0 0 0 3000 2 1 1 8
3 29 0 1 0 0 0 3000 3 12 12 1
3 30 1 0 0 1 0 3000 1 1 1 12
