1 1 0 1 0 0 0 3000 2 15 15 0
1 2 0 1 0 0 0 3000 2 8 8 15
1 3 1 1 1 0 0 613 1 15 15 8
1 4 0 1 0 0 0 3000 3 5 5 15
1 5 0 1 0 0 0 3000 3 8 8 5
1 6 0 1 0 0 0 3000 3 8 8 8
1 7 0 1 0 0 0 3000 3 14 14 8
1 8 1 1 1 0 0 536 1 8 8 14
1 9 0 1 0 0 0 3000 3 7 7 8
1 10 0 1 0 0 0 3000 2 1 1 7
1 11 1 1 1 0 0 514 1 7 7 1
1 12 0 1 0 0 0 3000 3 11 11 7
1 13 1 0 0 1 0 3000 1 7 7 11
1 14 0 1 0 0 0 3000 3 1 1 7
1 15 1 1 1 0 0 421 1 7 7 1
1 16 0 1 0 0 0 3000 2 10 10 7
1 17 0 1 0 0 0 3000 3 2 2 10
1 18 1 1 1 0 0 406 1 10 10 2
1 19 0 1 0 0 0 3000 3 8 8 10
1 20 0 1 0 0 0 3000 3 12 12 8
2 1 0 1 0 0 0 3000 3 2 2 12
2 2 0 1 0 0 0 3000 3 6 6 2
2 3 1 1 1 0 0 409 1 2 2 6
2 4 0 1 0 0 0 3000 2 14 14 2
2 5 1 1 1 0 0 400 1 2 2 14
2 6 1 1 1 0 0 980 1 14 14 2
2 7 0 1 0 0 0 3000 2 15 15 14
2 8 0 1 0 0 0 3000 2 5 5 15
2 9 0 1 0 0 0 3000 2 8 8 5
2 10 0 1 0 0 0 3000 3 7 7 8
2 11 0 1 0 0 0 3000 3 3 3 7
2 12 1 1 1 0 0 392 1 7 7 3
2 13 0 1 0 0 0 3000 2 4 4 7
2 14 0 1 0 0 0 3000 2 2 2 4
2 15 0 1 0 0 0 3000 3 10 10 2
2 16 0 1 0 0 0 3000 2 12 12 10
2 17 0 1 0 0 0 3000 2 5 5 12
2 18 1 1 1 0 0 411 1 12 12 5
2 19 1 1 1 0 0 466 1 5 5 12
2 20 0 1 0 0 0 3000 3 7 7 5
2 21 0 1 0 0 0 3000 2 8 8 7
2 22 0 1 0 0 0 3000 2 8 8 8
2 23 1 1 1 0 0 524 1 8 8 8
2 24 0 1 0 0 0 3000 3 3 3 8
2 25 0 1 0 0 0 3000 2 6 6 3
2 26 1 1 1 0 0 402 1 3 3 6
2 27 0 1 0 0 0 3000 2 8 8 3
2 28 1 1 1 0 0 348 1 3 3 8
2 29 0 1 0 0 0 3000 3 3 3 3
2 30 0 1 0 0 0 3000 3 13 13 3
3 1 0 1 0 0 0 3000 3 12 12 13
3 2 0 1 0 0 0 3000 3 10 10 12
3 3 1 1 1 0 0 368 1 12 12 10
3 4 0 1 0 0 0 3000 3 1 1 12
3 5 0 1 0 0 0 3000 3 7 7 1
3 6 1 1 1 0 0 357 1 1 1 7
3 7 0 1 0 0 0 3000 3 1 1 1
3 8 0 1 0 0 0 3000 2 4 4 1
3 9 0 1 0 0 0 3000 2 3 3 4
3 10 0 0 0 0 1 750 2 3 3 3
3 11 0 1 0 0 0 3000 2 12 12 3
3 12 0 1 0 0 0 3000 2 15 15 12
3 13 1 1 1 0 0 366 1 12 12 15
3 14 0 1 0 0 0 3000 2 7 7 12
3 15 0 1 0 0 0 3000 2 6 6 7
3 16 0 1 0 0 0 3000 2 5 5 6
3 17 0 1 0 0 0 3000 2 9 9 5
3 18 1 0 0 1 0 3000 1 5 5 9
3 19 1 1 1 0 0 430 1 9 9 5
3 20 0 1 0 0 0 3000 3 11 11 9
3 21 0 1 0 0 0 3000 3 7 7 11
3 22 1 1 1 0 0 372 1 11 11 7
3 23 0 1 0 0 0 3000 2 5 5 11
3 24 0 1 0 0 0 3000 3 14 14 5
3 25 0 1 0 0 0 3000 2 9 9 14
3 26 1 1 1 0 0 559 1 14 14 9
3 27 0 1 0 0 0 3000 3 11 11 14
3 28 0 1 0 0 0 3000 2 1 1 11
3 29 0 1 0 0 0 3000 2 6 6 1
3 30 0 1 0 0 0 3000 2 13 13 6
