1 1 0 1 0 0 0 3000 1 11 11 0
1 2 0 1 0 0 0 3000 2 1 1 11
1 3 0 1 0 0 0 3000 2 10 10 1
1 4 1 1 1 0 0 1634 1 1 1 10
1 5 0 1 0 0 0 3000 2 12 12 1
1 6 0 1 0 0 0 3000 3 8 8 12
1 7 0 1 0 0 0 3000 3 3 3 8
1 8 0 1 0 0 0 3000 3 5 5 3
1 9 0 1 0 0 0 3000 2 10 10 5
1 10 0 1 0 0 0 3000 2 14 14 10
1 11 1 1 1 0 0 1071 1 10 10 14
1 12 0 0 0 0 1 1119 3 12 12 10
1 13 0 0 0 0 1 1126 2 5 5 12
1 14 0 1 0 0 0 3000 2 8 8 5
1 15 0 1 0 0 0 3000 3 9 9 8
1 16 0 1 0 0 0 3000 2 4 4 9
1 17 0 1 0 0 0 3000 2 5 5 4
1 18 0 1 0 0 0 3000 2 6 6 5
1 19 1 1 1 0 0 1230 1 5 5 6
1 20 0 1 0 0 0 3000 3 7 7 5
2 1 0 1 0 0 0 3000 2 12 12 7
2 2 0 1 0 0 0 3000 3 10 10 12
2 3 0 1 0 0 0 3000 2 10 10 10
2 4 0 1 0 0 0 3000 3 3 3 10
2 5 0 1 0 0 0 3000 2 4 4 3
2 6 1 1 1 0 0 970 1 3 3 4
2 7 0 1 0 0 0 3000 3 8 8 3
2 8 0 1 0 0 0 3000 3 1 1 8
2 9 0 1 0 0 0 3000 2 5 5 1
2 10 0 1 0 0 0 3000 3 13 13 5
2 11 0 1 0 0 0 3000 3 7 7 13
2 12 1 1 1 0 0 1250 1 13 13 7
2 13 1 1 1 0 0 1250 1 7 7 13
2 14 0 1 0 0 0 3000 3 3 3 7
2 15 1 1 1 0 0 945 1 7 7 3
2 16 0 1 0 0 0 3000 2 14 14 7
2 17 0 1 0 0 0 3000 2 6 6 14
2 18 0 1 0 0 0 3000 2 15 15 6
2 19 0 1 0 0 0 3000 3 1 1 15
2 20 0 1 0 0 0 3000 3 2 2 1
2 21 0 1 0 0 0 3000 3 10 10 2
2 22 0 1 0 0 0 3000 2 14 14 10
2 23 0 1 0 0 0 3000 2 1 1 14
2 24 0 1 0 0 0 3000 2 7 7 1
2 25 0 1 0 0 0 3000 3 3 3 7
2 26 0 1 0 0 0 3000 3 8 8 3
2 27 1 1 1 0 0 2357 1 3 3 8
2 28 0 1 0 0 0 3000 3 4 4 3
2 29 0 1 0 0 0 3000 3 1 1 4
2 30 0 1 0 0 0 3000 2 11 11 1
3 1 0 1 0 0 0 3000 2 6 6 11
3 2 0 1 0 0 0 3000 1 9 9 6
3 3 0 1 0 0 0 3000 2 2 2 9
3 4 0 1 0 0 0 3000 3 2 2 2
3 5 1 1 1 0 0 860 1 2 2 2
3 6 0 1 0 0 0 3000 3 13 13 2
3 7 0 0 0 0 1 942 2 13 13 13
3 8 1 1 1 0 0 814 1 13 13 13
3 9 0 1 0 0 0 3000 2 7 7 13
3 10 1 0 0 1 0 3000 1 13 13 7
3 11 1 1 1 0 0 1039 1 7 7 13
3 12 1 1 1 0 0 1044 1 13 13 7
3 13 0 1 0 0 0 3000 2 8 8 13
3 14 0 1 0 0 0 3000 2 10 10 8
3 15 0 0 0 0 1 1161 2 13 13 10
3 16 1 1 1 0 0 1126 1 10 10 13
3 17 1 1 1 0 0 1081 1 13 13 10
3 18 0 1 0 0 0 3000 2 5 5 13
3 19 1 1 1 0 0 1074 1 13 13 5
3 20 0 1 0 0 0 3000 2 12 12 13
3 21 0 1 0 0 0 3000 2 2 2 12
3 22 1 1 1 0 0 832 1 12 12 2
3 23 1 1 1 0 0 1041 1 2 2 12
3 24 0 1 0 0 0 3000 3 6 6 2
3 25 0 1 0 0 0 3000 2 7 7 6
3 26 0 1 0 0 0 3000 3 3 3 7
3 27 1 1 1 0 0 1229 1 7 7 3
3 28 1 1 1 0 0 776 1 3 3 7
3 29 0 1 0 0 0 3000 2 1 1 3
3 30 0 1 0 0 0 3000 2 15 15 1
