1 1 0 1 0 0 0 3000 1 14 14 0
1 2 0 1 0 0 0 3000 3 3 3 14
1 3 0 1 0 0 0 3000 2 12 12 3
1 4 1 0 0 1 0 3000 1 3 3 12
1 5 0 1 0 0 0 3000 3 2 2 3
1 6 0 1 0 0 0 3000 2 12 12 2
1 7 1 0 0 1 0 3000 1 2 2 12
1 8 1 0 0 1 0 3000 1 12 12 2
1 9 0 0 0 0 1 1732 2 14 14 12
1 10 1 0 0 1 0 3000 1 12 12 14
1 11 1 0 0 1 0 3000 1 14 14 12
1 12 0 1 0 0 0 3000 3 7 7 14
1 13 1 0 0 1 0 3000 1 14 14 7
1 14 0 1 0 0 0 3000 3 5 5 14
1 15 0 1 0 0 0 3000 3 6 6 5
1 16 0 1 0 0 0 3000 2 7 7 6
1 17 0 0 0 0 1 2055 2 8 8 7
1 18 0 1 0 0 0 3000 3 3 3 8
1 19 0 1 0 0 0 3000 3 14 14 3
1 20 1 0 0 1 0 3000 1 3 3 14
2 1 0 1 0 0 0 3000 3 11 11 3
2 2 0 1 0 0 0 3000 2 8 8 11
2 3 1 0 0 1 0 3000 1 11 11 8
2 4 0 1 0 0 0 3000 2 12 12 11
2 5 0 1 0 0 0 3000 2 12 12 12
2 6 0 1 0 0 0 3000 2 9 9 12
2 7 0 1 0 0 0 3000 3 9 9 9
2 8 0 0 0 0 1 922 3 11 11 9
2 9 0 1 0 0 0 3000 2 7 7 11
2 10 0 1 0 0 0 3000 3 10 10 7
2 11 0 1 0 0 0 3000 3 10 10 10
2 12 0 0 0 0 1 475 2 4 4 10
2 13 0 1 0 0 0 3000 2 5 5 4
2 14 0 1 0 0 0 3000 2 11 11 5
2 15 1 1 1 0 0 665 1 5 5 11
2 16 0 1 0 0 0 3000 2 14 14 5
2 17 1 0 0 1 0 3000 1 5 5 14
2 18 0 1 0 0 0 3000 3 2 2 5
2 19 1 0 0 1 0 3000 1 5 5 2
2 20 0 0 0 0 1 294 3 14 14 5
2 21 0 1 0 0 0 3000 3 4 4 14
2 22 0 1 0 0 0 3000 3 2 2 4
2 23 0 0 0 0 1 293 2 6 6 2
2 24 0 1 0 0 0 3000 2 9 9 6
2 25 0 1 0 0 0 3000 2 14 14 9
2 26 1 1 1 0 0 450 1 9 9 14
2 27 0 1 0 0 0 3000 3 2 2 9
2 28 0 1 0 0 0 3000 3 15 15 2
2 29 0 1 0 0 0 3000 3 11 11 15
2 30 1 0 0 1 0 3000 1 15 15 11
3 1 0 1 0 0 0 3000 3 12 12 15
3 2 0 1 0 0 0 3000 3 4 4 12
3 3 0 0 0 0 1 716 2 4 4 4
3 4 0 1 0 0 0 3000 3 13 13 4
3 5 0 1 0 0 0 3000 2 8 8 13
3 6 0 0 0 0 1 512 3 12 12 8
3 7 0 1 0 0 0 3000 2 11 11 12
3 8 0 1 0 0 0 3000 2 2 2 11
3 9 1 1 1 0 0 514 1 11 11 2
3 10 1 0 0 1 0 3000 1 2 2 11
3 11 1 0 0 1 0 3000 1 11 11 2
3 12 0 1 0 0 0 3000 2 9 9 11
3 13 0 1 0 0 0 3000 2 1 1 9
3 14 0 1 0 0 0 3000 2 14 14 1
3 15 1 1 1 0 0 553 1 1 1 14
3 16 1 0 0 1 0 3000 1 14 14 1
3 17 1 0 0 1 0 3000 1 1 1 14
3 18 1 1 1 0 0 398 1 14 14 1
3 19 1 0 0 1 0 3000 1 1 1 14
3 20 0 1 0 0 0 3000 3 10 10 1
3 21 1 1 1 0 0 592 1 1 1 10
3 22 0 1 0 0 0 3000 2 3 3 1
3 23 0 1 0 0 0 3000 2 3 3 3
3 24 1 1 1 0 0 301 1 3 3 3
3 25 0 1 0 0 0 3000 3 1 1 3
3 26 1 0 0 1 0 3000 1 3 3 1
3 27 1 1 1 0 0 279 1 1 1 3
3 28 0 1 0 0 0 3000 2 13 13 1
3 29 1 0 0 1 0 3000 1 1 1 13
3 30 1 1 1 0 0 391 1 13 13 1
