1 1 0 1 0 0 0 3000 3 3 3 0
1 2 0 1 0 0 0 3000 1 2 2 3
1 3 1 1 1 0 0 453 1 3 3 2
1 4 0 1 0 0 0 3000 2 4 4 3
1 5 0 1 0 0 0 3000 3 11 11 4
1 6 0 1 0 0 0 3000 2 13 13 11
1 7 0 1 0 0 0 3000 3 7 7 13
1 8 1 0 0 1 0 3000 1 13 13 7
1 9 0 0 0 0 1 315 3 13 13 13
1 10 1 0 0 1 0 3000 1 13 13 13
1 11 0 1 0 0 0 3000 2 11 11 13
1 12 1 1 1 0 0 400 1 13 13 11
1 13 0 1 0 0 0 3000 2 13 13 13
1 14 0 1 0 0 0 3000 2 14 14 13
1 15 0 1 0 0 0 3000 3 10 10 14
1 16 0 1 0 0 0 3000 2 11 11 10
1 17 0 1 0 0 0 3000 3 1 1 11
1 18 0 0 0 0 1 517 2 7 7 1
1 19 0 1 0 0 0 3000 3 7 7 7
1 20 1 0 0 1 0 3000 1 7 7 7
2 1 0 1 0 0 0 3000 3 9 9 7
2 2 0 1 0 0 0 3000 3 6 6 9
2 3 0 1 0 0 0 3000 2 5 5 6
2 4 0 1 0 0 0 3000 3 2 2 5
2 5 0 1 0 0 0 3000 3 6 6 2
2 6 0 0 0 0 1 283 3 12 12 6
2 7 0 1 0 0 0 3000 2 10 10 12
2 8 1 1 1 0 0 697 1 12 12 10
2 9 0 1 0 0 0 3000 2 14 14 12
2 10 0 1 0 0 0 3000 3 4 4 14
2 11 0 0 0 0 1 442 2 12 12 4
2 12 0 1 0 0 0 3000 3 8 8 12
2 13 1 1 1 0 0 381 1 12 12 8
2 14 0 1 0 0 0 3000 2 15 15 12
2 15 0 1 0 0 0 3000 2 8 8 15
2 16 0 0 0 0 1 319 2 14 14 8
2 17 0 1 0 0 0 3000 2 1 1 14
2 18 1 1 1 0 0 501 1 14 14 1
2 19 0 1 0 0 0 3000 2 13 13 14
2 20 0 1 0 0 0 3000 2 11 11 13
2 21 0 0 0 0 1 338 3 5 5 11
2 22 1 0 0 1 0 3000 1 11 11 5
2 23 0 1 0 0 0 3000 3 4 4 11
2 24 0 0 0 0 1 274 2 3 3 4
2 25 1 0 0 1 0 3000 1 4 4 3
2 26 0 1 0 0 0 3000 2 14 14 4
2 27 0 0 0 0 1 402 2 10 10 14
2 28 0 1 0 0 0 3000 2 13 13 10
2 29 0 1 0 0 0 3000 3 5 5 13
2 30 0 1 0 0 0 3000 3 2 2 5
3 1 0 1 0 0 0 3000 1 7 7 2
3 2 0 1 0 0 0 3000 3 15 15 7
3 3 0 0 0 0 1 630 2 5 5 15
3 4 0 1 0 0 0 3000 3 2 2 5
3 5 0 1 0 0 0 3000 2 4 4 2
3 6 0 0 0 0 1 312 2 10 10 4
3 7 0 1 0 0 0 3000 3 9 9 10
3 8 0 1 0 0 0 3000 2 5 5 9
3 9 0 0 0 0 1 391 3 7 7 5
3 10 0 1 0 0 0 3000 3 6 6 7
3 11 0 1 0 0 0 3000 2 1 1 6
3 12 1 0 0 1 0 3000 1 6 6 1
3 13 1 1 1 0 0 405 1 1 1 6
3 14 1 0 0 1 0 3000 1 6 6 1
3 15 0 1 0 0 0 3000 3 15 15 6
3 16 1 1 1 0 0 246 1 6 6 15
3 17 0 1 0 0 0 3000 3 9 9 6
3 18 0 1 0 0 0 3000 2 14 14 9
3 19 1 1 1 0 0 804 1 9 9 14
3 20 0 1 0 0 0 3000 2 15 15 9
3 21 1 0 0 1 0 3000 1 9 9 15
3 22 1 0 0 1 0 3000 1 15 15 9
3 23 1 1 1 0 0 358 1 9 9 15
3 24 0 1 0 0 0 3000 2 14 14 9
3 25 0 1 0 0 0 3000 2 10 10 14
3 26 1 1 1 0 0 484 1 14 14 10
3 27 1 0 0 1 0 3000 1 10 10 14
3 28 1 0 0 1 0 3000 1 14 14 10
3 29 0 0 0 0 1 301 3 15 15 14
3 30 1 0 0 1 0 3000 1 14 14 15
