1 1 0 1 0 0 0 3000 1 4 4 0
1 2 0 1 0 0 0 3000 3 13 13 4
1 3 0 1 0 0 0 3000 3 3 3 13
1 4 1 0 0 1 0 3000 1 13 13 3
1 5 0 1 0 0 0 3000 3 14 14 13
1 6 1 0 0 1 0 3000 1 13 13 14
1 7 1 0 0 1 0 3000 1 14 14 13
1 8 0 1 0 0 0 3000 2 11 11 14
1 9 0 1 0 0 0 3000 2 15 15 11
1 10 0 1 0 0 0 3000 2 3 3 15
1 11 0 1 0 0 0 3000 2 12 12 3
1 12 1 0 0 1 0 3000 1 3 3 12
1 13 0 1 0 0 0 3000 2 8 8 3
1 14 0 1 0 0 0 3000 3 5 5 8
1 15 0 1 0 0 0 3000 2 9 9 5
1 16 1 0 0 1 0 3000 1 5 5 9
1 17 0 0 0 0 1 584 3 15 15 5
1 18 0 1 0 0 0 3000 3 6 6 15
1 19 0 1 0 0 0 3000 3 8 8 6
1 20 0 0 0 0 1 494 3 5 5 8
2 1 0 1 0 0 0 3000 2 15 15 5
2 2 0 1 0 0 0 3000 3 2 2 15
2 3 0 1 0 0 0 3000 3 6 6 2
2 4 1 1 1 0 0 773 1 2 2 6
2 5 0 1 0 0 0 3000 3 9 9 2
2 6 0 1 0 0 0 3000 2 13 13 9
2 7 0 1 0 0 0 3000 3 7 7 13
2 8 0 0 0 0 1 502 3 3 3 7
2 9 0 1 0 0 0 3000 3 1 1 3
2 10 0 0 0 0 1 618 2 4 4 1
2 11 1 1 1 0 0 672 1 1 1 4
2 12 0 0 0 0 1 593 3 15 15 1
2 13 0 0 0 0 1 565 3 2 2 15
2 14 1 0 0 1 0 3000 1 15 15 2
2 15 1 0 0 1 0 3000 1 2 2 15
2 16 0 0 0 0 1 486 2 2 2 2
2 17 0 0 0 0 1 715 2 8 8 2
2 18 0 1 0 0 0 3000 3 15 15 8
2 19 0 0 0 0 1 649 2 13 13 15
2 20 0 1 0 0 0 3000 2 6 6 13
2 21 1 0 0 1 0 3000 1 13 13 6
2 22 0 0 0 0 1 637 3 8 8 13
2 23 0 0 0 0 1 708 3 8 8 8
2 24 1 1 1 0 0 690 1 8 8 8
2 25 0 1 0 0 0 3000 2 6 6 8
2 26 1 1 1 0 0 600 1 8 8 6
2 27 0 1 0 0 0 3000 3 14 14 8
2 28 0 0 0 0 1 448 3 14 14 14
2 29 0 1 0 0 0 3000 3 4 4 14
2 30 0 1 0 0 0 3000 3 13 13 4
3 1 0 1 0 0 0 3000 2 13 13 13
3 2 0 1 0 0 0 3000 1 4 4 13
3 3 0 1 0 0 0 3000 3 2 2 4
3 4 0 0 0 0 1 394 3 2 2 2
3 5 0 1 0 0 0 3000 3 8 8 2
3 6 0 1 0 0 0 3000 2 15 15 8
3 7 1 1 1 0 0 735 1 8 8 15
3 8 0 1 0 0 0 3000 3 10 10 8
3 9 1 1 1 0 0 617 1 8 8 10
3 10 0 1 0 0 0 3000 2 14 14 8
3 11 0 1 0 0 0 3000 3 11 11 14
3 12 1 1 1 0 0 589 1 14 14 11
3 13 0 1 0 0 0 3000 2 7 7 14
3 14 0 0 0 0 1 494 2 11 11 7
3 15 0 0 0 0 1 1040 3 3 3 11
3 16 0 1 0 0 0 3000 2 9 9 3
3 17 0 0 0 0 1 966 2 8 8 9
3 18 1 1 1 0 0 1075 1 9 9 8
3 19 0 0 0 0 1 723 3 2 2 9
3 20 0 0 0 0 1 586 2 2 2 2
3 21 0 0 0 0 1 1059 3 8 8 2
3 22 0 1 0 0 0 3000 3 1 1 8
3 23 0 1 0 0 0 3000 3 5 5 1
3 24 0 1 0 0 0 3000 2 13 13 5
3 25 1 1 1 0 0 475 1 5 5 13
3 26 0 1 0 0 0 3000 2 1 1 5
3 27 0 1 0 0 0 3000 3 7 7 1
3 28 1 1 1 0 0 571 1 1 1 7
3 29 0 0 0 0 1 998 2 10 10 1
3 30 0 0 0 0 1 619 3 10 10 10
