1 1 0 1 0 0 0 3000 1 3 3 0
1 2 0 1 0 0 0 3000 1 5 5 3
1 3 0 1 0 0 0 3000 3 8 8 5
1 4 0 1 0 0 0 3000 2 4 4 8
1 5 1 1 1 0 0 638 1 8 8 4
1 6 1 0 0 1 0 3000 1 4 4 8
1 7 1 1 1 0 0 560 1 8 8 4
1 8 1 1 1 0 0 746 1 4 4 8
1 9 1 1 1 0 0 484 1 8 8 4
1 10 0 1 0 0 0 3000 3 10 10 8
1 11 0 1 0 0 0 3000 3 9 9 10
1 12 0 1 0 0 0 3000 3 7 7 9
1 13 0 1 0 0 0 3000 2 3 3 7
1 14 0 1 0 0 0 3000 3 13 13 3
1 15 0 0 0 0 1 447 3 10 10 13
1 16 0 1 0 0 0 3000 3 11 11 10
1 17 0 1 0 0 0 3000 3 2 2 11
1 18 1 1 1 0 0 467 1 11 11 2
1 19 0 0 0 0 1 838 3 13 13 11
1 20 0 1 0 0 0 3000 2 12 12 13
2 1 0 1 0 0 0 3000 3 11 11 12
2 2 0 1 0 0 0 3000 3 13 13 11
2 3 0 1 0 0 0 3000 2 4 4 13
2 4 0 1 0 0 0 3000 2 1 1 4
2 5 1 1 1 0 0 530 1 4 4 1
2 6 0 1 0 0 0 3000 3 13 13 4
2 7 0 0 0 0 1 656 2 8 8 13
2 8 0 1 0 0 0 3000 2 2 2 8
2 9 0 0 0 0 1 525 2 1 1 2
2 10 1 1 1 0 0 577 1 2 2 1
2 11 0 1 0 0 0 3000 2 7 7 2
2 12 0 1 0 0 0 3000 2 10 10 7
2 13 0 1 0 0 0 3000 3 6 6 10
2 14 0 0 0 0 1 591 3 6 6 6
2 15 1 1 1 0 0 656 1 6 6 6
2 16 0 1 0 0 0 3000 3 12 12 6
2 17 0 1 0 0 0 3000 2 4 4 12
2 18 0 1 0 0 0 3000 3 15 15 4
2 19 1 1 1 0 0 626 1 4 4 15
2 20 0 1 0 0 0 3000 3 8 8 4
2 21 0 1 0 0 0 3000 2 13 13 8
2 22 1 1 1 0 0 539 1 8 8 13
2 23 0 1 0 0 0 3000 2 2 2 8
2 24 1 1 1 0 0 479 1 8 8 2
2 25 0 1 0 0 0 3000 3 1 1 8
2 26 0 0 0 0 1 443 3 12 12 1
2 27 0 1 0 0 0 3000 3 10 10 12
2 28 1 0 0 1 0 3000 1 12 12 10
2 29 0 1 0 0 0 3000 3 9 9 12
2 30 1 1 1 0 0 459 1 12 12 9
3 1 0 1 0 0 0 3000 1 12 12 12
3 2 0 1 0 0 0 3000 2 2 2 12
3 3 1 1 1 0 0 365 1 12 12 2
3 4 0 0 0 0 1 1012 2 12 12 12
3 5 0 1 0 0 0 3000 2 10 10 12
3 6 1 1 1 0 0 501 1 12 12 10
3 7 0 1 0 0 0 3000 3 15 15 12
3 8 0 1 0 0 0 3000 3 3 3 15
3 9 0 0 0 0 1 605 2 12 12 3
3 10 0 1 0 0 0 3000 3 14 14 12
3 11 1 1 1 0 0 518 1 12 12 14
3 12 0 1 0 0 0 3000 3 8 8 12
3 13 0 1 0 0 0 3000 2 5 5 8
3 14 1 1 1 0 0 362 1 8 8 5
3 15 1 1 1 0 0 794 1 5 5 8
3 16 1 1 1 0 0 568 1 8 8 5
3 17 0 1 0 0 0 3000 2 14 14 8
3 18 0 1 0 0 0 3000 2 14 14 14
3 19 0 1 0 0 0 3000 2 15 15 14
3 20 0 1 0 0 0 3000 3 15 15 15
3 21 0 1 0 0 0 3000 3 9 9 15
3 22 0 1 0 0 0 3000 2 4 4 9
3 23 1 1 1 0 0 419 1 9 9 4
3 24 1 1 1 0 0 581 1 4 4 9
3 25 0 1 0 0 0 3000 3 10 10 4
3 26 1 0 0 1 0 3000 1 4 4 10
3 27 0 1 0 0 0 3000 2 12 12 4
3 28 0 1 0 0 0 3000 3 9 9 12
3 29 0 1 0 0 0 3000 3 9 9 9
3 30 1 1 1 0 0 365 1 9 9 9
