1 1 0 0 0 0 1 1217 3 4 4 0
1 2 0 1 0 0 0 3000 2 4 4 4
1 3 0 1 0 0 0 3000 3 13 13 4
1 4 0 1 0 0 0 3000 2 12 12 13
1 5 0 1 0 0 0 3000 3 9 9 12
1 6 0 1 0 0 0 3000 2 13 13 9
1 7 0 1 0 0 0 3000 3 6 6 13
1 8 0 1 0 0 0 3000 2 6 6 6
1 9 0 1 0 0 0 3000 3 8 8 6
1 10 0 0 0 0 1 839 3 15 15 8
1 11 0 0 0 0 1 2344 3 6 6 15
1 12 0 0 0 0 1 69 2 8 8 6
1 13 1 1 1 0 0 512 1 6 6 8
1 14 1 0 0 1 0 3000 1 8 8 6
1 15 0 1 0 0 0 3000 3 2 2 8
1 16 1 1 1 0 0 784 1 8 8 2
1 17 0 0 0 0 1 2280 2 3 3 8
1 18 0 0 0 0 1 1160 3 5 5 3
1 19 0 0 0 0 1 610 2 11 11 5
1 20 1 1 1 0 0 494 1 5 5 11
2 1 0 1 0 0 0 3000 3 12 12 5
2 2 0 0 0 0 1 1257 1 11 11 12
2 3 0 0 0 0 1 1135 2 13 13 11
2 4 0 0 0 0 1 609 2 10 10 13
2 5 0 0 0 0 1 527 2 11 11 10
2 6 0 0 0 0 1 865 3 1 1 11
2 7 0 0 0 0 1 368 2 15 15 1
2 8 0 1 0 0 0 3000 2 13 13 15
2 9 0 0 0 0 1 2719 2 1 1 13
2 10 0 1 0 0 0 3000 3 14 14 1
2 11 0 1 0 0 0 3000 3 15 15 14
2 12 0 0 0 0 1 2049 3 2 2 15
2 13 0 0 0 0 1 1308 2 14 14 2
2 14 0 0 0 0 1 1024 2 7 7 14
2 15 1 1 1 0 0 2642 1 14 14 7
2 16 0 1 0 0 0 3000 2 5 5 14
2 17 0 0 0 0 1 1898 3 8 8 5
2 18 0 1 0 0 0 3000 3 11 11 8
2 19 0 0 0 0 1 1779 2 1 1 11
2 20 0 0 0 0 1 406 3 7 7 1
2 21 1 1 1 0 0 638 1 1 1 7
2 22 0 1 0 0 0 3000 2 12 12 1
2 23 0 1 0 0 0 3000 2 12 12 12
2 24 0 1 0 0 0 3000 3 2 2 12
2 25 0 1 0 0 0 3000 3 13 13 2
2 26 0 1 0 0 0 3000 2 3 3 13
2 27 0 1 0 0 0 3000 3 7 7 3
2 28 1 0 0 1 0 3000 1 3 3 7
2 29 1 0 0 1 0 3000 1 7 7 3
2 30 0 1 0 0 0 3000 3 13 13 7
3 1 0 0 0 0 1 1804 3 2 2 13
3 2 0 0 0 0 1 106 2 4 4 2
3 3 1 1 1 0 0 731 1 2 2 4
3 4 1 0 0 1 0 3000 1 4 4 2
3 5 0 0 0 0 1 153 2 13 13 4
3 6 0 0 0 0 1 264 2 11 11 13
3 7 1 1 1 0 0 70 1 13 13 11
3 8 0 0 0 0 1 307 2 8 8 13
3 9 0 0 0 0 1 190 3 8 8 8
3 10 0 0 0 0 1 33 2 12 12 8
3 11 0 0 0 0 1 56 3 7 7 12
3 12 0 1 0 0 0 3000 3 4 4 7
3 13 0 0 0 0 1 2052 2 10 10 4
3 14 0 0 0 0 1 482 3 5 5 10
3 15 0 0 0 0 1 209 2 7 7 5
3 16 0 0 0 0 1 215 3 10 10 7
3 17 0 0 0 0 1 196 3 1 1 10
3 18 1 1 1 0 0 24 1 10 10 1
3 19 0 0 0 0 1 564 2 6 6 10
3 20 0 0 0 0 1 1528 2 12 12 6
3 21 0 0 0 0 1 506 3 2 2 12
3 22 0 0 0 0 1 596 3 5 5 2
3 23 1 1 1 0 0 734 1 2 2 5
3 24 0 0 0 0 1 444 2 13 13 2
3 25 0 0 0 0 1 454 2 15 15 13
3 26 0 0 0 0 1 547 3 12 12 15
3 27 0 0 0 0 1 256 3 5 5 12
3 28 0 0 0 0 1 1961 3 14 14 5
3 29 0 0 0 0 1 524 2 8 8 14
3 30 0 0 0 0 1 773 2 10 10 8
