1 1 0 1 0 0 0 3000 2 10 10 0
1 2 0 1 0 0 0 3000 2 3 3 10
1 3 1 0 0 1 0 3000 1 10 10 3
1 4 1 0 0 1 0 3000 1 3 3 10
1 5 0 1 0 0 0 3000 2 6 6 3
1 6 1 0 0 1 0 3000 1 3 3 6
1 7 0 1 0 0 0 3000 3 1 1 3
1 8 0 1 0 0 0 3000 2 9 9 1
1 9 0 1 0 0 0 3000 2 10 10 9
1 10 1 0 0 1 0 3000 1 9 9 10
1 11 1 0 0 1 0 3000 1 10 10 9
1 12 0 1 0 0 0 3000 3 10 10 10
1 13 0 1 0 0 0 3000 3 4 4 10
1 14 0 1 0 0 0 3000 2 3 3 4
1 15 0 1 0 0 0 3000 3 15 15 3
1 16 0 1 0 0 0 3000 2 12 12 15
1 17 0 1 0 0 0 3000 3 7 7 12
1 18 0 1 0 0 0 3000 2 8 8 7
1 19 1 0 0 1 0 3000 1 7 7 8
1 20 1 0 0 1 0 3000 1 8 8 7
2 1 0 1 0 0 0 3000 3 8 8 8
2 2 0 1 0 0 0 3000 1 11 11 8
2 3 0 1 0 0 0 3000 2 15 15 11
2 4 0 1 0 0 0 3000 2 14 14 15
2 5 0 1 0 0 0 3000 3 5 5 14
2 6 0 1 0 0 0 3000 3 8 8 5
2 7 0 1 0 0 0 3000 3 10 10 8
2 8 1 0 0 1 0 3000 1 8 8 10
2 9 1 0 0 1 0 3000 1 10 10 8
2 10 0 1 0 0 0 3000 3 11 11 10
2 11 1 0 0 1 0 3000 1 10 10 11
2 12 1 0 0 1 0 3000 1 11 11 10
2 13 1 0 0 1 0 3000 1 10 10 11
2 14 1 0 0 1 0 3000 1 11 11 10
2 15 0 1 0 0 0 3000 3 3 3 11
2 16 1 0 0 1 0 3000 1 11 11 3
2 17 1 0 0 1 0 3000 1 3 3 11
2 18 0 1 0 0 0 3000 3 14 14 3
2 19 0 1 0 0 0 3000 3 7 7 14
2 20 0 1 0 0 0 3000 2 9 9 7
2 21 1 0 0 1 0 3000 1 7 7 9
2 22 1 0 0 1 0 3000 1 9 9 7
2 23 1 0 0 1 0 3000 1 7 7 9
2 24 0 1 0 0 0 3000 2 1 1 7
2 25 0 1 0 0 0 3000 3 10 10 1
2 26 0 1 0 0 0 3000 2 14 14 10
2 27 0 1 0 0 0 3000 2 9 9 14
2 28 0 1 0 0 0 3000 2 8 8 9
2 29 0 1 0 0 0 3000 3 15 15 8
2 30 0 1 0 0 0 3000 2 14 14 15
3 1 0 1 0 0 0 3000 3 5 5 14
3 2 0 1 0 0 0 3000 3 9 9 5
3 3 1 0 0 1 0 3000 1 5 5 9
3 4 1 0 0 1 0 3000 1 9 9 5
3 5 0 1 0 0 0 3000 3 1 1 9
3 6 1 0 0 1 0 3000 1 9 9 1
3 7 1 0 0 1 0 3000 1 1 1 9
3 8 0 1 0 0 0 3000 3 11 11 1
3 9 1 0 0 1 0 3000 1 1 1 11
3 10 0 1 0 0 0 3000 2 12 12 1
3 11 0 1 0 0 0 3000 2 10 10 12
3 12 0 1 0 0 0 3000 3 1 1 10
3 13 0 1 0 0 0 3000 3 12 12 1
3 14 0 1 0 0 0 3000 3 7 7 12
3 15 0 1 0 0 0 3000 3 6 6 7
3 16 0 1 0 0 0 3000 2 8 8 6
3 17 0 1 0 0 0 3000 3 15 15 8
3 18 0 1 0 0 0 3000 3 6 6 15
3 19 0 1 0 0 0 3000 2 11 11 6
3 20 0 1 0 0 0 3000 2 1 1 11
3 21 0 1 0 0 0 3000 2 10 10 1
3 22 0 1 0 0 0 3000 2 2 2 10
3 23 0 1 0 0 0 3000 2 13 13 2
3 24 0 1 0 0 0 3000 3 9 9 13
3 25 1 0 0 1 0 3000 1 13 13 9
3 26 0 1 0 0 0 3000 2 6 6 13
3 27 0 1 0 0 0 3000 3 9 9 6
3 28 0 1 0 0 0 3000 2 5 5 9
3 29 0 1 0 0 0 3000 3 11 11 5
3 30 0 1 0 0 0 3000 2 15 15 11
