1 1 0 1 0 0 0 3000 2 14 14 0
1 2 0 1 0 0 0 3000 1 14 14 14
1 3 0 1 0 0 0 3000 3 12 12 14
1 4 0 1 0 0 0 3000 3 4 4 12
1 5 0 1 0 0 0 3000 2 10 10 4
1 6 0 1 0 0 0 3000 2 7 7 10
1 7 0 1 0 0 0 3000 2 12 12 7
1 8 0 0 0 0 1 889 2 10 10 12
1 9 0 1 0 0 0 3000 2 4 4 10
1 10 1 0 0 1 0 3000 1 10 10 4
1 11 0 1 0 0 0 3000 2 5 5 10
1 12 0 1 0 0 0 3000 3 6 6 5
1 13 1 1 1 0 0 1420 1 5 5 6
1 14 0 1 0 0 0 3000 2 10 10 5
1 15 0 1 0 0 0 3000 3 8 8 10
1 16 1 1 1 0 0 1170 1 10 10 8
1 17 0 1 0 0 0 3000 2 1 1 10
1 18 1 1 1 0 0 857 1 10 10 1
1 19 0 1 0 0 0 3000 2 5 5 10
1 20 0 1 0 0 0 3000 2 11 11 5
2 1 0 1 0 0 0 3000 2 4 4 11
2 2 0 1 0 0 0 3000 3 12 12 4
2 3 1 1 1 0 0 522 1 4 4 12
2 4 0 1 0 0 0 3000 2 1 1 4
2 5 1 1 1 0 0 1050 1 4 4 1
2 6 1 1 1 0 0 1293 1 1 1 4
2 7 0 0 0 0 1 1323 3 12 12 1
2 8 1 1 1 0 0 1184 1 1 1 12
2 9 0 1 0 0 0 3000 2 15 15 1
2 10 0 1 0 0 0 3000 3 6 6 15
2 11 0 1 0 0 0 3000 3 11 11 6
2 12 0 1 0 0 0 3000 3 1 1 11
2 13 1 1 1 0 0 747 1 11 11 1
2 14 0 1 0 0 0 3000 3 4 4 11
2 15 1 1 1 0 0 1271 1 11 11 4
2 16 1 1 1 0 0 1384 1 4 4 11
2 17 0 1 0 0 0 3000 3 5 5 4
2 18 0 1 0 0 0 3000 3 6 6 5
2 19 0 1 0 0 0 3000 2 9 9 6
2 20 1 1 1 0 0 680 1 6 6 9
2 21 0 1 0 0 0 3000 3 12 12 6
2 22 0 1 0 0 0 3000 2 15 15 12
2 23 1 1 1 0 0 752 1 12 12 15
2 24 0 1 0 0 0 3000 2 6 6 12
2 25 1 1 1 0 0 627 1 12 12 6
2 26 0 0 0 0 1 1283 2 9 9 12
2 27 0 1 0 0 0 3000 2 9 9 9
2 28 1 1 1 0 0 529 1 9 9 9
2 29 0 1 0 0 0 3000 3 6 6 9
2 30 0 1 0 0 0 3000 2 13 13 6
3 1 0 1 0 0 0 3000 3 13 13 13
3 2 0 1 0 0 0 3000 1 6 6 13
3 3 0 1 0 0 0 3000 2 2 2 6
3 4 0 1 0 0 0 3000 3 8 8 2
3 5 0 1 0 0 0 3000 2 9 9 8
3 6 0 1 0 0 0 3000 3 12 12 9
3 7 1 1 1 0 0 833 1 9 9 12
3 8 1 1 1 0 0 1551 1 12 12 9
3 9 1 1 1 0 0 1784 1 9 9 12
3 10 0 1 0 0 0 3000 3 11 11 9
3 11 1 1 1 0 0 608 1 9 9 11
3 12 0 1 0 0 0 3000 2 6 6 9
3 13 0 1 0 0 0 3000 2 7 7 6
3 14 0 1 0 0 0 3000 2 11 11 7
3 15 0 1 0 0 0 3000 2 8 8 11
3 16 0 1 0 0 0 3000 3 10 10 8
3 17 0 1 0 0 0 3000 2 9 9 10
3 18 1 1 1 0 0 589 1 10 10 9
3 19 0 1 0 0 0 3000 2 14 14 10
3 20 0 1 0 0 0 3000 2 4 4 14
3 21 0 0 0 0 1 677 2 10 10 4
3 22 1 1 1 0 0 1090 1 4 4 10
3 23 1 1 1 0 0 976 1 10 10 4
3 24 0 1 0 0 0 3000 2 3 3 10
3 25 0 1 0 0 0 3000 2 1 1 3
3 26 0 1 0 0 0 3000 3 7 7 1
3 27 0 0 0 0 1 1201 2 7 7 7
3 28 1 1 1 0 0 829 1 7 7 7
3 29 0 1 0 0 0 3000 3 8 8 7
3 30 0 1 0 0 0 3000 2 6 6 8
