1 1 0 1 0 0 0 3000 1 11 11 0
1 2 0 1 0 0 0 3000 2 13 13 11
1 3 0 1 0 0 0 3000 3 13 13 13
1 4 0 1 0 0 0 3000 3 9 9 13
1 5 0 1 0 0 0 3000 2 12 12 9
1 6 1 1 1 0 0 480 1 9 9 12
1 7 0 1 0 0 0 3000 2 8 8 9
1 8 1 1 1 0 0 1267 1 9 9 8
1 9 1 1 1 0 0 733 1 8 8 9
1 10 0 1 0 0 0 3000 3 11 11 8
1 11 0 1 0 0 0 3000 3 7 7 11
1 12 0 1 0 0 0 3000 2 1 1 7
1 13 1 1 1 0 0 504 1 7 7 1
1 14 0 1 0 0 0 3000 3 10 10 7
1 15 0 1 0 0 0 3000 2 13 13 10
1 16 0 1 0 0 0 3000 3 8 8 13
1 17 1 1 1 0 0 358 1 13 13 8
1 18 1 1 1 0 0 758 1 8 8 13
1 19 1 1 1 0 0 400 1 13 13 8
1 20 0 1 0 0 0 3000 2 14 14 13
2 1 0 1 0 0 0 3000 1 14 14 14
2 2 0 1 0 0 0 3000 3 8 8 14
2 3 0 1 0 0 0 3000 3 7 7 8
2 4 0 1 0 0 0 3000 2 15 15 7
2 5 0 1 0 0 0 3000 3 1 1 15
2 6 0 1 0 0 0 3000 3 9 9 1
2 7 0 0 0 0 1 810 2 9 9 9
2 8 0 1 0 0 0 3000 3 11 11 9
2 9 1 1 1 0 0 413 1 9 9 11
2 10 1 1 1 0 0 658 1 11 11 9
2 11 1 1 1 0 0 443 1 9 9 11
2 12 0 1 0 0 0 3000 3 14 14 9
2 13 0 1 0 0 0 3000 3 3 3 14
2 14 1 1 1 0 0 504 1 14 14 3
2 15 1 1 1 0 0 506 1 3 3 14
2 16 1 1 1 0 0 504 1 14 14 3
2 17 1 1 1 0 0 416 1 3 3 14
2 18 0 1 0 0 0 3000 3 2 2 3
2 19 1 1 1 0 0 345 1 3 3 2
2 20 0 1 0 0 0 3000 3 15 15 3
2 21 0 1 0 0 0 3000 3 6 6 15
2 22 0 1 0 0 0 3000 2 13 13 6
2 23 1 1 1 0 0 368 1 6 6 13
2 24 1 1 1 0 0 414 1 13 13 6
2 25 1 1 1 0 0 389 1 6 6 13
2 26 1 1 1 0 0 350 1 13 13 6
2 27 0 1 0 0 0 3000 3 12 12 13
2 28 0 1 0 0 0 3000 3 2 2 12
2 29 0 1 0 0 0 3000 3 14 14 2
2 30 0 1 0 0 0 3000 2 11 11 14
3 1 0 1 0 0 0 3000 2 3 3 11
3 2 0 1 0 0 0 3000 1 3 3 3
3 3 0 1 0 0 0 3000 3 14 14 3
3 4 0 1 0 0 0 3000 3 11 11 14
3 5 0 1 0 0 0 3000 2 4 4 11
3 6 0 1 0 0 0 3000 2 2 2 4
3 7 0 1 0 0 0 3000 3 15 15 2
3 8 0 1 0 0 0 3000 3 10 10 15
3 9 0 1 0 0 0 3000 2 7 7 10
3 10 1 1 1 0 0 328 1 10 10 7
3 11 1 1 1 0 0 414 1 7 7 10
3 12 0 1 0 0 0 3000 2 12 12 7
3 13 1 1 1 0 0 468 1 7 7 12
3 14 0 1 0 0 0 3000 2 15 15 7
3 15 0 1 0 0 0 3000 2 9 9 15
3 16 0 1 0 0 0 3000 2 4 4 9
3 17 1 1 1 0 0 704 1 9 9 4
3 18 1 0 0 1 0 3000 1 4 4 9
3 19 1 0 0 1 0 3000 1 9 9 4
3 20 0 1 0 0 0 3000 2 13 13 9
3 21 1 1 1 0 0 587 1 9 9 13
3 22 0 1 0 0 0 3000 2 2 2 9
3 23 0 1 0 0 0 3000 3 11 11 2
3 24 0 1 0 0 0 3000 2 1 1 11
3 25 1 1 1 0 0 564 1 11 11 1
3 26 0 1 0 0 0 3000 2 12 12 11
3 27 0 1 0 0 0 3000 2 9 9 12
3 28 1 1 1 0 0 355 1 12 12 9
3 29 0 1 0 0 0 3000 3 5 5 12
3 30 0 0 0 0 1 641 2 5 5 5
