1 1 0 1 0 0 0 3000 3 2 2 0
1 2 0 1 0 0 0 3000 1 13 13 2
1 3 0 1 0 0 0 3000 3 13 13 13
1 4 1 0 0 1 0 3000 1 13 13 13
1 5 0 1 0 0 0 3000 2 3 3 13
1 6 0 1 0 0 0 3000 3 4 4 3
1 7 0 1 0 0 0 3000 3 8 8 4
1 8 0 1 0 0 0 3000 2 6 6 8
1 9 0 1 0 0 0 3000 3 10 10 6
1 10 0 1 0 0 0 3000 2 3 3 10
1 11 0 1 0 0 0 3000 3 8 8 3
1 12 0 1 0 0 0 3000 3 9 9 8
1 13 0 1 0 0 0 3000 3 9 9 9
1 14 1 1 1 0 0 1387 1 9 9 9
1 15 0 1 0 0 0 3000 2 15 15 9
1 16 0 1 0 0 0 3000 3 5 5 15
1 17 0 1 0 0 0 3000 3 13 13 5
1 18 0 1 0 0 0 3000 2 4 4 13
1 19 0 1 0 0 0 3000 3 7 7 4
1 20 0 1 0 0 0 3000 2 3 3 7
2 1 0 1 0 0 0 3000 2 13 13 3
2 2 0 1 0 0 0 3000 1 5 5 13
2 3 0 1 0 0 0 3000 2 10 10 5
2 4 1 1 1 0 0 705 1 5 5 10
2 5 1 0 0 1 0 3000 1 10 10 5
2 6 0 1 0 0 0 3000 2 7 7 10
2 7 0 1 0 0 0 3000 2 6 6 7
2 8 1 1 1 0 0 518 1 7 7 6
2 9 0 1 0 0 0 3000 2 15 15 7
2 10 0 1 0 0 0 3000 2 2 2 15
2 11 0 1 0 0 0 3000 2 8 8 2
2 12 1 1 1 0 0 542 1 2 2 8
2 13 0 1 0 0 0 3000 3 1 1 2
2 14 0 1 0 0 0 3000 3 8 8 1
2 15 0 1 0 0 0 3000 3 9 9 8
2 16 1 1 1 0 0 498 1 8 8 9
2 17 1 0 0 1 0 3000 1 9 9 8
2 18 1 0 0 1 0 3000 1 8 8 9
2 19 1 1 1 0 0 506 1 9 9 8
2 20 0 1 0 0 0 3000 3 11 11 9
2 21 0 1 0 0 0 3000 3 13 13 11
2 22 1 1 1 0 0 494 1 11 11 13
2 23 1 0 0 1 0 3000 1 13 13 11
2 24 0 1 0 0 0 3000 2 13 13 13
2 25 0 1 0 0 0 3000 3 2 2 13
2 26 1 1 1 0 0 504 1 13 13 2
2 27 0 1 0 0 0 3000 3 10 10 13
2 28 0 1 0 0 0 3000 2 15 15 10
2 29 0 1 0 0 0 3000 2 5 5 15
2 30 0 1 0 0 0 3000 2 11 11 5
3 1 0 1 0 0 0 3000 2 4 4 11
3 2 0 1 0 0 0 3000 1 6 6 4
3 3 0 1 0 0 0 3000 2 14 14 6
3 4 1 1 1 0 0 695 1 6 6 14
3 5 0 1 0 0 0 3000 3 4 4 6
3 6 1 1 1 0 0 1431 1 6 6 4
3 7 0 1 0 0 0 3000 2 7 7 6
3 8 1 1 1 0 0 489 1 6 6 7
3 9 1 0 0 1 0 3000 1 7 7 6
3 10 0 1 0 0 0 3000 2 15 15 7
3 11 1 1 1 0 0 602 1 7 7 15
3 12 0 1 0 0 0 3000 3 11 11 7
3 13 0 1 0 0 0 3000 2 14 14 11
3 14 0 1 0 0 0 3000 3 14 14 14
3 15 0 1 0 0 0 3000 3 1 1 14
3 16 0 1 0 0 0 3000 2 7 7 1
3 17 0 1 0 0 0 3000 3 5 5 7
3 18 0 1 0 0 0 3000 3 14 14 5
3 19 1 1 1 0 0 795 1 5 5 14
3 20 1 0 0 1 0 3000 1 14 14 5
3 21 1 1 1 0 0 733 1 5 5 14
3 22 1 0 0 1 0 3000 1 14 14 5
3 23 0 1 0 0 0 3000 3 1 1 14
3 24 0 1 0 0 0 3000 2 3 3 1
3 25 0 1 0 0 0 3000 3 2 2 3
3 26 0 1 0 0 0 3000 3 14 14 2
3 27 0 0 0 0 1 469 3 14 14 14
3 28 0 1 0 0 0 3000 2 3 3 14
3 29 1 1 1 0 0 1252 1 14 14 3
3 30 0 1 0 0 0 3000 3 4 4 14
