1 1 0 1 0 0 0 3000 3 9 9 0
1 2 0 1 0 0 0 3000 3 7 7 9
1 3 1 0 0 1 0 3000 1 9 9 7
1 4 0 1 0 0 0 3000 3 5 5 9
1 5 0 1 0 0 0 3000 3 1 1 5
1 6 0 0 0 0 1 1636 3 1 1 1
1 7 0 1 0 0 0 3000 2 9 9 1
1 8 1 0 0 1 0 3000 1 1 1 9
1 9 1 1 1 0 0 513 1 9 9 1
1 10 1 0 0 1 0 3000 1 1 1 9
1 11 1 0 0 1 0 3000 1 9 9 1
1 12 0 1 0 0 0 3000 2 8 8 9
1 13 0 1 0 0 0 3000 3 15 15 8
1 14 0 1 0 0 0 3000 3 4 4 15
1 15 1 0 0 1 0 3000 1 15 15 4
1 16 0 1 0 0 0 3000 2 2 2 15
1 17 1 1 1 0 0 553 1 15 15 2
1 18 1 0 0 1 0 3000 1 2 2 15
1 19 0 1 0 0 0 3000 2 13 13 2
1 20 0 0 0 0 1 1552 2 12 12 13
2 1 0 1 0 0 0 3000 1 10 10 12
2 2 0 1 0 0 0 3000 2 10 10 10
2 3 0 1 0 0 0 3000 2 3 3 10
2 4 0 1 0 0 0 3000 2 4 4 3
2 5 1 0 0 1 0 3000 1 3 3 4
2 6 1 0 0 1 0 3000 1 4 4 3
2 7 1 0 0 1 0 3000 1 3 3 4
2 8 0 1 0 0 0 3000 2 14 14 3
2 9 1 0 0 1 0 3000 1 3 3 14
2 10 0 1 0 0 0 3000 3 6 6 3
2 11 0 1 0 0 0 3000 2 7 7 6
2 12 1 0 0 1 0 3000 1 6 6 7
2 13 0 1 0 0 0 3000 2 9 9 6
2 14 0 1 0 0 0 3000 2 4 4 9
2 15 0 0 0 0 1 1495 3 2 2 4
2 16 0 1 0 0 0 3000 3 3 3 2
2 17 0 1 0 0 0 3000 2 8 8 3
2 18 1 0 0 1 0 3000 1 3 3 8
2 19 0 1 0 0 0 3000 2 13 13 3
2 20 1 0 0 1 0 3000 1 3 3 13
2 21 0 1 0 0 0 3000 2 15 15 3
2 22 1 1 1 0 0 444 1 3 3 15
2 23 0 1 0 0 0 3000 2 3 3 3
2 24 0 0 0 0 1 457 2 4 4 3
2 25 1 1 1 0 0 968 1 3 3 4
2 26 0 0 0 0 1 576 3 1 1 3
2 27 0 0 0 0 1 524 3 10 10 1
2 28 0 1 0 0 0 3000 3 4 4 10
2 29 0 0 0 0 1 615 2 11 11 4
2 30 0 0 0 0 1 527 2 2 2 11
3 1 0 1 0 0 0 3000 1 7 7 2
3 2 0 1 0 0 0 3000 2 15 15 7
3 3 0 1 0 0 0 3000 2 8 8 15
3 4 1 1 1 0 0 636 1 15 15 8
3 5 0 0 0 0 1 664 3 3 3 15
3 6 0 0 0 0 1 577 3 3 3 3
3 7 0 1 0 0 0 3000 3 13 13 3
3 8 1 1 1 0 0 537 1 3 3 13
3 9 0 1 0 0 0 3000 2 15 15 3
3 10 0 0 0 0 1 367 2 15 15 15
3 11 1 0 0 1 0 3000 1 15 15 15
3 12 1 0 0 1 0 3000 1 15 15 15
3 13 1 1 1 0 0 420 1 15 15 15
3 14 1 0 0 1 0 3000 1 15 15 15
3 15 0 0 0 0 1 599 2 9 9 15
3 16 0 1 0 0 0 3000 3 13 13 9
3 17 0 0 0 0 1 531 3 12 12 13
3 18 1 0 0 1 0 3000 1 13 13 12
3 19 0 0 0 0 1 498 2 5 5 13
3 20 0 1 0 0 0 3000 3 8 8 5
3 21 1 1 1 0 0 632 1 5 5 8
3 22 0 1 0 0 0 3000 3 1 1 5
3 23 0 0 0 0 1 466 2 9 9 1
3 24 0 1 0 0 0 3000 3 14 14 9
3 25 1 1 1 0 0 446 1 9 9 14
3 26 0 1 0 0 0 3000 2 2 2 9
3 27 1 1 1 0 0 877 1 9 9 2
3 28 0 1 0 0 0 3000 2 8 8 9
3 29 1 1 1 0 0 469 1 9 9 8
3 30 0 1 0 0 0 3000 3 4 4 9
