1 1 0 1 0 0 0 3000 1 12 12 0
1 2 0 1 0 0 0 3000 2 5 5 12
1 3 0 1 0 0 0 3000 3 13 13 5
1 4 0 0 0 0 1 754 3 13 13 13
1 5 0 1 0 0 0 3000 3 14 14 13
1 6 1 1 1 0 0 707 1 13 13 14
1 7 1 1 1 0 0 879 1 14 14 13
1 8 1 1 1 0 0 468 1 13 13 14
1 9 1 0 0 1 0 3000 1 14 14 13
1 10 0 0 0 0 1 849 2 5 5 14
1 11 0 0 0 0 1 661 3 5 5 5
1 12 1 0 0 1 0 3000 1 5 5 5
1 13 0 0 0 0 1 745 2 3 3 5
1 14 0 1 0 0 0 3000 3 9 9 3
1 15 0 1 0 0 0 3000 2 11 11 9
1 16 0 1 0 0 0 3000 3 10 10 11
1 17 1 1 1 0 0 601 1 11 11 10
1 18 0 1 0 0 0 3000 3 7 7 11
1 19 0 1 0 0 0 3000 2 3 3 7
1 20 0 1 0 0 0 3000 3 6 6 3
2 1 0 1 0 0 0 3000 3 7 7 6
2 2 0 0 0 0 1 569 3 7 7 7
2 3 0 1 0 0 0 3000 2 2 2 7
2 4 0 1 0 0 0 3000 2 10 10 2
2 5 1 1 1 0 0 677 1 2 2 10
2 6 0 1 0 0 0 3000 3 1 1 2
2 7 0 0 0 0 1 1326 2 1 1 1
2 8 0 1 0 0 0 3000 3 8 8 1
2 9 0 1 0 0 0 3000 3 15 15 8
2 10 1 1 1 0 0 455 1 8 8 15
2 11 0 1 0 0 0 3000 3 4 4 8
2 12 1 1 1 0 0 768 1 8 8 4
2 13 0 1 0 0 0 3000 2 6 6 8
2 14 0 1 0 0 0 3000 3 14 14 6
2 15 1 1 1 0 0 423 1 6 6 14
2 16 1 1 1 0 0 421 1 14 14 6
2 17 0 1 0 0 0 3000 2 13 13 14
2 18 1 1 1 0 0 455 1 14 14 13
2 19 0 1 0 0 0 3000 2 15 15 14
2 20 1 1 1 0 0 626 1 14 14 15
2 21 0 1 0 0 0 3000 2 1 1 14
2 22 0 1 0 0 0 3000 2 15 15 1
2 23 0 1 0 0 0 3000 3 10 10 15
2 24 0 1 0 0 0 3000 3 3 3 10
2 25 0 1 0 0 0 3000 3 4 4 3
2 26 1 1 1 0 0 624 1 3 3 4
2 27 0 1 0 0 0 3000 2 8 8 3
2 28 1 1 1 0 0 366 1 3 3 8
2 29 1 1 1 0 0 762 1 8 8 3
2 30 0 0 0 0 1 782 2 8 8 8
3 1 0 1 0 0 0 3000 1 3 3 8
3 2 0 1 0 0 0 3000 2 1 1 3
3 3 0 1 0 0 0 3000 2 10 10 1
3 4 1 1 1 0 0 520 1 1 1 10
3 5 1 1 1 0 0 350 1 10 10 1
3 6 0 1 0 0 0 3000 2 7 7 10
3 7 0 1 0 0 0 3000 2 1 1 7
3 8 0 1 0 0 0 3000 3 3 3 1
3 9 0 1 0 0 0 3000 2 7 7 3
3 10 1 1 1 0 0 525 1 3 3 7
3 11 1 0 0 1 0 3000 1 7 7 3
3 12 0 1 0 0 0 3000 2 6 6 7
3 13 1 1 1 0 0 362 1 7 7 6
3 14 1 1 1 0 0 344 1 6 6 7
3 15 1 1 1 0 0 733 1 7 7 6
3 16 1 1 1 0 0 378 1 6 6 7
3 17 1 1 1 0 0 664 1 7 7 6
3 18 0 0 0 0 1 849 2 7 7 7
3 19 0 1 0 0 0 3000 2 11 11 7
3 20 1 1 1 0 0 386 1 7 7 11
3 21 0 1 0 0 0 3000 2 10 10 7
3 22 0 1 0 0 0 3000 3 9 9 10
3 23 1 1 1 0 0 694 1 10 10 9
3 24 0 1 0 0 0 3000 3 15 15 10
3 25 0 1 0 0 0 3000 2 4 4 15
3 26 1 1 1 0 0 363 1 15 15 4
3 27 0 1 0 0 0 3000 2 3 3 15
3 28 0 1 0 0 0 3000 2 7 7 3
3 29 0 1 0 0 0 3000 3 12 12 7
3 30 1 1 1 0 0 367 1 7 7 12
