1 1 0 1 0 0 0 3000 3 8 8 0
1 2 0 1 0 0 0 3000 1 8 8 8
1 3 0 1 0 0 0 3000 2 10 10 8
1 4 0 1 0 0 0 3000 3 5 5 10
1 5 0 1 0 0 0 3000 2 12 12 5
1 6 0 1 0 0 0 3000 2 3 3 12
1 7 1 1 1 0 0 664 1 12 12 3
1 8 1 0 0 1 0 3000 1 3 3 12
1 9 0 1 0 0 0 3000 2 1 1 3
1 10 0 1 0 0 0 3000 2 14 14 1
1 11 0 1 0 0 0 3000 3 7 7 14
1 12 0 1 0 0 0 3000 2 12 12 7
1 13 0 1 0 0 0 3000 2 11 11 12
1 14 1 1 1 0 0 564 1 12 12 11
1 15 0 1 0 0 0 3000 2 7 7 12
1 16 0 1 0 0 0 3000 3 10 10 7
1 17 0 1 0 0 0 3000 3 11 11 10
1 18 1 1 1 0 0 962 1 10 10 11
1 19 0 1 0 0 0 3000 2 10 10 10
1 20 1 1 1 0 0 2212 1 10 10 10
2 1 0 1 0 0 0 3000 2 12 12 10
2 2 0 1 0 0 0 3000 1 1 1 12
2 3 1 1 1 0 0 594 1 12 12 1
2 4 0 1 0 0 0 3000 2 9 9 12
2 5 0 1 0 0 0 3000 2 4 4 9
2 6 0 1 0 0 0 3000 2 10 10 4
2 7 1 1 1 0 0 448 1 4 4 10
2 8 0 1 0 0 0 3000 2 2 2 4
2 9 0 1 0 0 0 3000 2 7 7 2
2 10 0 1 0 0 0 3000 2 6 6 7
2 11 1 1 1 0 0 843 1 7 7 6
2 12 0 1 0 0 0 3000 3 10 10 7
2 13 0 1 0 0 0 3000 2 15 15 10
2 14 0 1 0 0 0 3000 3 9 9 15
2 15 1 1 1 0 0 589 1 15 15 9
2 16 1 0 0 1 0 3000 1 9 9 15
2 17 0 1 0 0 0 3000 3 4 4 9
2 18 1 1 1 0 0 829 1 9 9 4
2 19 0 1 0 0 0 3000 3 11 11 9
2 20 1 1 1 0 0 648 1 9 9 11
2 21 0 1 0 0 0 3000 3 14 14 9
2 22 0 1 0 0 0 3000 2 2 2 14
2 23 1 1 1 0 0 470 1 14 14 2
2 24 0 1 0 0 0 3000 3 10 10 14
2 25 1 1 1 0 0 785 1 14 14 10
2 26 0 0 0 0 1 744 3 8 8 14
2 27 1 1 1 0 0 531 1 14 14 8
2 28 0 1 0 0 0 3000 3 3 3 14
2 29 1 1 1 0 0 552 1 14 14 3
2 30 0 1 0 0 0 3000 2 12 12 14
3 1 0 1 0 0 0 3000 3 1 1 12
3 2 0 1 0 0 0 3000 2 13 13 1
3 3 0 1 0 0 0 3000 2 7 7 13
3 4 1 0 0 1 0 3000 1 13 13 7
3 5 0 1 0 0 0 3000 3 11 11 13
3 6 1 1 1 0 0 544 1 13 13 11
3 7 1 1 1 0 0 876 1 11 11 13
3 8 0 1 0 0 0 3000 3 12 12 11
3 9 1 1 1 0 0 664 1 11 11 12
3 10 0 1 0 0 0 3000 2 7 7 11
3 11 0 1 0 0 0 3000 3 9 9 7
3 12 1 1 1 0 0 530 1 7 7 9
3 13 0 1 0 0 0 3000 2 14 14 7
3 14 0 1 0 0 0 3000 2 13 13 14
3 15 0 1 0 0 0 3000 3 15 15 13
3 16 0 0 0 0 1 492 3 9 9 15
3 17 0 0 0 0 1 634 2 9 9 9
3 18 1 0 0 1 0 3000 1 9 9 9
3 19 1 1 1 0 0 434 1 9 9 9
3 20 0 0 0 0 1 734 2 13 13 9
3 21 0 1 0 0 0 3000 3 14 14 13
3 22 0 1 0 0 0 3000 2 2 2 14
3 23 1 1 1 0 0 544 1 14 14 2
3 24 0 1 0 0 0 3000 3 8 8 14
3 25 0 1 0 0 0 3000 3 5 5 8
3 26 0 1 0 0 0 3000 3 6 6 5
3 27 0 0 0 0 1 610 3 6 6 6
3 28 1 1 1 0 0 567 1 6 6 6
3 29 0 1 0 0 0 3000 3 2 2 6
3 30 1 1 1 0 0 537 1 6 6 2
