1 1 0 1 0 0 0 3000 1 14 14 0
1 2 0 1 0 0 0 3000 2 3 3 14
1 3 1 0 0 1 0 3000 1 14 14 3
1 4 0 1 0 0 0 3000 3 7 7 14
1 5 1 0 0 1 0 3000 1 14 14 7
1 6 0 1 0 0 0 3000 3 11 11 14
1 7 0 1 0 0 0 3000 3 2 2 11
1 8 0 1 0 0 0 3000 2 2 2 2
1 9 1 0 0 1 0 3000 1 2 2 2
1 10 1 0 0 1 0 3000 1 2 2 2
1 11 0 1 0 0 0 3000 2 4 4 2
1 12 1 0 0 1 0 3000 1 2 2 4
1 13 0 1 0 0 0 3000 3 5 5 2
1 14 0 1 0 0 0 3000 3 11 11 5
1 15 0 1 0 0 0 3000 2 7 7 11
1 16 1 0 0 1 0 3000 1 11 11 7
1 17 1 0 0 1 0 3000 1 7 7 11
1 18 0 1 0 0 0 3000 3 5 5 7
1 19 1 0 0 1 0 3000 1 7 7 5
1 20 0 1 0 0 0 3000 3 9 9 7
2 1 0 1 0 0 0 3000 2 15 15 9
2 2 0 1 0 0 0 3000 3 14 14 15
2 3 0 1 0 0 0 3000 3 2 2 14
2 4 0 1 0 0 0 3000 2 9 9 2
2 5 1 0 0 1 0 3000 1 2 2 9
2 6 1 0 0 1 0 3000 1 9 9 2
2 7 0 1 0 0 0 3000 3 1 1 9
2 8 0 1 0 0 0 3000 2 12 12 1
2 9 0 1 0 0 0 3000 3 7 7 12
2 10 0 0 0 0 1 1325 3 11 11 7
2 11 0 1 0 0 0 3000 3 3 3 11
2 12 0 0 0 0 1 501 3 5 5 3
2 13 0 1 0 0 0 3000 3 2 2 5
2 14 0 1 0 0 0 3000 2 7 7 2
2 15 1 1 1 0 0 705 1 2 2 7
2 16 1 0 0 1 0 3000 1 7 7 2
2 17 1 1 1 0 0 2560 1 2 2 7
2 18 0 1 0 0 0 3000 2 11 11 2
2 19 0 1 0 0 0 3000 3 13 13 11
2 20 0 1 0 0 0 3000 2 8 8 13
2 21 0 1 0 0 0 3000 3 14 14 8
2 22 1 1 1 0 0 985 1 8 8 14
2 23 0 1 0 0 0 3000 2 3 3 8
2 24 1 1 1 0 0 689 1 8 8 3
2 25 1 1 1 0 0 683 1 3 3 8
2 26 0 1 0 0 0 3000 2 2 2 3
2 27 0 0 0 0 1 663 3 1 1 2
2 28 1 1 1 0 0 1014 1 2 2 1
2 29 0 1 0 0 0 3000 3 14 14 2
2 30 0 0 0 0 1 670 3 10 10 14
3 1 0 1 0 0 0 3000 1 8 8 10
3 2 0 1 0 0 0 3000 3 5 5 8
3 3 0 1 0 0 0 3000 2 1 1 5
3 4 0 1 0 0 0 3000 3 10 10 1
3 5 0 1 0 0 0 3000 3 9 9 10
3 6 0 1 0 0 0 3000 3 1 1 9
3 7 0 1 0 0 0 3000 3 12 12 1
3 8 1 1 1 0 0 728 1 1 1 12
3 9 1 1 1 0 0 936 1 12 12 1
3 10 0 1 0 0 0 3000 2 5 5 12
3 11 1 1 1 0 0 417 1 12 12 5
3 12 0 1 0 0 0 3000 3 15 15 12
3 13 0 0 0 0 1 382 2 8 8 15
3 14 0 1 0 0 0 3000 3 3 3 8
3 15 0 1 0 0 0 3000 2 13 13 3
3 16 0 1 0 0 0 3000 2 12 12 13
3 17 1 1 1 0 0 679 1 13 13 12
3 18 1 1 1 0 0 1158 1 12 12 13
3 19 1 1 1 0 0 853 1 13 13 12
3 20 1 1 1 0 0 931 1 12 12 13
3 21 0 1 0 0 0 3000 3 2 2 12
3 22 1 1 1 0 0 542 1 12 12 2
3 23 1 1 1 0 0 648 1 2 2 12
3 24 0 1 0 0 0 3000 2 9 9 2
3 25 1 1 1 0 0 389 1 2 2 9
3 26 0 0 0 0 1 1056 2 7 7 2
3 27 0 0 0 0 1 1227 2 14 14 7
3 28 0 1 0 0 0 3000 2 5 5 14
3 29 1 1 1 0 0 521 1 14 14 5
3 30 0 1 0 0 0 3000 3 7 7 14
