1 1 0 1 0 0 0 3000 1 11 11 0
1 2 0 1 0 0 0 3000 3 2 2 11
1 3 0 1 0 0 0 3000 3 2 2 2
1 4 0 1 0 0 0 3000 3 9 9 2
1 5 0 1 0 0 0 3000 2 15 15 9
1 6 0 1 0 0 0 3000 2 8 8 15
1 7 1 1 1 0 0 419 1 15 15 8
1 8 0 1 0 0 0 3000 3 13 13 15
1 9 1 1 1 0 0 500 1 15 15 13
1 10 0 1 0 0 0 3000 2 4 4 15
1 11 0 1 0 0 0 3000 2 10 10 4
1 12 0 1 0 0 0 3000 3 13 13 10
1 13 1 1 1 0 0 363 1 10 10 13
1 14 1 0 0 1 0 3000 1 13 13 10
1 15 0 1 0 0 0 3000 2 2 2 13
1 16 1 1 1 0 0 569 1 13 13 2
1 17 1 1 1 0 0 612 1 2 2 13
1 18 1 1 1 0 0 514 1 13 13 2
1 19 0 1 0 0 0 3000 2 3 3 13
1 20 0 1 0 0 0 3000 3 1 1 3
2 1 0 1 0 0 0 3000 1 9 9 1
2 2 0 1 0 0 0 3000 3 3 3 9
2 3 0 1 0 0 0 3000 3 5 5 3
2 4 0 1 0 0 0 3000 3 7 7 5
2 5 0 1 0 0 0 3000 2 4 4 7
2 6 0 1 0 0 0 3000 3 13 13 4
2 7 0 1 0 0 0 3000 3 6 6 13
2 8 1 1 1 0 0 504 1 13 13 6
2 9 1 1 1 0 0 466 1 6 6 13
2 10 0 1 0 0 0 3000 3 4 4 6
2 11 1 1 1 0 0 788 1 6 6 4
2 12 0 0 0 0 1 1483 2 13 13 6
2 13 0 1 0 0 0 3000 2 2 2 13
2 14 1 1 1 0 0 663 1 13 13 2
2 15 1 1 1 0 0 603 1 2 2 13
2 16 0 1 0 0 0 3000 3 7 7 2
2 17 1 1 1 0 0 388 1 2 2 7
2 18 1 1 1 0 0 478 1 7 7 2
2 19 0 1 0 0 0 3000 3 3 3 7
2 20 1 0 0 1 0 3000 1 7 7 3
2 21 0 1 0 0 0 3000 3 8 8 7
2 22 0 1 0 0 0 3000 3 9 9 8
2 23 1 1 1 0 0 590 1 8 8 9
2 24 0 0 0 0 1 809 2 7 7 8
2 25 0 1 0 0 0 3000 3 15 15 7
2 26 1 1 1 0 0 545 1 7 7 15
2 27 0 1 0 0 0 3000 2 6 6 7
2 28 1 1 1 0 0 542 1 7 7 6
2 29 1 1 1 0 0 552 1 6 6 7
2 30 1 1 1 0 0 496 1 7 7 6
3 1 0 1 0 0 0 3000 2 13 13 7
3 2 0 1 0 0 0 3000 1 11 11 13
3 3 0 1 0 0 0 3000 3 1 1 11
3 4 1 1 1 0 0 487 1 11 11 1
3 5 0 1 0 0 0 3000 2 14 14 11
3 6 0 1 0 0 0 3000 2 15 15 14
3 7 1 1 1 0 0 496 1 14 14 15
3 8 0 1 0 0 0 3000 3 8 8 14
3 9 1 1 1 0 0 513 1 14 14 8
3 10 0 1 0 0 0 3000 2 1 1 14
3 11 1 0 0 1 0 3000 1 14 14 1
3 12 0 0 0 0 1 520 3 7 7 14
3 13 1 1 1 0 0 497 1 14 14 7
3 14 0 1 0 0 0 3000 2 1 1 14
3 15 1 1 1 0 0 469 1 14 14 1
3 16 0 0 0 0 1 597 3 7 7 14
3 17 0 0 0 0 1 711 3 1 1 7
3 18 0 0 0 0 1 569 2 14 14 1
3 19 1 1 1 0 0 529 1 1 1 14
3 20 0 1 0 0 0 3000 3 2 2 1
3 21 0 1 0 0 0 3000 2 15 15 2
3 22 0 1 0 0 0 3000 2 8 8 15
3 23 0 1 0 0 0 3000 3 9 9 8
3 24 0 1 0 0 0 3000 3 1 1 9
3 25 0 1 0 0 0 3000 2 6 6 1
3 26 1 1 1 0 0 564 1 1 1 6
3 27 0 1 0 0 0 3000 3 9 9 1
3 28 0 1 0 0 0 3000 2 12 12 9
3 29 0 1 0 0 0 3000 3 3 3 12
3 30 0 1 0 0 0 3000 3 8 8 3
