1 1 0 1 0 0 0 3000 1 6 6 0
1 2 0 1 0 0 0 3000 3 3 3 6
1 3 0 1 0 0 0 3000 2 14 14 3
1 4 0 1 0 0 0 3000 3 13 13 14
1 5 1 1 1 0 0 615 1 14 14 13
1 6 1 1 1 0 0 1023 1 13 13 14
1 7 1 1 1 0 0 558 1 14 14 13
1 8 1 1 1 0 0 2399 1 13 13 14
1 9 0 1 0 0 0 3000 2 15 15 13
1 10 0 0 0 0 1 674 3 14 14 15
1 11 0 1 0 0 0 3000 3 6 6 14
1 12 0 1 0 0 0 3000 2 11 11 6
1 13 1 1 1 0 0 484 1 6 6 11
1 14 1 1 1 0 0 1250 1 11 11 6
1 15 1 1 1 0 0 656 1 6 6 11
1 16 1 1 1 0 0 466 1 11 11 6
1 17 0 1 0 0 0 3000 3 3 3 11
1 18 1 1 1 0 0 401 1 11 11 3
1 19 0 1 0 0 0 3000 3 12 12 11
1 20 1 1 1 0 0 471 1 11 11 12
2 1 0 1 0 0 0 3000 2 7 7 11
2 2 0 1 0 0 0 3000 2 2 2 7
2 3 0 1 0 0 0 3000 3 5 5 2
2 4 0 1 0 0 0 3000 3 4 4 5
2 5 1 1 1 0 0 443 1 5 5 4
2 6 1 1 1 0 0 430 1 4 4 5
2 7 0 1 0 0 0 3000 2 2 2 4
2 8 0 1 0 0 0 3000 3 6 6 2
2 9 1 1 1 0 0 421 1 2 2 6
2 10 0 1 0 0 0 3000 2 12 12 2
2 11 0 1 0 0 0 3000 3 11 11 12
2 12 1 1 1 0 0 525 1 12 12 11
2 13 1 1 1 0 0 2571 1 11 11 12
2 14 0 1 0 0 0 3000 2 1 1 11
2 15 1 1 1 0 0 406 1 11 11 1
2 16 0 1 0 0 0 3000 3 10 10 11
2 17 0 1 0 0 0 3000 2 14 14 10
2 18 1 1 1 0 0 447 1 10 10 14
2 19 0 1 0 0 0 3000 3 8 8 10
2 20 1 1 1 0 0 633 1 10 10 8
2 21 0 1 0 0 0 3000 3 5 5 10
2 22 0 1 0 0 0 3000 3 5 5 5
2 23 0 1 0 0 0 3000 3 2 2 5
2 24 1 1 1 0 0 435 1 5 5 2
2 25 1 1 1 0 0 809 1 2 2 5
2 26 1 1 1 0 0 637 1 5 5 2
2 27 1 1 1 0 0 587 1 2 2 5
2 28 0 1 0 0 0 3000 3 9 9 2
2 29 0 1 0 0 0 3000 3 12 12 9
2 30 0 1 0 0 0 3000 2 3 3 12
3 1 0 1 0 0 0 3000 2 2 2 3
3 2 0 1 0 0 0 3000 2 9 9 2
3 3 0 1 0 0 0 3000 3 15 15 9
3 4 1 1 1 0 0 439 1 9 9 15
3 5 1 1 1 0 0 972 1 15 15 9
3 6 0 1 0 0 0 3000 3 5 5 15
3 7 0 1 0 0 0 3000 3 10 10 5
3 8 1 1 1 0 0 435 1 5 5 10
3 9 1 1 1 0 0 692 1 10 10 5
3 10 0 1 0 0 0 3000 3 8 8 10
3 11 1 1 1 0 0 697 1 10 10 8
3 12 0 0 0 0 1 1427 2 10 10 10
3 13 0 1 0 0 0 3000 3 15 15 10
3 14 0 0 0 0 1 637 3 8 8 15
3 15 0 1 0 0 0 3000 2 9 9 8
3 16 0 1 0 0 0 3000 3 6 6 9
3 17 1 1 1 0 0 1007 1 9 9 6
3 18 0 1 0 0 0 3000 3 2 2 9
3 19 0 1 0 0 0 3000 2 11 11 2
3 20 0 1 0 0 0 3000 2 7 7 11
3 21 0 1 0 0 0 3000 2 1 1 7
3 22 1 1 1 0 0 478 1 7 7 1
3 23 0 1 0 0 0 3000 3 14 14 7
3 24 0 1 0 0 0 3000 2 11 11 14
3 25 0 1 0 0 0 3000 2 10 10 11
3 26 0 0 0 0 1 762 2 14 14 10
3 27 0 1 0 0 0 3000 2 12 12 14
3 28 1 1 1 0 0 471 1 14 14 12
3 29 1 1 1 0 0 887 1 12 12 14
3 30 0 1 0 0 0 3000 3 8 8 12
