1 1 0 1 0 0 0 3000 3 4 4 0
1 2 0 1 0 0 0 3000 2 2 2 4
1 3 1 1 1 0 0 1346 1 4 4 2
1 4 0 1 0 0 0 3000 3 1 1 4
1 5 0 1 0 0 0 3000 3 11 11 1
1 6 1 1 1 0 0 1272 1 1 1 11
1 7 0 1 0 0 0 3000 2 4 4 1
1 8 0 1 0 0 0 3000 3 12 12 4
1 9 1 1 1 0 0 944 1 4 4 12
1 10 1 0 0 1 0 3000 1 12 12 4
1 11 0 1 0 0 0 3000 2 15 15 12
1 12 0 1 0 0 0 3000 3 13 13 15
1 13 0 1 0 0 0 3000 3 1 1 13
1 14 0 1 0 0 0 3000 2 8 8 1
1 15 1 1 1 0 0 713 1 1 1 8
1 16 1 0 0 1 0 3000 1 8 8 1
1 17 0 1 0 0 0 3000 3 13 13 8
1 18 0 1 0 0 0 3000 3 2 2 13
1 19 1 0 0 1 0 3000 1 13 13 2
1 20 0 1 0 0 0 3000 2 12 12 13
2 1 0 1 0 0 0 3000 3 2 2 12
2 2 0 1 0 0 0 3000 2 1 1 2
2 3 0 0 0 0 1 644 3 4 4 1
2 4 0 1 0 0 0 3000 3 10 10 4
2 5 0 1 0 0 0 3000 2 13 13 10
2 6 0 0 0 0 1 723 3 13 13 13
2 7 0 1 0 0 0 3000 3 5 5 13
2 8 1 0 0 1 0 3000 1 13 13 5
2 9 0 0 0 0 1 436 3 9 9 13
2 10 0 0 0 0 1 340 3 5 5 9
2 11 0 0 0 0 1 356 3 8 8 5
2 12 1 1 1 0 0 590 1 5 5 8
2 13 0 1 0 0 0 3000 2 11 11 5
2 14 0 0 0 0 1 437 3 2 2 11
2 15 0 0 0 0 1 548 3 8 8 2
2 16 1 1 1 0 0 590 1 2 2 8
2 17 0 0 0 0 1 560 3 11 11 2
2 18 1 1 1 0 0 737 1 2 2 11
2 19 1 0 0 1 0 3000 1 11 11 2
2 20 0 1 0 0 0 3000 2 10 10 11
2 21 1 1 1 0 0 562 1 11 11 10
2 22 0 1 0 0 0 3000 3 15 15 11
2 23 0 1 0 0 0 3000 3 7 7 15
2 24 0 0 0 0 1 743 2 6 6 7
2 25 0 0 0 0 1 1218 3 11 11 6
2 26 0 1 0 0 0 3000 3 12 12 11
2 27 0 0 0 0 1 834 2 1 1 12
2 28 1 1 1 0 0 671 1 12 12 1
2 29 0 1 0 0 0 3000 3 5 5 12
2 30 0 0 0 0 1 501 2 3 3 5
3 1 0 0 0 0 1 1297 3 3 3 3
3 2 0 1 0 0 0 3000 2 2 2 3
3 3 1 1 1 0 0 503 1 3 3 2
3 4 0 1 0 0 0 3000 2 5 5 3
3 5 0 1 0 0 0 3000 2 10 10 5
3 6 0 1 0 0 0 3000 3 13 13 10
3 7 0 1 0 0 0 3000 2 6 6 13
3 8 1 1 1 0 0 949 1 13 13 6
3 9 1 1 1 0 0 1493 1 6 6 13
3 10 0 0 0 0 1 577 3 5 5 6
3 11 0 0 0 0 1 670 3 12 12 5
3 12 1 1 1 0 0 511 1 5 5 12
3 13 0 0 0 0 1 505 3 5 5 5
3 14 0 0 0 0 1 590 3 1 1 5
3 15 0 0 0 0 1 341 2 2 2 1
3 16 1 1 1 0 0 447 1 1 1 2
3 17 0 1 0 0 0 3000 2 3 3 1
3 18 0 0 0 0 1 494 2 11 11 3
3 19 0 0 0 0 1 509 2 1 1 11
3 20 0 0 0 0 1 413 3 6 6 1
3 21 1 1 1 0 0 460 1 1 1 6
3 22 1 1 1 0 0 761 1 6 6 1
3 23 1 1 1 0 0 581 1 1 1 6
3 24 1 1 1 0 0 508 1 6 6 1
3 25 0 0 0 0 1 391 2 7 7 6
3 26 0 0 0 0 1 688 2 9 9 7
3 27 0 0 0 0 1 729 2 15 15 9
3 28 0 0 0 0 1 407 3 15 15 15
3 29 1 1 1 0 0 383 1 15 15 15
3 30 0 1 0 0 0 3000 3 9 9 15
