1 1 0 1 0 0 0 3000 3 14 14 0
1 2 0 1 0 0 0 3000 1 1 1 14
1 3 0 1 0 0 0 3000 2 4 4 1
1 4 0 1 0 0 0 3000 2 11 11 4
1 5 0 1 0 0 0 3000 2 15 15 11
1 6 1 1 1 0 0 920 1 11 11 15
1 7 0 1 0 0 0 3000 3 8 8 11
1 8 1 1 1 0 0 421 1 11 11 8
1 9 0 1 0 0 0 3000 3 6 6 11
1 10 1 1 1 0 0 459 1 11 11 6
1 11 0 1 0 0 0 3000 2 2 2 11
1 12 1 1 1 0 0 570 1 11 11 2
1 13 0 1 0 0 0 3000 3 9 9 11
1 14 0 1 0 0 0 3000 2 13 13 9
1 15 1 1 1 0 0 697 1 9 9 13
1 16 1 1 1 0 0 862 1 13 13 9
1 17 0 1 0 0 0 3000 2 3 3 13
1 18 0 1 0 0 0 3000 3 8 8 3
1 19 0 1 0 0 0 3000 3 5 5 8
1 20 1 1 1 0 0 452 1 8 8 5
2 1 0 1 0 0 0 3000 2 11 11 8
2 2 0 1 0 0 0 3000 2 5 5 11
2 3 0 1 0 0 0 3000 2 4 4 5
2 4 0 1 0 0 0 3000 3 8 8 4
2 5 0 1 0 0 0 3000 2 7 7 8
2 6 0 1 0 0 0 3000 2 15 15 7
2 7 1 1 1 0 0 390 1 7 7 15
2 8 1 1 1 0 0 1808 1 15 15 7
2 9 1 1 1 0 0 561 1 7 7 15
2 10 0 1 0 0 0 3000 3 13 13 7
2 11 0 1 0 0 0 3000 2 8 8 13
2 12 0 1 0 0 0 3000 3 9 9 8
2 13 1 1 1 0 0 378 1 8 8 9
2 14 1 1 1 0 0 546 1 9 9 8
2 15 1 1 1 0 0 616 1 8 8 9
2 16 0 1 0 0 0 3000 2 11 11 8
2 17 0 1 0 0 0 3000 3 4 4 11
2 18 1 1 1 0 0 327 1 11 11 4
2 19 1 1 1 0 0 675 1 4 4 11
2 20 0 1 0 0 0 3000 3 8 8 4
2 21 1 1 1 0 0 356 1 4 4 8
2 22 0 1 0 0 0 3000 2 4 4 4
2 23 1 1 1 0 0 422 1 4 4 4
2 24 0 1 0 0 0 3000 2 6 6 4
2 25 0 1 0 0 0 3000 3 6 6 6
2 26 1 1 1 0 0 309 1 6 6 6
2 27 0 1 0 0 0 3000 2 3 3 6
2 28 0 1 0 0 0 3000 3 4 4 3
2 29 0 1 0 0 0 3000 2 7 7 4
2 30 1 1 1 0 0 320 1 4 4 7
3 1 0 1 0 0 0 3000 1 8 8 4
3 2 0 1 0 0 0 3000 3 15 15 8
3 3 0 1 0 0 0 3000 3 4 4 15
3 4 0 1 0 0 0 3000 3 2 2 4
3 5 1 1 1 0 0 636 1 4 4 2
3 6 1 1 1 0 0 399 1 2 2 4
3 7 0 1 0 0 0 3000 2 1 1 2
3 8 0 1 0 0 0 3000 2 5 5 1
3 9 0 1 0 0 0 3000 3 3 3 5
3 10 0 0 0 0 1 322 3 6 6 3
3 11 0 1 0 0 0 3000 2 5 5 6
3 12 1 1 1 0 0 359 1 6 6 5
3 13 0 1 0 0 0 3000 2 1 1 6
3 14 1 1 1 0 0 365 1 6 6 1
3 15 0 1 0 0 0 3000 2 14 14 6
3 16 0 1 0 0 0 3000 2 3 3 14
3 17 1 1 1 0 0 493 1 14 14 3
3 18 0 1 0 0 0 3000 3 15 15 14
3 19 0 1 0 0 0 3000 2 8 8 15
3 20 0 1 0 0 0 3000 2 14 14 8
3 21 0 1 0 0 0 3000 2 12 12 14
3 22 0 1 0 0 0 3000 2 8 8 12
3 23 1 1 1 0 0 318 1 12 12 8
3 24 1 1 1 0 0 607 1 8 8 12
3 25 1 1 1 0 0 719 1 12 12 8
3 26 0 1 0 0 0 3000 2 14 14 12
3 27 0 1 0 0 0 3000 2 1 1 14
3 28 1 1 1 0 0 547 1 14 14 1
3 29 0 1 0 0 0 3000 2 3 3 14
3 30 0 1 0 0 0 3000 3 6 6 3
