1 1 0 1 0 0 0 3000 1 7 7 0
1 2 0 1 0 0 0 3000 3 1 1 7
1 3 0 1 0 0 0 3000 2 8 8 1
1 4 0 1 0 0 0 3000 3 5 5 8
1 5 0 1 0 0 0 3000 2 4 4 5
1 6 0 1 0 0 0 3000 2 11 11 4
1 7 0 0 0 0 1 911 3 7 7 11
1 8 1 0 0 1 0 3000 1 11 11 7
1 9 0 1 0 0 0 3000 3 14 14 11
1 10 0 0 0 0 1 1372 3 7 7 14
1 11 0 0 0 0 1 1077 3 10 10 7
1 12 1 1 1 0 0 1105 1 7 7 10
1 13 0 1 0 0 0 3000 2 6 6 7
1 14 0 1 0 0 0 3000 3 5 5 6
1 15 1 1 1 0 0 1214 1 6 6 5
1 16 0 1 0 0 0 3000 3 13 13 6
1 17 0 1 0 0 0 3000 3 3 3 13
1 18 0 0 0 0 1 1095 3 5 5 3
1 19 0 0 0 0 1 737 2 5 5 5
1 20 0 0 0 0 1 663 3 1 1 5
2 1 0 1 0 0 0 3000 3 8 8 1
2 2 0 1 0 0 0 3000 2 6 6 8
2 3 1 1 1 0 0 811 1 8 8 6
2 4 0 1 0 0 0 3000 3 14 14 8
2 5 0 0 0 0 1 1288 3 6 6 14
2 6 1 1 1 0 0 996 1 14 14 6
2 7 1 0 0 1 0 3000 1 6 6 14
2 8 0 0 0 0 1 671 3 6 6 6
2 9 0 1 0 0 0 3000 2 11 11 6
2 10 1 1 1 0 0 653 1 6 6 11
2 11 0 1 0 0 0 3000 3 14 14 6
2 12 0 1 0 0 0 3000 2 4 4 14
2 13 0 1 0 0 0 3000 2 3 3 4
2 14 1 0 0 1 0 3000 1 4 4 3
2 15 0 1 0 0 0 3000 2 8 8 4
2 16 0 0 0 0 1 796 2 14 14 8
2 17 1 1 1 0 0 866 1 8 8 14
2 18 0 1 0 0 0 3000 3 2 2 8
2 19 0 1 0 0 0 3000 2 13 13 2
2 20 0 1 0 0 0 3000 3 12 12 13
2 21 0 1 0 0 0 3000 3 11 11 12
2 22 0 1 0 0 0 3000 3 4 4 11
2 23 0 1 0 0 0 3000 2 1 1 4
2 24 0 1 0 0 0 3000 3 1 1 1
2 25 1 1 1 0 0 1084 1 1 1 1
2 26 0 1 0 0 0 3000 3 9 9 1
2 27 1 1 1 0 0 1292 1 1 1 9
2 28 1 0 0 1 0 3000 1 9 9 1
2 29 0 1 0 0 0 3000 2 5 5 9
2 30 0 1 0 0 0 3000 3 13 13 5
3 1 0 1 0 0 0 3000 1 14 14 13
3 2 0 1 0 0 0 3000 3 11 11 14
3 3 0 1 0 0 0 3000 2 7 7 11
3 4 1 1 1 0 0 927 1 11 11 7
3 5 0 0 0 0 1 843 2 10 10 11
3 6 0 1 0 0 0 3000 3 15 15 10
3 7 1 1 1 0 0 1015 1 10 10 15
3 8 1 1 1 0 0 992 1 15 15 10
3 9 0 1 0 0 0 3000 3 13 13 15
3 10 0 0 0 0 1 711 2 7 7 13
3 11 1 0 0 1 0 3000 1 13 13 7
3 12 1 1 1 0 0 652 1 7 7 13
3 13 1 1 1 0 0 887 1 13 13 7
3 14 0 1 0 0 0 3000 2 14 14 13
3 15 0 1 0 0 0 3000 3 7 7 14
3 16 0 1 0 0 0 3000 2 11 11 7
3 17 1 1 1 0 0 653 1 7 7 11
3 18 0 1 0 0 0 3000 2 6 6 7
3 19 0 1 0 0 0 3000 2 12 12 6
3 20 1 1 1 0 0 764 1 6 6 12
3 21 0 1 0 0 0 3000 3 3 3 6
3 22 0 0 0 0 1 765 3 11 11 3
3 23 0 1 0 0 0 3000 3 1 1 11
3 24 0 1 0 0 0 3000 2 4 4 1
3 25 0 0 0 0 1 903 2 3 3 4
3 26 0 1 0 0 0 3000 2 6 6 3
3 27 1 1 1 0 0 687 1 3 3 6
3 28 1 1 1 0 0 833 1 6 6 3
3 29 0 1 0 0 0 3000 3 14 14 6
3 30 0 1 0 0 0 3000 3 13 13 14
