1 1 0 1 0 0 0 3000 3 4 4 0
1 2 0 1 0 0 0 3000 3 6 6 4
1 3 0 1 0 0 0 3000 3 8 8 6
1 4 1 1 1 0 0 866 1 6 6 8
1 5 0 1 0 0 0 3000 2 11 11 6
1 6 1 0 0 1 0 3000 1 6 6 11
1 7 0 1 0 0 0 3000 3 3 3 6
1 8 0 1 0 0 0 3000 3 13 13 3
1 9 0 1 0 0 0 3000 3 13 13 13
1 10 0 1 0 0 0 3000 2 4 4 13
1 11 0 1 0 0 0 3000 2 14 14 4
1 12 0 1 0 0 0 3000 2 5 5 14
1 13 0 1 0 0 0 3000 3 4 4 5
1 14 0 1 0 0 0 3000 3 13 13 4
1 15 0 1 0 0 0 3000 3 8 8 13
1 16 0 1 0 0 0 3000 2 10 10 8
1 17 0 1 0 0 0 3000 2 1 1 10
1 18 0 1 0 0 0 3000 3 8 8 1
1 19 1 1 1 0 0 392 1 1 1 8
1 20 1 0 0 1 0 3000 1 8 8 1
2 1 0 1 0 0 0 3000 2 10 10 8
2 2 0 1 0 0 0 3000 3 10 10 10
2 3 1 1 1 0 0 643 1 10 10 10
2 4 0 1 0 0 0 3000 3 3 3 10
2 5 0 1 0 0 0 3000 2 5 5 3
2 6 0 1 0 0 0 3000 2 14 14 5
2 7 1 1 1 0 0 667 1 5 5 14
2 8 0 1 0 0 0 3000 2 8 8 5
2 9 0 1 0 0 0 3000 2 15 15 8
2 10 0 1 0 0 0 3000 2 6 6 15
2 11 1 1 1 0 0 703 1 15 15 6
2 12 0 1 0 0 0 3000 3 11 11 15
2 13 1 1 1 0 0 1103 1 15 15 11
2 14 0 1 0 0 0 3000 2 7 7 15
2 15 1 1 1 0 0 479 1 15 15 7
2 16 0 1 0 0 0 3000 2 4 4 15
2 17 0 1 0 0 0 3000 2 14 14 4
2 18 1 1 1 0 0 648 1 4 4 14
2 19 0 1 0 0 0 3000 2 4 4 4
2 20 0 1 0 0 0 3000 2 2 2 4
2 21 0 1 0 0 0 3000 3 7 7 2
2 22 1 1 1 0 0 554 1 2 2 7
2 23 1 1 1 0 0 641 1 7 7 2
2 24 0 1 0 0 0 3000 3 7 7 7
2 25 0 1 0 0 0 3000 3 13 13 7
2 26 1 1 1 0 0 607 1 7 7 13
2 27 1 1 1 0 0 592 1 13 13 7
2 28 0 1 0 0 0 3000 2 8 8 13
2 29 0 1 0 0 0 3000 3 6 6 8
2 30 1 1 1 0 0 547 1 8 8 6
3 1 0 1 0 0 0 3000 1 14 14 8
3 2 0 1 0 0 0 3000 1 6 6 14
3 3 0 1 0 0 0 3000 3 6 6 6
3 4 1 1 1 0 0 641 1 6 6 6
3 5 0 1 0 0 0 3000 3 11 11 6
3 6 0 1 0 0 0 3000 3 5 5 11
3 7 1 1 1 0 0 801 1 11 11 5
3 8 1 1 1 0 0 715 1 5 5 11
3 9 0 1 0 0 0 3000 2 15 15 5
3 10 0 1 0 0 0 3000 3 14 14 15
3 11 1 1 1 0 0 633 1 15 15 14
3 12 1 1 1 0 0 660 1 14 14 15
3 13 0 1 0 0 0 3000 2 9 9 14
3 14 1 1 1 0 0 618 1 14 14 9
3 15 1 1 1 0 0 531 1 9 9 14
3 16 0 1 0 0 0 3000 3 12 12 9
3 17 0 1 0 0 0 3000 3 12 12 12
3 18 1 1 1 0 0 446 1 12 12 12
3 19 1 1 1 0 0 575 1 12 12 12
3 20 1 1 1 0 0 469 1 12 12 12
3 21 0 1 0 0 0 3000 2 8 8 12
3 22 1 1 1 0 0 404 1 12 12 8
3 23 1 1 1 0 0 594 1 8 8 12
3 24 1 1 1 0 0 452 1 12 12 8
3 25 0 1 0 0 0 3000 3 4 4 12
3 26 1 1 1 0 0 396 1 12 12 4
3 27 0 1 0 0 0 3000 3 8 8 12
3 28 1 1 1 0 0 543 1 12 12 8
3 29 0 1 0 0 0 3000 3 11 11 12
3 30 1 1 1 0 0 366 1 12 12 11
