1 1 0 0 0 0 1 2994 3 1 1 0
1 2 0 0 0 0 1 942 1 15 15 1
1 3 0 0 0 0 1 749 2 3 3 15
1 4 0 0 0 0 1 538 2 8 8 3
1 5 1 1 1 0 0 467 1 3 3 8
1 6 0 0 0 0 1 776 3 13 13 3
1 7 0 0 0 0 1 1024 2 2 2 13
1 8 1 0 0 1 0 3000 1 13 13 2
1 9 0 0 0 0 1 587 3 10 10 13
1 10 0 0 0 0 1 76 3 15 15 10
1 11 1 1 1 0 0 541 1 10 10 15
1 12 0 0 0 0 1 522 2 10 10 10
1 13 1 1 1 0 0 540 1 10 10 10
1 14 0 0 0 0 1 36 3 15 15 10
1 15 1 1 1 0 0 186 1 10 10 15
1 16 0 0 0 0 1 557 2 4 4 10
1 17 0 0 0 0 1 979 2 13 13 4
1 18 0 0 0 0 1 331 3 5 5 13
1 19 0 0 0 0 1 196 3 4 4 5
1 20 0 0 0 0 1 613 2 10 10 4
2 1 0 1 0 0 0 3000 1 15 15 10
2 2 0 0 0 0 1 502 3 1 1 15
2 3 1 1 1 0 0 566 1 15 15 1
2 4 0 0 0 0 1 456 2 10 10 15
2 5 1 1 1 0 0 538 1 15 15 10
2 6 0 1 0 0 0 3000 2 4 4 15
2 7 1 0 0 1 0 3000 1 15 15 4
2 8 0 1 0 0 0 3000 2 5 5 15
2 9 0 1 0 0 0 3000 2 4 4 5
2 10 1 1 1 0 0 424 1 5 5 4
2 11 0 0 0 0 1 532 3 11 11 5
2 12 0 0 0 0 1 231 2 13 13 11
2 13 1 1 1 0 0 63 1 11 11 13
2 14 0 0 0 0 1 113 3 7 7 11
2 15 1 1 1 0 0 166 1 11 11 7
2 16 0 0 0 0 1 187 2 2 2 11
2 17 1 1 1 0 0 166 1 11 11 2
2 18 0 0 0 0 1 39 2 9 9 11
2 19 0 0 0 0 1 184 3 9 9 9
2 20 0 0 0 0 1 130 2 6 6 9
2 21 0 0 0 0 1 266 2 5 5 6
2 22 0 0 0 0 1 54 3 8 8 5
2 23 0 0 0 0 1 140 2 9 9 8
2 24 0 0 0 0 1 443 2 5 5 9
2 25 1 1 1 0 0 390 1 9 9 5
2 26 0 0 0 0 1 152 2 13 13 9
2 27 0 0 0 0 1 223 2 15 15 13
2 28 1 1 1 0 0 108 1 13 13 15
2 29 0 0 0 0 1 40 2 1 1 13
2 30 0 0 0 0 1 558 3 7 7 1
3 1 0 0 0 0 1 971 3 13 13 7
3 2 0 0 0 0 1 544 3 2 2 13
3 3 0 0 0 0 1 61 2 14 14 2
3 4 0 0 0 0 1 48 2 11 11 14
3 5 0 0 0 0 1 2428 2 2 2 11
3 6 0 0 0 0 1 1898 3 6 6 2
3 7 0 0 0 0 1 215 3 8 8 6
3 8 1 1 1 0 0 206 1 6 6 8
3 9 0 0 0 0 1 77 2 9 9 6
3 10 0 0 0 0 1 113 2 14 14 9
3 11 0 1 0 0 0 3000 3 14 14 14
3 12 0 1 0 0 0 3000 2 4 4 14
3 13 1 0 0 1 0 3000 1 14 14 4
3 14 0 1 0 0 0 3000 3 14 14 14
3 15 0 1 0 0 0 3000 3 13 13 14
3 16 0 1 0 0 0 3000 2 8 8 13
3 17 1 0 0 1 0 3000 1 13 13 8
3 18 0 1 0 0 0 3000 2 5 5 13
3 19 0 1 0 0 0 3000 3 8 8 5
3 20 1 0 0 1 0 3000 1 5 5 8
3 21 0 1 0 0 0 3000 3 4 4 5
3 22 0 1 0 0 0 3000 2 3 3 4
3 23 1 0 0 1 0 3000 1 4 4 3
3 24 0 1 0 0 0 3000 3 9 9 4
3 25 1 0 0 1 0 3000 1 4 4 9
3 26 1 0 0 1 0 3000 1 9 9 4
3 27 0 1 0 0 0 3000 3 6 6 9
3 28 0 1 0 0 0 3000 2 5 5 6
3 29 0 1 0 0 0 3000 2 4 4 5
3 30 0 1 0 0 0 3000 3 1 1 4
