1 1 0 1 0 0 0 3000 3 1 1 0
1 2 0 1 0 0 0 3000 1 14 14 1
1 3 0 1 0 0 0 3000 2 14 14 14
1 4 0 1 0 0 0 3000 2 8 8 14
1 5 0 1 0 0 0 3000 2 1 1 8
1 6 1 0 0 1 0 3000 1 8 8 1
1 7 1 0 0 1 0 3000 1 1 1 8
1 8 0 1 0 0 0 3000 2 13 13 1
1 9 0 1 0 0 0 3000 2 11 11 13
1 10 0 1 0 0 0 3000 3 1 1 11
1 11 1 0 0 1 0 3000 1 11 11 1
1 12 0 1 0 0 0 3000 3 4 4 11
1 13 0 1 0 0 0 3000 2 12 12 4
1 14 1 0 0 1 0 3000 1 4 4 12
1 15 1 0 0 1 0 3000 1 12 12 4
1 16 1 0 0 1 0 3000 1 4 4 12
1 17 1 0 0 1 0 3000 1 12 12 4
1 18 0 1 0 0 0 3000 2 9 9 12
1 19 0 1 0 0 0 3000 2 15 15 9
1 20 0 1 0 0 0 3000 2 13 13 15
2 1 0 1 0 0 0 3000 2 13 13 13
2 2 0 1 0 0 0 3000 1 14 14 13
2 3 1 0 0 1 0 3000 1 13 13 14
2 4 0 1 0 0 0 3000 2 12 12 13
2 5 0 1 0 0 0 3000 3 5 5 12
2 6 0 1 0 0 0 3000 3 4 4 5
2 7 1 0 0 1 0 3000 1 5 5 4
2 8 0 1 0 0 0 3000 2 7 7 5
2 9 0 1 0 0 0 3000 2 7 7 7
2 10 0 1 0 0 0 3000 2 5 5 7
2 11 1 0 0 1 0 3000 1 7 7 5
2 12 0 1 0 0 0 3000 2 2 2 7
2 13 0 1 0 0 0 3000 3 11 11 2
2 14 0 1 0 0 0 3000 2 3 3 11
2 15 0 1 0 0 0 3000 3 5 5 3
2 16 0 1 0 0 0 3000 3 12 12 5
2 17 0 1 0 0 0 3000 3 12 12 12
2 18 0 1 0 0 0 3000 3 14 14 12
2 19 1 0 0 1 0 3000 1 12 12 14
2 20 0 1 0 0 0 3000 3 8 8 12
2 21 0 1 0 0 0 3000 3 4 4 8
2 22 0 1 0 0 0 3000 2 11 11 4
2 23 0 1 0 0 0 3000 3 3 3 11
2 24 0 1 0 0 0 3000 2 9 9 3
2 25 0 1 0 0 0 3000 2 7 7 9
2 26 1 0 0 1 0 3000 1 9 9 7
2 27 1 0 0 1 0 3000 1 7 7 9
2 28 1 0 0 1 0 3000 1 9 9 7
2 29 0 1 0 0 0 3000 2 9 9 9
2 30 1 0 0 1 0 3000 1 9 9 9
3 1 0 1 0 0 0 3000 3 6 6 9
3 2 0 1 0 0 0 3000 3 7 7 6
3 3 0 1 0 0 0 3000 3 15 15 7
3 4 0 1 0 0 0 3000 2 3 3 15
3 5 0 1 0 0 0 3000 2 7 7 3
3 6 1 0 0 1 0 3000 1 3 3 7
3 7 1 0 0 1 0 3000 1 7 7 3
3 8 0 1 0 0 0 3000 3 4 4 7
3 9 0 1 0 0 0 3000 2 3 3 4
3 10 0 1 0 0 0 3000 3 15 15 3
3 11 0 1 0 0 0 3000 2 7 7 15
3 12 1 0 0 1 0 3000 1 15 15 7
3 13 0 1 0 0 0 3000 2 13 13 15
3 14 1 0 0 1 0 3000 1 15 15 13
3 15 0 1 0 0 0 3000 3 3 3 15
3 16 0 1 0 0 0 3000 3 8 8 3
3 17 1 0 0 1 0 3000 1 3 3 8
3 18 0 1 0 0 0 3000 2 10 10 3
3 19 0 1 0 0 0 3000 2 14 14 10
3 20 0 1 0 0 0 3000 3 13 13 14
3 21 1 0 0 1 0 3000 1 14 14 13
3 22 0 1 0 0 0 3000 2 12 12 14
3 23 0 1 0 0 0 3000 3 13 13 12
3 24 0 1 0 0 0 3000 3 11 11 13
3 25 1 0 0 1 0 3000 1 13 13 11
3 26 1 0 0 1 0 3000 1 11 11 13
3 27 1 0 0 1 0 3000 1 13 13 11
3 28 0 1 0 0 0 3000 3 5 5 13
3 29 0 1 0 0 0 3000 3 15 15 5
3 30 0 1 0 0 0 3000 2 12 12 15
