1 1 0 1 0 0 0 3000 1 14 14 0
1 2 0 1 0 0 0 3000 2 13 13 14
1 3 0 1 0 0 0 3000 3 10 10 13
1 4 1 0 0 1 0 3000 1 13 13 10
1 5 0 0 0 0 1 867 2 12 12 13
1 6 1 1 1 0 0 377 1 13 13 12
1 7 0 0 0 0 1 63 2 7 7 13
1 8 0 0 0 0 1 210 3 6 6 7
1 9 0 0 0 0 1 209 3 10 10 6
1 10 1 1 1 0 0 2 1 6 6 10
1 11 0 1 0 0 0 3000 3 3 3 6
1 12 0 1 0 0 0 3000 2 15 15 3
1 13 0 0 0 0 1 2009 2 11 11 15
1 14 0 0 0 0 1 82 2 5 5 11
1 15 0 0 0 0 1 91 2 5 5 5
1 16 0 1 0 0 0 3000 2 6 6 5
1 17 1 0 0 1 0 3000 1 5 5 6
1 18 1 1 1 0 0 1561 1 6 6 5
1 19 1 1 1 0 0 190 1 5 5 6
1 20 1 1 1 0 0 97 1 6 6 5
2 1 0 0 0 0 1 2493 2 3 3 6
2 2 0 0 0 0 1 103 1 14 14 3
2 3 1 0 0 1 0 3000 1 3 3 14
2 4 0 1 0 0 0 3000 3 13 13 3
2 5 1 0 0 1 0 3000 1 3 3 13
2 6 0 0 0 0 1 1700 3 3 3 3
2 7 0 1 0 0 0 3000 2 14 14 3
2 8 0 1 0 0 0 3000 3 9 9 14
2 9 0 1 0 0 0 3000 2 9 9 9
2 10 1 1 1 0 0 514 1 9 9 9
2 11 1 1 1 0 0 789 1 9 9 9
2 12 0 0 0 0 1 777 3 2 2 9
2 13 1 1 1 0 0 577 1 9 9 2
2 14 0 0 0 0 1 1364 3 9 9 9
2 15 0 0 0 0 1 804 3 10 10 9
2 16 0 0 0 0 1 213 3 14 14 10
2 17 0 0 0 0 1 648 2 5 5 14
2 18 1 1 1 0 0 554 1 14 14 5
2 19 0 0 0 0 1 2116 2 10 10 14
2 20 0 0 0 0 1 355 2 4 4 10
2 21 0 0 0 0 1 273 2 11 11 4
2 22 1 1 1 0 0 131 1 4 4 11
2 23 0 0 0 0 1 132 2 9 9 4
2 24 1 1 1 0 0 534 1 4 4 9
2 25 1 1 1 0 0 531 1 9 9 4
2 26 0 0 0 0 1 359 2 15 15 9
2 27 1 1 1 0 0 30 1 9 9 15
2 28 1 1 1 0 0 2227 1 15 15 9
2 29 1 1 1 0 0 35 1 9 9 15
2 30 1 1 1 0 0 257 1 15 15 9
3 1 0 1 0 0 0 3000 1 4 4 15
3 2 0 1 0 0 0 3000 1 8 8 4
3 3 0 0 0 0 1 1409 2 14 14 8
3 4 1 1 1 0 0 129 1 8 8 14
3 5 0 0 0 0 1 139 3 2 2 8
3 6 0 1 0 0 0 3000 3 7 7 2
3 7 0 1 0 0 0 3000 3 4 4 7
3 8 0 1 0 0 0 3000 2 2 2 4
3 9 0 1 0 0 0 3000 2 13 13 2
3 10 1 0 0 1 0 3000 1 2 2 13
3 11 0 1 0 0 0 3000 2 7 7 2
3 12 0 1 0 0 0 3000 3 8 8 7
3 13 0 1 0 0 0 3000 3 13 13 8
3 14 0 1 0 0 0 3000 3 7 7 13
3 15 0 1 0 0 0 3000 3 5 5 7
3 16 0 0 0 0 1 1277 2 15 15 5
3 17 0 0 0 0 1 1073 3 4 4 15
3 18 0 0 0 0 1 552 2 3 3 4
3 19 0 0 0 0 1 1417 3 3 3 3
3 20 0 0 0 0 1 290 3 6 6 3
3 21 0 0 0 0 1 163 3 4 4 6
3 22 1 1 1 0 0 333 1 6 6 4
3 23 0 0 0 0 1 699 3 14 14 6
3 24 1 1 1 0 0 1294 1 6 6 14
3 25 0 0 0 0 1 441 3 11 11 6
3 26 1 1 1 0 0 1143 1 6 6 11
3 27 1 1 1 0 0 170 1 11 11 6
3 28 0 1 0 0 0 3000 3 11 11 11
3 29 1 0 0 1 0 3000 1 11 11 11
3 30 0 1 0 0 0 3000 2 5 5 11
