1 1 0 1 0 0 0 3000 1 11 11 0
1 2 0 1 0 0 0 3000 3 10 10 11
1 3 0 1 0 0 0 3000 3 13 13 10
1 4 1 1 1 0 0 2755 1 10 10 13
1 5 0 1 0 0 0 3000 2 12 12 10
1 6 0 1 0 0 0 3000 2 5 5 12
1 7 0 1 0 0 0 3000 2 3 3 5
1 8 0 0 0 0 1 726 2 12 12 3
1 9 0 0 0 0 1 845 3 13 13 12
1 10 1 1 1 0 0 561 1 12 12 13
1 11 0 1 0 0 0 3000 3 6 6 12
1 12 0 1 0 0 0 3000 2 5 5 6
1 13 1 1 1 0 0 588 1 6 6 5
1 14 0 1 0 0 0 3000 3 6 6 6
1 15 1 1 1 0 0 1113 1 6 6 6
1 16 0 0 0 0 1 598 2 5 5 6
1 17 1 1 1 0 0 598 1 6 6 5
1 18 1 1 1 0 0 1127 1 5 5 6
1 19 0 1 0 0 0 3000 2 3 3 5
1 20 1 1 1 0 0 573 1 5 5 3
2 1 0 1 0 0 0 3000 3 4 4 5
2 2 0 1 0 0 0 3000 3 14 14 4
2 3 0 1 0 0 0 3000 2 7 7 14
2 4 1 1 1 0 0 766 1 14 14 7
2 5 0 1 0 0 0 3000 3 8 8 14
2 6 0 0 0 0 1 396 2 7 7 8
2 7 0 1 0 0 0 3000 3 2 2 7
2 8 0 1 0 0 0 3000 2 15 15 2
2 9 1 1 1 0 0 1110 1 2 2 15
2 10 0 1 0 0 0 3000 2 10 10 2
2 11 0 1 0 0 0 3000 2 7 7 10
2 12 0 1 0 0 0 3000 3 11 11 7
2 13 1 1 1 0 0 668 1 7 7 11
2 14 1 1 1 0 0 876 1 11 11 7
2 15 0 1 0 0 0 3000 2 1 1 11
2 16 0 1 0 0 0 3000 3 5 5 1
2 17 1 1 1 0 0 394 1 1 1 5
2 18 0 1 0 0 0 3000 2 3 3 1
2 19 0 1 0 0 0 3000 2 2 2 3
2 20 1 1 1 0 0 582 1 3 3 2
2 21 0 1 0 0 0 3000 3 9 9 3
2 22 0 1 0 0 0 3000 3 15 15 9
2 23 0 1 0 0 0 3000 2 6 6 15
2 24 0 1 0 0 0 3000 2 9 9 6
2 25 1 1 1 0 0 992 1 6 6 9
2 26 0 1 0 0 0 3000 2 12 12 6
2 27 1 1 1 0 0 420 1 6 6 12
2 28 1 1 1 0 0 407 1 12 12 6
2 29 0 1 0 0 0 3000 2 2 2 12
2 30 1 1 1 0 0 551 1 12 12 2
3 1 0 1 0 0 0 3000 1 3 3 12
3 2 0 1 0 0 0 3000 1 1 1 3
3 3 0 1 0 0 0 3000 2 5 5 1
3 4 1 1 1 0 0 400 1 1 1 5
3 5 0 1 0 0 0 3000 3 15 15 1
3 6 0 1 0 0 0 3000 3 13 13 15
3 7 0 1 0 0 0 3000 3 9 9 13
3 8 1 1 1 0 0 398 1 13 13 9
3 9 0 1 0 0 0 3000 3 11 11 13
3 10 0 1 0 0 0 3000 2 1 1 11
3 11 0 1 0 0 0 3000 3 10 10 1
3 12 1 1 1 0 0 417 1 1 1 10
3 13 0 1 0 0 0 3000 2 3 3 1
3 14 1 0 0 1 0 3000 1 1 1 3
3 15 0 1 0 0 0 3000 3 5 5 1
3 16 0 1 0 0 0 3000 2 9 9 5
3 17 1 1 1 0 0 569 1 5 5 9
3 18 0 1 0 0 0 3000 2 10 10 5
3 19 0 1 0 0 0 3000 2 10 10 10
3 20 0 1 0 0 0 3000 3 4 4 10
3 21 0 0 0 0 1 464 2 4 4 4
3 22 1 1 1 0 0 780 1 4 4 4
3 23 0 1 0 0 0 3000 3 9 9 4
3 24 0 1 0 0 0 3000 2 12 12 9
3 25 0 1 0 0 0 3000 2 14 14 12
3 26 0 1 0 0 0 3000 2 7 7 14
3 27 0 1 0 0 0 3000 2 3 3 7
3 28 0 1 0 0 0 3000 3 14 14 3
3 29 0 1 0 0 0 3000 2 2 2 14
3 30 1 1 1 0 0 1448 1 14 14 2
