1 1 0 1 0 0 0 3000 3 6 6 0
1 2 0 1 0 0 0 3000 1 5 5 6
1 3 0 1 0 0 0 3000 2 10 10 5
1 4 0 1 0 0 0 3000 2 15 15 10
1 5 1 0 0 1 0 3000 1 10 10 15
1 6 0 1 0 0 0 3000 3 8 8 10
1 7 1 0 0 1 0 3000 1 10 10 8
1 8 0 1 0 0 0 3000 3 3 3 10
1 9 1 0 0 1 0 3000 1 10 10 3
1 10 0 1 0 0 0 3000 3 11 11 10
1 11 0 1 0 0 0 3000 3 4 4 11
1 12 0 1 0 0 0 3000 2 10 10 4
1 13 0 1 0 0 0 3000 2 10 10 10
1 14 0 1 0 0 0 3000 3 11 11 10
1 15 0 1 0 0 0 3000 2 4 4 11
1 16 1 0 0 1 0 3000 1 11 11 4
1 17 1 0 0 1 0 3000 1 4 4 11
1 18 1 0 0 1 0 3000 1 11 11 4
1 19 1 0 0 1 0 3000 1 4 4 11
1 20 0 1 0 0 0 3000 2 4 4 4
2 1 0 1 0 0 0 3000 1 6 6 4
2 2 0 1 0 0 0 3000 3 7 7 6
2 3 1 0 0 1 0 3000 1 6 6 7
2 4 0 1 0 0 0 3000 2 6 6 6
2 5 1 0 0 1 0 3000 1 6 6 6
2 6 0 1 0 0 0 3000 2 15 15 6
2 7 1 0 0 1 0 3000 1 6 6 15
2 8 0 1 0 0 0 3000 3 2 2 6
2 9 0 1 0 0 0 3000 3 4 4 2
2 10 0 1 0 0 0 3000 3 10 10 4
2 11 0 1 0 0 0 3000 2 7 7 10
2 12 0 1 0 0 0 3000 2 6 6 7
2 13 0 1 0 0 0 3000 3 11 11 6
2 14 1 0 0 1 0 3000 1 6 6 11
2 15 0 1 0 0 0 3000 2 4 4 6
2 16 1 0 0 1 0 3000 1 6 6 4
2 17 0 1 0 0 0 3000 2 14 14 6
2 18 1 0 0 1 0 3000 1 6 6 14
2 19 0 1 0 0 0 3000 3 8 8 6
2 20 0 1 0 0 0 3000 3 9 9 8
2 21 1 0 0 1 0 3000 1 8 8 9
2 22 1 0 0 1 0 3000 1 9 9 8
2 23 1 0 0 1 0 3000 1 8 8 9
2 24 0 1 0 0 0 3000 3 15 15 8
2 25 1 0 0 1 0 3000 1 8 8 15
2 26 1 0 0 1 0 3000 1 15 15 8
2 27 1 0 0 1 0 3000 1 8 8 15
2 28 1 0 0 1 0 3000 1 15 15 8
2 29 1 0 0 1 0 3000 1 8 8 15
2 30 0 1 0 0 0 3000 2 8 8 8
3 1 0 1 0 0 0 3000 2 13 13 8
3 2 0 1 0 0 0 3000 1 1 1 13
3 3 0 1 0 0 0 3000 2 7 7 1
3 4 1 0 0 1 0 3000 1 1 1 7
3 5 0 1 0 0 0 3000 3 5 5 1
3 6 1 0 0 1 0 3000 1 1 1 5
3 7 0 1 0 0 0 3000 3 9 9 1
3 8 1 0 0 1 0 3000 1 1 1 9
3 9 0 1 0 0 0 3000 2 10 10 1
3 10 1 0 0 1 0 3000 1 1 1 10
3 11 0 1 0 0 0 3000 2 6 6 1
3 12 0 1 0 0 0 3000 3 2 2 6
3 13 0 1 0 0 0 3000 2 4 4 2
3 14 1 0 0 1 0 3000 1 2 2 4
3 15 0 1 0 0 0 3000 2 12 12 2
3 16 0 1 0 0 0 3000 2 10 10 12
3 17 0 1 0 0 0 3000 2 14 14 10
3 18 1 0 0 1 0 3000 1 10 10 14
3 19 0 1 0 0 0 3000 3 12 12 10
3 20 1 0 0 1 0 3000 1 10 10 12
3 21 0 1 0 0 0 3000 3 10 10 10
3 22 1 0 0 1 0 3000 1 10 10 10
3 23 1 0 0 1 0 3000 1 10 10 10
3 24 0 1 0 0 0 3000 2 6 6 10
3 25 1 0 0 1 0 3000 1 10 10 6
3 26 0 1 0 0 0 3000 2 3 3 10
3 27 0 1 0 0 0 3000 2 4 4 3
3 28 0 1 0 0 0 3000 3 2 2 4
3 29 1 0 0 1 0 3000 1 4 4 2
3 30 0 1 0 0 0 3000 2 4 4 4
