1 1 0 1 0 0 0 3000 3 9 9 0
1 2 0 1 0 0 0 3000 3 12 12 9
1 3 1 1 1 0 0 667 1 9 9 12
1 4 0 1 0 0 0 3000 2 15 15 9
1 5 1 1 1 0 0 746 1 9 9 15
1 6 0 1 0 0 0 3000 2 6 6 9
1 7 1 1 1 0 0 697 1 9 9 6
1 8 0 1 0 0 0 3000 3 8 8 9
1 9 1 1 1 0 0 661 1 9 9 8
1 10 1 0 0 1 0 3000 1 8 8 9
1 11 0 0 0 0 1 610 3 12 12 8
1 12 1 1 1 0 0 823 1 8 8 12
1 13 0 1 0 0 0 3000 2 7 7 8
1 14 1 1 1 0 0 389 1 8 8 7
1 15 1 1 1 0 0 478 1 7 7 8
1 16 0 1 0 0 0 3000 3 15 15 7
1 17 0 1 0 0 0 3000 2 14 14 15
1 18 1 1 1 0 0 652 1 15 15 14
1 19 0 1 0 0 0 3000 3 8 8 15
1 20 0 1 0 0 0 3000 2 4 4 8
2 1 0 1 0 0 0 3000 3 1 1 4
2 2 0 1 0 0 0 3000 3 12 12 1
2 3 0 1 0 0 0 3000 2 9 9 12
2 4 1 1 1 0 0 465 1 12 12 9
2 5 1 1 1 0 0 800 1 9 9 12
2 6 1 1 1 0 0 465 1 12 12 9
2 7 0 1 0 0 0 3000 2 2 2 12
2 8 0 1 0 0 0 3000 3 14 14 2
2 9 0 1 0 0 0 3000 2 1 1 14
2 10 0 1 0 0 0 3000 2 6 6 1
2 11 0 1 0 0 0 3000 3 12 12 6
2 12 0 0 0 0 1 625 2 1 1 12
2 13 0 1 0 0 0 3000 3 3 3 1
2 14 0 1 0 0 0 3000 3 6 6 3
2 15 0 1 0 0 0 3000 3 7 7 6
2 16 1 1 1 0 0 650 1 6 6 7
2 17 1 1 1 0 0 444 1 7 7 6
2 18 0 1 0 0 0 3000 3 3 3 7
2 19 1 1 1 0 0 526 1 7 7 3
2 20 0 1 0 0 0 3000 3 8 8 7
2 21 0 1 0 0 0 3000 3 14 14 8
2 22 0 1 0 0 0 3000 2 12 12 14
2 23 0 1 0 0 0 3000 3 6 6 12
2 24 0 1 0 0 0 3000 2 7 7 6
2 25 0 0 0 0 1 597 2 14 14 7
2 26 0 1 0 0 0 3000 2 2 2 14
2 27 1 1 1 0 0 488 1 14 14 2
2 28 0 1 0 0 0 3000 2 14 14 14
2 29 0 1 0 0 0 3000 2 6 6 14
2 30 1 1 1 0 0 397 1 14 14 6
3 1 0 1 0 0 0 3000 3 2 2 14
3 2 0 1 0 0 0 3000 2 7 7 2
3 3 0 1 0 0 0 3000 3 6 6 7
3 4 0 1 0 0 0 3000 2 10 10 6
3 5 1 1 1 0 0 925 1 6 6 10
3 6 0 1 0 0 0 3000 2 7 7 6
3 7 1 1 1 0 0 419 1 6 6 7
3 8 1 1 1 0 0 448 1 7 7 6
3 9 1 1 1 0 0 557 1 6 6 7
3 10 1 1 1 0 0 456 1 7 7 6
3 11 1 1 1 0 0 394 1 6 6 7
3 12 0 1 0 0 0 3000 3 3 3 6
3 13 0 1 0 0 0 3000 2 2 2 3
3 14 0 1 0 0 0 3000 2 9 9 2
3 15 1 1 1 0 0 499 1 2 2 9
3 16 1 1 1 0 0 405 1 9 9 2
3 17 1 1 1 0 0 462 1 2 2 9
3 18 1 1 1 0 0 349 1 9 9 2
3 19 1 1 1 0 0 356 1 2 2 9
3 20 0 1 0 0 0 3000 3 11 11 2
3 21 0 1 0 0 0 3000 3 10 10 11
3 22 0 1 0 0 0 3000 2 3 3 10
3 23 1 1 1 0 0 801 1 10 10 3
3 24 1 1 1 0 0 379 1 3 3 10
3 25 1 1 1 0 0 479 1 10 10 3
3 26 0 1 0 0 0 3000 2 1 1 10
3 27 1 1 1 0 0 475 1 10 10 1
3 28 1 1 1 0 0 513 1 1 1 10
3 29 1 1 1 0 0 395 1 10 10 1
3 30 0 1 0 0 0 3000 3 11 11 10
