1 1 0 1 0 0 0 3000 1 8 8 0
1 2 0 1 0 0 0 3000 3 13 13 8
1 3 1 0 0 1 0 3000 1 8 8 13
1 4 0 1 0 0 0 3000 2 2 2 8
1 5 1 0 0 1 0 3000 1 8 8 2
1 6 0 1 0 0 0 3000 3 5 5 8
1 7 0 0 0 0 1 891 3 13 13 5
1 8 0 1 0 0 0 3000 2 9 9 13
1 9 0 1 0 0 0 3000 3 9 9 9
1 10 0 1 0 0 0 3000 2 12 12 9
1 11 0 1 0 0 0 3000 3 3 3 12
1 12 0 1 0 0 0 3000 3 14 14 3
1 13 0 1 0 0 0 3000 2 8 8 14
1 14 0 1 0 0 0 3000 3 9 9 8
1 15 0 1 0 0 0 3000 3 9 9 9
1 16 1 1 1 0 0 776 1 9 9 9
1 17 1 1 1 0 0 841 1 9 9 9
1 18 0 1 0 0 0 3000 3 14 14 9
1 19 1 1 1 0 0 489 1 9 9 14
1 20 1 1 1 0 0 472 1 14 14 9
2 1 0 1 0 0 0 3000 2 4 4 14
2 2 0 1 0 0 0 3000 3 1 1 4
2 3 0 1 0 0 0 3000 3 1 1 1
2 4 0 1 0 0 0 3000 2 10 10 1
2 5 1 1 1 0 0 500 1 1 1 10
2 6 0 1 0 0 0 3000 2 13 13 1
2 7 0 1 0 0 0 3000 3 7 7 13
2 8 0 1 0 0 0 3000 3 2 2 7
2 9 1 1 1 0 0 542 1 7 7 2
2 10 1 1 1 0 0 462 1 2 2 7
2 11 0 1 0 0 0 3000 3 13 13 2
2 12 0 1 0 0 0 3000 2 8 8 13
2 13 0 1 0 0 0 3000 3 2 2 8
2 14 1 1 1 0 0 818 1 8 8 2
2 15 0 1 0 0 0 3000 2 15 15 8
2 16 0 1 0 0 0 3000 2 11 11 15
2 17 0 1 0 0 0 3000 2 3 3 11
2 18 0 1 0 0 0 3000 2 8 8 3
2 19 0 1 0 0 0 3000 3 7 7 8
2 20 0 1 0 0 0 3000 3 4 4 7
2 21 1 1 1 0 0 439 1 7 7 4
2 22 1 1 1 0 0 481 1 4 4 7
2 23 0 1 0 0 0 3000 2 2 2 4
2 24 1 1 1 0 0 409 1 4 4 2
2 25 0 1 0 0 0 3000 3 12 12 4
2 26 0 1 0 0 0 3000 3 7 7 12
2 27 0 1 0 0 0 3000 3 13 13 7
2 28 0 1 0 0 0 3000 2 3 3 13
2 29 0 1 0 0 0 3000 3 14 14 3
2 30 0 1 0 0 0 3000 2 7 7 14
3 1 0 1 0 0 0 3000 3 11 11 7
3 2 0 1 0 0 0 3000 3 9 9 11
3 3 0 1 0 0 0 3000 3 15 15 9
3 4 1 1 1 0 0 420 1 9 9 15
3 5 0 1 0 0 0 3000 2 11 11 9
3 6 1 0 0 1 0 3000 1 9 9 11
3 7 0 1 0 0 0 3000 3 5 5 9
3 8 0 1 0 0 0 3000 2 10 10 5
3 9 0 1 0 0 0 3000 3 9 9 10
3 10 0 1 0 0 0 3000 3 2 2 9
3 11 1 1 1 0 0 646 1 9 9 2
3 12 0 1 0 0 0 3000 3 8 8 9
3 13 1 0 0 1 0 3000 1 9 9 8
3 14 1 1 1 0 0 595 1 8 8 9
3 15 0 1 0 0 0 3000 3 2 2 8
3 16 0 1 0 0 0 3000 3 1 1 2
3 17 0 1 0 0 0 3000 3 5 5 1
3 18 0 1 0 0 0 3000 3 10 10 5
3 19 1 1 1 0 0 401 1 5 5 10
3 20 0 1 0 0 0 3000 2 6 6 5
3 21 1 0 0 1 0 3000 1 5 5 6
3 22 0 1 0 0 0 3000 2 2 2 5
3 23 1 1 1 0 0 423 1 5 5 2
3 24 1 1 1 0 0 556 1 2 2 5
3 25 0 1 0 0 0 3000 2 3 3 2
3 26 0 1 0 0 0 3000 3 8 8 3
3 27 0 1 0 0 0 3000 2 4 4 8
3 28 0 1 0 0 0 3000 3 7 7 4
3 29 0 0 0 0 1 513 2 7 7 7
3 30 0 1 0 0 0 3000 3 10 10 7
