1 1 0 1 0 0 0 3000 2 3 3 0
1 2 0 1 0 0 0 3000 2 5 5 3
1 3 0 1 0 0 0 3000 3 15 15 5
1 4 0 1 0 0 0 3000 3 13 13 15
1 5 0 1 0 0 0 3000 3 14 14 13
1 6 0 1 0 0 0 3000 2 3 3 14
1 7 1 0 0 1 0 3000 1 14 14 3
1 8 0 1 0 0 0 3000 2 2 2 14
1 9 0 1 0 0 0 3000 2 15 15 2
1 10 0 1 0 0 0 3000 3 6 6 15
1 11 1 0 0 1 0 3000 1 15 15 6
1 12 1 0 0 1 0 3000 1 6 6 15
1 13 0 1 0 0 0 3000 3 9 9 6
1 14 1 0 0 1 0 3000 1 6 6 9
1 15 1 0 0 1 0 3000 1 9 9 6
1 16 0 1 0 0 0 3000 2 7 7 9
1 17 0 1 0 0 0 3000 3 8 8 7
1 18 0 1 0 0 0 3000 2 10 10 8
1 19 0 1 0 0 0 3000 3 2 2 10
1 20 0 1 0 0 0 3000 3 2 2 2
2 1 0 1 0 0 0 3000 2 8 8 2
2 2 0 1 0 0 0 3000 1 6 6 8
2 3 1 0 0 1 0 3000 1 8 8 6
2 4 0 1 0 0 0 3000 3 7 7 8
2 5 1 0 0 1 0 3000 1 8 8 7
2 6 1 0 0 1 0 3000 1 7 7 8
2 7 0 1 0 0 0 3000 2 3 3 7
2 8 1 0 0 1 0 3000 1 7 7 3
2 9 1 0 0 1 0 3000 1 3 3 7
2 10 0 1 0 0 0 3000 3 11 11 3
2 11 0 1 0 0 0 3000 2 13 13 11
2 12 1 0 0 1 0 3000 1 11 11 13
2 13 1 0 0 1 0 3000 1 13 13 11
2 14 1 0 0 1 0 3000 1 11 11 13
2 15 1 0 0 1 0 3000 1 13 13 11
2 16 1 0 0 1 0 3000 1 11 11 13
2 17 0 1 0 0 0 3000 3 7 7 11
2 18 0 1 0 0 0 3000 2 4 4 7
2 19 0 1 0 0 0 3000 3 15 15 4
2 20 1 0 0 1 0 3000 1 4 4 15
2 21 0 1 0 0 0 3000 3 2 2 4
2 22 1 0 0 1 0 3000 1 4 4 2
2 23 0 1 0 0 0 3000 2 4 4 4
2 24 1 0 0 1 0 3000 1 4 4 4
2 25 1 0 0 1 0 3000 1 4 4 4
2 26 1 0 0 1 0 3000 1 4 4 4
2 27 0 1 0 0 0 3000 2 6 6 4
2 28 1 0 0 1 0 3000 1 4 4 6
2 29 0 1 0 0 0 3000 3 14 14 4
2 30 1 0 0 1 0 3000 1 4 4 14
3 1 0 1 0 0 0 3000 1 3 3 4
3 2 0 1 0 0 0 3000 1 10 10 3
3 3 0 1 0 0 0 3000 2 14 14 10
3 4 0 1 0 0 0 3000 3 6 6 14
3 5 0 1 0 0 0 3000 3 13 13 6
3 6 0 1 0 0 0 3000 2 9 9 13
3 7 1 0 0 1 0 3000 1 13 13 9
3 8 1 0 0 1 0 3000 1 9 9 13
3 9 0 1 0 0 0 3000 2 14 14 9
3 10 0 1 0 0 0 3000 2 2 2 14
3 11 1 0 0 1 0 3000 1 14 14 2
3 12 1 0 0 1 0 3000 1 2 2 14
3 13 0 1 0 0 0 3000 2 15 15 2
3 14 0 1 0 0 0 3000 3 13 13 15
3 15 0 1 0 0 0 3000 3 5 5 13
3 16 0 1 0 0 0 3000 3 7 7 5
3 17 0 1 0 0 0 3000 2 14 14 7
3 18 0 1 0 0 0 3000 3 13 13 14
3 19 1 0 0 1 0 3000 1 14 14 13
3 20 0 1 0 0 0 3000 2 4 4 14
3 21 0 1 0 0 0 3000 3 9 9 4
3 22 1 0 0 1 0 3000 1 4 4 9
3 23 1 0 0 1 0 3000 1 9 9 4
3 24 0 1 0 0 0 3000 3 13 13 9
3 25 1 0 0 1 0 3000 1 9 9 13
3 26 1 0 0 1 0 3000 1 13 13 9
3 27 0 1 0 0 0 3000 3 14 14 13
3 28 1 0 0 1 0 3000 1 13 13 14
3 29 1 0 0 1 0 3000 1 14 14 13
3 30 0 1 0 0 0 3000 2 2 2 14
