1 1 0 1 0 0 0 3000 1 8 8 0
1 2 0 1 0 0 0 3000 1 2 2 8
1 3 0 1 0 0 0 3000 2 5 5 2
1 4 0 1 0 0 0 3000 2 7 7 5
1 5 1 0 0 1 0 3000 1 5 5 7
1 6 1 0 0 1 0 3000 1 7 7 5
1 7 0 1 0 0 0 3000 2 4 4 7
1 8 1 0 0 1 0 3000 1 7 7 4
1 9 0 1 0 0 0 3000 3 1 1 7
1 10 0 1 0 0 0 3000 2 13 13 1
1 11 1 0 0 1 0 3000 1 1 1 13
1 12 1 0 0 1 0 3000 1 13 13 1
1 13 0 1 0 0 0 3000 3 6 6 13
1 14 0 1 0 0 0 3000 3 9 9 6
1 15 0 1 0 0 0 3000 2 2 2 9
1 16 1 0 0 1 0 3000 1 9 9 2
1 17 0 1 0 0 0 3000 2 9 9 9
1 18 1 0 0 1 0 3000 1 9 9 9
1 19 0 1 0 0 0 3000 2 12 12 9
1 20 1 0 0 1 0 3000 1 9 9 12
2 1 0 0 0 0 1 1725 2 1 1 9
2 2 0 1 0 0 0 3000 1 2 2 1
2 3 0 0 0 0 1 537 2 2 2 2
2 4 0 1 0 0 0 3000 3 1 1 2
2 5 0 0 0 0 1 2327 2 8 8 1
2 6 0 1 0 0 0 3000 2 2 2 8
2 7 0 1 0 0 0 3000 2 6 6 2
2 8 0 1 0 0 0 3000 2 9 9 6
2 9 0 1 0 0 0 3000 3 5 5 9
2 10 0 0 0 0 1 1264 2 14 14 5
2 11 0 0 0 0 1 498 2 3 3 14
2 12 1 0 0 1 0 3000 1 14 14 3
2 13 0 1 0 0 0 3000 2 9 9 14
2 14 0 1 0 0 0 3000 2 3 3 9
2 15 0 0 0 0 1 2998 3 1 1 3
2 16 0 0 0 0 1 2359 2 9 9 1
2 17 1 0 0 1 0 3000 1 1 1 9
2 18 0 0 0 0 1 581 3 2 2 1
2 19 0 1 0 0 0 3000 3 4 4 2
2 20 1 1 1 0 0 516 1 2 2 4
2 21 0 1 0 0 0 3000 3 10 10 2
2 22 0 1 0 0 0 3000 2 14 14 10
2 23 0 1 0 0 0 3000 3 13 13 14
2 24 0 0 0 0 1 640 2 6 6 13
2 25 0 1 0 0 0 3000 3 12 12 6
2 26 0 1 0 0 0 3000 3 1 1 12
2 27 1 1 1 0 0 438 1 12 12 1
2 28 1 0 0 1 0 3000 1 1 1 12
2 29 0 1 0 0 0 3000 3 8 8 1
2 30 0 1 0 0 0 3000 3 9 9 8
3 1 0 1 0 0 0 3000 3 12 12 9
3 2 0 1 0 0 0 3000 2 7 7 12
3 3 0 1 0 0 0 3000 2 13 13 7
3 4 0 0 0 0 1 570 3 10 10 13
3 5 0 1 0 0 0 3000 2 3 3 10
3 6 0 0 0 0 1 460 3 2 2 3
3 7 1 1 1 0 0 1556 1 3 3 2
3 8 0 1 0 0 0 3000 3 4 4 3
3 9 0 0 0 0 1 643 2 4 4 4
3 10 1 1 1 0 0 559 1 4 4 4
3 11 0 1 0 0 0 3000 2 5 5 4
3 12 0 1 0 0 0 3000 3 1 1 5
3 13 0 1 0 0 0 3000 2 4 4 1
3 14 0 1 0 0 0 3000 3 11 11 4
3 15 0 1 0 0 0 3000 3 15 15 11
3 16 0 1 0 0 0 3000 3 1 1 15
3 17 0 0 0 0 1 1035 3 4 4 1
3 18 1 1 1 0 0 615 1 1 1 4
3 19 0 1 0 0 0 3000 3 8 8 1
3 20 0 1 0 0 0 3000 3 12 12 8
3 21 1 1 1 0 0 553 1 8 8 12
3 22 0 1 0 0 0 3000 3 13 13 8
3 23 0 1 0 0 0 3000 3 14 14 13
3 24 0 0 0 0 1 464 3 2 2 14
3 25 0 1 0 0 0 3000 3 6 6 2
3 26 0 1 0 0 0 3000 3 12 12 6
3 27 1 0 0 1 0 3000 1 6 6 12
3 28 0 0 0 0 1 472 3 6 6 6
3 29 1 1 1 0 0 322 1 6 6 6
3 30 0 0 0 0 1 864 3 1 1 6
