1 1 0 1 0 0 0 3000 3 11 11 0
1 2 0 1 0 0 0 3000 1 7 7 11
1 3 0 0 0 0 1 8 3 10 10 7
1 4 0 1 0 0 0 3000 3 2 2 10
1 5 0 1 0 0 0 3000 3 2 2 2
1 6 0 0 0 0 1 198 3 6 6 2
1 7 1 1 1 0 0 527 1 2 2 6
1 8 0 1 0 0 0 3000 2 3 3 2
1 9 0 0 0 0 1 271 3 3 3 3
1 10 0 0 0 0 1 1945 3 11 11 3
1 11 0 1 0 0 0 3000 3 13 13 11
1 12 1 0 0 1 0 3000 1 11 11 13
1 13 0 1 0 0 0 3000 3 5 5 11
1 14 1 0 0 1 0 3000 1 11 11 5
1 15 0 1 0 0 0 3000 2 8 8 11
1 16 0 1 0 0 0 3000 3 12 12 8
1 17 0 1 0 0 0 3000 3 2 2 12
1 18 1 1 1 0 0 644 1 12 12 2
1 19 1 1 1 0 0 969 1 2 2 12
1 20 1 1 1 0 0 526 1 12 12 2
2 1 0 0 0 0 1 1366 3 3 3 12
2 2 0 0 0 0 1 438 1 8 8 3
2 3 0 0 0 0 1 2072 2 5 5 8
2 4 1 0 0 1 0 3000 1 8 8 5
2 5 0 1 0 0 0 3000 2 14 14 8
2 6 0 1 0 0 0 3000 3 5 5 14
2 7 1 0 0 1 0 3000 1 14 14 5
2 8 0 1 0 0 0 3000 3 9 9 14
2 9 0 1 0 0 0 3000 3 15 15 9
2 10 0 1 0 0 0 3000 3 12 12 15
2 11 0 1 0 0 0 3000 3 1 1 12
2 12 0 1 0 0 0 3000 2 5 5 1
2 13 0 0 0 0 1 390 3 9 9 5
2 14 0 1 0 0 0 3000 3 9 9 9
2 15 0 1 0 0 0 3000 3 13 13 9
2 16 0 1 0 0 0 3000 2 3 3 13
2 17 0 1 0 0 0 3000 3 9 9 3
2 18 0 1 0 0 0 3000 3 5 5 9
2 19 0 1 0 0 0 3000 2 2 2 5
2 20 0 1 0 0 0 3000 3 7 7 2
2 21 1 0 0 1 0 3000 1 2 2 7
2 22 1 0 0 1 0 3000 1 7 7 2
2 23 1 1 1 0 0 881 1 2 2 7
2 24 1 0 0 1 0 3000 1 7 7 2
2 25 0 1 0 0 0 3000 2 3 3 7
2 26 0 1 0 0 0 3000 3 13 13 3
2 27 0 1 0 0 0 3000 3 10 10 13
2 28 0 1 0 0 0 3000 3 10 10 10
2 29 0 1 0 0 0 3000 2 7 7 10
2 30 1 0 0 1 0 3000 1 10 10 7
3 1 0 0 0 0 1 1395 2 3 3 10
3 2 0 0 0 0 1 1192 2 8 8 3
3 3 1 1 1 0 0 1117 1 3 3 8
3 4 1 1 1 0 0 1042 1 8 8 3
3 5 0 0 0 0 1 349 2 8 8 8
3 6 0 0 0 0 1 355 2 14 14 8
3 7 0 0 0 0 1 52 3 13 13 14
3 8 0 0 0 0 1 107 3 15 15 13
3 9 1 1 1 0 0 249 1 13 13 15
3 10 0 0 0 0 1 394 2 13 13 13
3 11 0 1 0 0 0 3000 2 2 2 13
3 12 0 0 0 0 1 197 2 5 5 2
3 13 1 1 1 0 0 300 1 2 2 5
3 14 0 0 0 0 1 185 3 7 7 2
3 15 0 0 0 0 1 718 3 4 4 7
3 16 0 0 0 0 1 336 3 4 4 4
3 17 1 1 1 0 0 562 1 4 4 4
3 18 0 0 0 0 1 550 3 12 12 4
3 19 0 0 0 0 1 211 3 3 3 12
3 20 0 0 0 0 1 505 3 13 13 3
3 21 1 1 1 0 0 364 1 3 3 13
3 22 1 1 1 0 0 490 1 13 13 3
3 23 1 1 1 0 0 648 1 3 3 13
3 24 0 0 0 0 1 549 3 6 6 3
3 25 0 0 0 0 1 561 3 2 2 6
3 26 0 0 0 0 1 670 2 8 8 2
3 27 0 0 0 0 1 595 2 6 6 8
3 28 0 0 0 0 1 505 2 10 10 6
3 29 1 1 1 0 0 428 1 6 6 10
3 30 0 0 0 0 1 560 3 3 3 6
