1 1 0 1 0 0 0 3000 2 4 4 0
1 2 0 0 0 0 1 2580 1 4 4 4
1 3 0 1 0 0 0 3000 3 15 15 4
1 4 0 1 0 0 0 3000 3 5 5 15
1 5 1 0 0 1 0 3000 1 15 15 5
1 6 0 0 0 0 1 87 2 14 14 15
1 7 1 0 0 1 0 3000 1 15 15 14
1 8 1 0 0 1 0 3000 1 14 14 15
1 9 0 1 0 0 0 3000 3 2 2 14
1 10 0 1 0 0 0 3000 3 15 15 2
1 11 1 0 0 1 0 3000 1 2 2 15
1 12 0 1 0 0 0 3000 2 4 4 2
1 13 1 0 0 1 0 3000 1 2 2 4
1 14 0 1 0 0 0 3000 3 13 13 2
1 15 0 1 0 0 0 3000 3 9 9 13
1 16 0 1 0 0 0 3000 2 7 7 9
1 17 0 1 0 0 0 3000 2 12 12 7
1 18 0 1 0 0 0 3000 3 8 8 12
1 19 0 0 0 0 1 2634 3 15 15 8
1 20 0 0 0 0 1 539 3 12 12 15
2 1 0 1 0 0 0 3000 2 4 4 12
2 2 0 1 0 0 0 3000 3 2 2 4
2 3 0 1 0 0 0 3000 3 8 8 2
2 4 1 0 0 1 0 3000 1 2 2 8
2 5 0 1 0 0 0 3000 3 5 5 2
2 6 1 1 1 0 0 2897 1 2 2 5
2 7 0 0 0 0 1 1191 2 7 7 2
2 8 0 0 0 0 1 554 3 13 13 7
2 9 0 0 0 0 1 337 3 1 1 13
2 10 0 1 0 0 0 3000 3 4 4 1
2 11 1 0 0 1 0 3000 1 1 1 4
2 12 1 0 0 1 0 3000 1 4 4 1
2 13 1 0 0 1 0 3000 1 1 1 4
2 14 0 1 0 0 0 3000 3 6 6 1
2 15 1 0 0 1 0 3000 1 1 1 6
2 16 1 0 0 1 0 3000 1 6 6 1
2 17 1 0 0 1 0 3000 1 1 1 6
2 18 0 1 0 0 0 3000 3 3 3 1
2 19 0 0 0 0 1 1969 3 15 15 3
2 20 0 0 0 0 1 303 2 10 10 15
2 21 0 1 0 0 0 3000 2 10 10 10
2 22 1 0 0 1 0 3000 1 10 10 10
2 23 0 1 0 0 0 3000 3 11 11 10
2 24 0 0 0 0 1 257 3 2 2 11
2 25 0 1 0 0 0 3000 3 4 4 2
2 26 0 1 0 0 0 3000 3 13 13 4
2 27 0 1 0 0 0 3000 3 11 11 13
2 28 1 0 0 1 0 3000 1 13 13 11
2 29 0 0 0 0 1 2668 3 5 5 13
2 30 0 1 0 0 0 3000 2 2 2 5
3 1 0 0 0 0 1 2059 1 4 4 2
3 2 0 0 0 0 1 279 3 1 1 4
3 3 0 1 0 0 0 3000 3 5 5 1
3 4 1 1 1 0 0 598 1 1 1 5
3 5 1 1 1 0 0 1112 1 5 5 1
3 6 0 0 0 0 1 537 3 7 7 5
3 7 1 1 1 0 0 492 1 5 5 7
3 8 0 0 0 0 1 935 3 14 14 5
3 9 0 0 0 0 1 488 3 10 10 14
3 10 0 0 0 0 1 303 3 3 3 10
3 11 1 1 1 0 0 319 1 10 10 3
3 12 0 0 0 0 1 462 3 7 7 10
3 13 0 0 0 0 1 247 2 2 2 7
3 14 1 1 1 0 0 138 1 7 7 2
3 15 0 0 0 0 1 373 2 9 9 7
3 16 0 0 0 0 1 264 3 13 13 9
3 17 0 0 0 0 1 593 2 8 8 13
3 18 0 0 0 0 1 474 3 3 3 8
3 19 0 0 0 0 1 290 2 14 14 3
3 20 1 1 1 0 0 417 1 3 3 14
3 21 0 0 0 0 1 863 2 4 4 3
3 22 0 0 0 0 1 321 2 2 2 4
3 23 1 1 1 0 0 262 1 4 4 2
3 24 0 0 0 0 1 1060 2 11 11 4
3 25 1 1 1 0 0 293 1 4 4 11
3 26 0 0 0 0 1 606 2 10 10 4
3 27 0 0 0 0 1 414 2 8 8 10
3 28 0 0 0 0 1 355 3 11 11 8
3 29 1 1 1 0 0 345 1 8 8 11
3 30 0 0 0 0 1 392 3 2 2 8
