1 1 0 1 0 0 0 3000 2 8 8 0
1 2 0 1 0 0 0 3000 3 11 11 8
1 3 0 1 0 0 0 3000 2 2 2 11
1 4 0 1 0 0 0 3000 3 4 4 2
1 5 0 1 0 0 0 3000 2 9 9 4
1 6 1 1 1 0 0 990 1 4 4 9
1 7 0 0 0 0 1 625 3 8 8 4
1 8 1 1 1 0 0 653 1 4 4 8
1 9 0 1 0 0 0 3000 2 6 6 4
1 10 0 1 0 0 0 3000 3 1 1 6
1 11 1 1 1 0 0 739 1 6 6 1
1 12 0 1 0 0 0 3000 3 7 7 6
1 13 0 1 0 0 0 3000 3 11 11 7
1 14 0 1 0 0 0 3000 2 5 5 11
1 15 0 0 0 0 1 490 2 4 4 5
1 16 0 1 0 0 0 3000 3 7 7 4
1 17 1 1 1 0 0 503 1 4 4 7
1 18 0 0 0 0 1 1014 2 1 1 4
1 19 0 1 0 0 0 3000 3 8 8 1
1 20 1 1 1 0 0 681 1 1 1 8
2 1 0 1 0 0 0 3000 3 7 7 1
2 2 0 1 0 0 0 3000 1 7 7 7
2 3 1 1 1 0 0 506 1 7 7 7
2 4 0 0 0 0 1 700 3 10 10 7
2 5 1 1 1 0 0 660 1 7 7 10
2 6 1 1 1 0 0 668 1 10 10 7
2 7 0 1 0 0 0 3000 2 1 1 10
2 8 1 1 1 0 0 490 1 10 10 1
2 9 0 1 0 0 0 3000 3 6 6 10
2 10 1 1 1 0 0 478 1 10 10 6
2 11 0 1 0 0 0 3000 2 13 13 10
2 12 0 0 0 0 1 530 2 6 6 13
2 13 1 0 0 1 0 3000 1 13 13 6
2 14 0 1 0 0 0 3000 2 14 14 13
2 15 0 1 0 0 0 3000 2 4 4 14
2 16 0 1 0 0 0 3000 3 11 11 4
2 17 0 1 0 0 0 3000 2 9 9 11
2 18 1 1 1 0 0 430 1 11 11 9
2 19 0 0 0 0 1 1049 3 11 11 11
2 20 1 1 1 0 0 647 1 11 11 11
2 21 1 0 0 1 0 3000 1 11 11 11
2 22 1 1 1 0 0 513 1 11 11 11
2 23 0 1 0 0 0 3000 3 3 3 11
2 24 0 0 0 0 1 653 3 6 6 3
2 25 0 1 0 0 0 3000 2 12 12 6
2 26 0 1 0 0 0 3000 2 5 5 12
2 27 1 1 1 0 0 535 1 12 12 5
2 28 1 1 1 0 0 1041 1 5 5 12
2 29 0 1 0 0 0 3000 3 11 11 5
2 30 0 0 0 0 1 602 2 8 8 11
3 1 0 1 0 0 0 3000 1 2 2 8
3 2 0 1 0 0 0 3000 3 12 12 2
3 3 1 1 1 0 0 1076 1 2 2 12
3 4 0 1 0 0 0 3000 3 5 5 2
3 5 0 0 0 0 1 480 2 5 5 5
3 6 0 0 0 0 1 585 2 12 12 5
3 7 0 1 0 0 0 3000 2 15 15 12
3 8 1 1 1 0 0 551 1 12 12 15
3 9 0 1 0 0 0 3000 2 14 14 12
3 10 0 1 0 0 0 3000 3 4 4 14
3 11 0 1 0 0 0 3000 3 8 8 4
3 12 0 1 0 0 0 3000 2 9 9 8
3 13 0 1 0 0 0 3000 2 5 5 9
3 14 1 1 1 0 0 472 1 9 9 5
3 15 0 1 0 0 0 3000 3 14 14 9
3 16 0 0 0 0 1 730 2 8 8 14
3 17 1 1 1 0 0 705 1 14 14 8
3 18 0 1 0 0 0 3000 2 2 2 14
3 19 0 1 0 0 0 3000 2 4 4 2
3 20 0 1 0 0 0 3000 2 9 9 4
3 21 0 1 0 0 0 3000 2 11 11 9
3 22 1 1 1 0 0 466 1 9 9 11
3 23 0 1 0 0 0 3000 3 5 5 9
3 24 0 1 0 0 0 3000 2 15 15 5
3 25 1 1 1 0 0 961 1 5 5 15
3 26 1 0 0 1 0 3000 1 15 15 5
3 27 1 1 1 0 0 599 1 5 5 15
3 28 0 1 0 0 0 3000 2 4 4 5
3 29 0 0 0 0 1 405 2 15 15 4
3 30 0 1 0 0 0 3000 2 1 1 15
