1 1 0 1 0 0 0 3000 2 7 7 0
1 2 0 1 0 0 0 3000 2 1 1 7
1 3 0 1 0 0 0 3000 2 11 11 1
1 4 0 1 0 0 0 3000 2 8 8 11
1 5 0 1 0 0 0 3000 2 3 3 8
1 6 0 1 0 0 0 3000 2 2 2 3
1 7 1 0 0 1 0 3000 1 3 3 2
1 8 0 1 0 0 0 3000 3 5 5 3
1 9 0 1 0 0 0 3000 3 8 8 5
1 10 1 0 0 1 0 3000 1 5 5 8
1 11 0 1 0 0 0 3000 2 7 7 5
1 12 0 1 0 0 0 3000 2 3 3 7
1 13 0 1 0 0 0 3000 2 14 14 3
1 14 0 1 0 0 0 3000 2 5 5 14
1 15 0 1 0 0 0 3000 3 2 2 5
1 16 0 1 0 0 0 3000 3 14 14 2
1 17 1 0 0 1 0 3000 1 2 2 14
1 18 0 1 0 0 0 3000 3 8 8 2
1 19 0 1 0 0 0 3000 3 9 9 8
1 20 0 1 0 0 0 3000 2 15 15 9
2 1 0 1 0 0 0 3000 1 1 1 15
2 2 0 1 0 0 0 3000 3 1 1 1
2 3 1 0 0 1 0 3000 1 1 1 1
2 4 1 0 0 1 0 3000 1 1 1 1
2 5 0 1 0 0 0 3000 3 8 8 1
2 6 1 0 0 1 0 3000 1 1 1 8
2 7 0 1 0 0 0 3000 2 5 5 1
2 8 0 1 0 0 0 3000 3 2 2 5
2 9 0 1 0 0 0 3000 2 9 9 2
2 10 0 1 0 0 0 3000 3 4 4 9
2 11 1 0 0 1 0 3000 1 9 9 4
2 12 0 1 0 0 0 3000 3 12 12 9
2 13 0 1 0 0 0 3000 3 13 13 12
2 14 0 1 0 0 0 3000 2 3 3 13
2 15 0 1 0 0 0 3000 3 8 8 3
2 16 1 0 0 1 0 3000 1 3 3 8
2 17 0 1 0 0 0 3000 3 3 3 3
2 18 1 0 0 1 0 3000 1 3 3 3
2 19 1 0 0 1 0 3000 1 3 3 3
2 20 0 1 0 0 0 3000 3 9 9 3
2 21 1 0 0 1 0 3000 1 3 3 9
2 22 0 1 0 0 0 3000 2 4 4 3
2 23 0 1 0 0 0 3000 2 14 14 4
2 24 1 0 0 1 0 3000 1 4 4 14
2 25 0 1 0 0 0 3000 3 9 9 4
2 26 1 0 0 1 0 3000 1 4 4 9
2 27 1 0 0 1 0 3000 1 9 9 4
2 28 0 1 0 0 0 3000 2 6 6 9
2 29 0 1 0 0 0 3000 3 6 6 6
2 30 0 1 0 0 0 3000 2 12 12 6
3 1 0 1 0 0 0 3000 1 10 10 12
3 2 0 1 0 0 0 3000 3 13 13 10
3 3 0 1 0 0 0 3000 3 13 13 13
3 4 0 1 0 0 0 3000 2 14 14 13
3 5 0 1 0 0 0 3000 3 12 12 14
3 6 0 1 0 0 0 3000 2 11 11 12
3 7 0 1 0 0 0 3000 2 14 14 11
3 8 0 1 0 0 0 3000 3 15 15 14
3 9 0 1 0 0 0 3000 2 15 15 15
3 10 0 1 0 0 0 3000 2 4 4 15
3 11 0 1 0 0 0 3000 2 12 12 4
3 12 0 1 0 0 0 3000 2 15 15 12
3 13 1 0 0 1 0 3000 1 12 12 15
3 14 0 1 0 0 0 3000 2 2 2 12
3 15 0 1 0 0 0 3000 2 9 9 2
3 16 1 0 0 1 0 3000 1 2 2 9
3 17 0 1 0 0 0 3000 3 11 11 2
3 18 1 0 0 1 0 3000 1 2 2 11
3 19 0 1 0 0 0 3000 2 4 4 2
3 20 0 1 0 0 0 3000 2 4 4 4
3 21 1 0 0 1 0 3000 1 4 4 4
3 22 1 0 0 1 0 3000 1 4 4 4
3 23 0 1 0 0 0 3000 3 15 15 4
3 24 0 1 0 0 0 3000 2 11 11 15
3 25 0 1 0 0 0 3000 2 3 3 11
3 26 0 1 0 0 0 3000 3 13 13 3
3 27 1 0 0 1 0 3000 1 3 3 13
3 28 1 0 0 1 0 3000 1 13 13 3
3 29 0 1 0 0 0 3000 2 11 11 13
3 30 1 0 0 1 0 3000 1 13 13 11
