1 1 0 1 0 0 0 3000 1 13 13 0
1 2 0 1 0 0 0 3000 2 6 6 13
1 3 0 1 0 0 0 3000 2 14 14 6
1 4 0 1 0 0 0 3000 2 4 4 14
1 5 1 1 1 0 0 1273 1 14 14 4
1 6 0 1 0 0 0 3000 3 6 6 14
1 7 1 0 0 1 0 3000 1 14 14 6
1 8 0 1 0 0 0 3000 3 12 12 14
1 9 0 1 0 0 0 3000 2 13 13 12
1 10 0 1 0 0 0 3000 3 4 4 13
1 11 1 1 1 0 0 502 1 13 13 4
1 12 0 1 0 0 0 3000 2 15 15 13
1 13 1 0 0 1 0 3000 1 13 13 15
1 14 0 1 0 0 0 3000 3 7 7 13
1 15 1 1 1 0 0 663 1 13 13 7
1 16 0 1 0 0 0 3000 3 13 13 13
1 17 0 1 0 0 0 3000 3 14 14 13
1 18 1 1 1 0 0 463 1 13 13 14
1 19 1 0 0 1 0 3000 1 14 14 13
1 20 1 0 0 1 0 3000 1 13 13 14
2 1 0 1 0 0 0 3000 1 11 11 13
2 2 0 1 0 0 0 3000 2 10 10 11
2 3 1 1 1 0 0 420 1 11 11 10
2 4 1 1 1 0 0 483 1 10 10 11
2 5 0 1 0 0 0 3000 3 12 12 10
2 6 0 0 0 0 1 679 2 12 12 12
2 7 0 1 0 0 0 3000 2 15 15 12
2 8 0 0 0 0 1 411 2 11 11 15
2 9 1 1 1 0 0 495 1 15 15 11
2 10 0 1 0 0 0 3000 3 7 7 15
2 11 1 1 1 0 0 447 1 15 15 7
2 12 0 1 0 0 0 3000 3 3 3 15
2 13 0 1 0 0 0 3000 3 1 1 3
2 14 0 1 0 0 0 3000 2 5 5 1
2 15 0 0 0 0 1 1613 3 12 12 5
2 16 0 0 0 0 1 350 3 12 12 12
2 17 0 0 0 0 1 657 3 5 5 12
2 18 0 1 0 0 0 3000 3 7 7 5
2 19 0 1 0 0 0 3000 3 13 13 7
2 20 0 1 0 0 0 3000 2 4 4 13
2 21 0 1 0 0 0 3000 3 5 5 4
2 22 0 0 0 0 1 286 3 2 2 5
2 23 1 1 1 0 0 465 1 5 5 2
2 24 1 1 1 0 0 525 1 2 2 5
2 25 0 0 0 0 1 564 2 4 4 2
2 26 0 1 0 0 0 3000 2 15 15 4
2 27 0 0 0 0 1 239 3 10 10 15
2 28 0 0 0 0 1 458 2 11 11 10
2 29 0 0 0 0 1 501 3 6 6 11
2 30 0 1 0 0 0 3000 2 15 15 6
3 1 0 1 0 0 0 3000 3 4 4 15
3 2 0 1 0 0 0 3000 2 6 6 4
3 3 0 1 0 0 0 3000 3 10 10 6
3 4 0 0 0 0 1 437 3 1 1 10
3 5 0 0 0 0 1 518 2 5 5 1
3 6 0 1 0 0 0 3000 3 8 8 5
3 7 0 1 0 0 0 3000 2 2 2 8
3 8 0 0 0 0 1 443 2 13 13 2
3 9 1 1 1 0 0 495 1 2 2 13
3 10 0 1 0 0 0 3000 2 11 11 2
3 11 0 1 0 0 0 3000 3 14 14 11
3 12 0 0 0 0 1 434 2 5 5 14
3 13 0 1 0 0 0 3000 3 3 3 5
3 14 0 0 0 0 1 391 2 14 14 3
3 15 1 1 1 0 0 494 1 3 3 14
3 16 0 0 0 0 1 565 2 4 4 3
3 17 0 1 0 0 0 3000 3 2 2 4
3 18 0 0 0 0 1 354 2 8 8 2
3 19 0 0 0 0 1 512 3 11 11 8
3 20 0 1 0 0 0 3000 2 9 9 11
3 21 1 1 1 0 0 363 1 11 11 9
3 22 0 1 0 0 0 3000 3 3 3 11
3 23 0 0 0 0 1 369 3 13 13 3
3 24 0 0 0 0 1 586 3 7 7 13
3 25 0 0 0 0 1 526 2 3 3 7
3 26 0 1 0 0 0 3000 2 6 6 3
3 27 0 1 0 0 0 3000 3 2 2 6
3 28 0 1 0 0 0 3000 3 3 3 2
3 29 1 1 1 0 0 267 1 2 2 3
3 30 0 1 0 0 0 3000 2 10 10 2
