1 1 0 1 0 0 0 3000 2 14 14 0
1 2 0 0 0 0 1 444 1 6 6 14
1 3 1 1 1 0 0 641 1 14 14 6
1 4 1 0 0 1 0 3000 1 6 6 14
1 5 0 1 0 0 0 3000 3 4 4 6
1 6 0 0 0 0 1 482 3 8 8 4
1 7 0 1 0 0 0 3000 2 8 8 8
1 8 1 1 1 0 0 444 1 8 8 8
1 9 1 1 1 0 0 670 1 8 8 8
1 10 0 0 0 0 1 832 2 2 2 8
1 11 0 0 0 0 1 525 2 10 10 2
1 12 0 0 0 0 1 561 2 8 8 10
1 13 0 1 0 0 0 3000 2 5 5 8
1 14 0 0 0 0 1 559 2 6 6 5
1 15 0 0 0 0 1 616 3 14 14 6
1 16 0 1 0 0 0 3000 3 9 9 14
1 17 1 0 0 1 0 3000 1 14 14 9
1 18 0 1 0 0 0 3000 3 15 15 14
1 19 1 1 1 0 0 374 1 14 14 15
1 20 1 1 1 0 0 495 1 15 15 14
2 1 0 1 0 0 0 3000 3 7 7 15
2 2 0 0 0 0 1 723 2 13 13 7
2 3 1 1 1 0 0 415 1 7 7 13
2 4 0 0 0 0 1 720 2 3 3 7
2 5 1 1 1 0 0 495 1 7 7 3
2 6 1 1 1 0 0 392 1 3 3 7
2 7 0 1 0 0 0 3000 2 9 9 3
2 8 1 1 1 0 0 545 1 3 3 9
2 9 0 0 0 0 1 501 2 3 3 3
2 10 0 0 0 0 1 496 2 7 7 3
2 11 0 0 0 0 1 477 2 7 7 7
2 12 0 1 0 0 0 3000 3 8 8 7
2 13 0 1 0 0 0 3000 3 9 9 8
2 14 1 1 1 0 0 541 1 8 8 9
2 15 0 1 0 0 0 3000 3 2 2 8
2 16 1 1 1 0 0 454 1 8 8 2
2 17 0 1 0 0 0 3000 2 11 11 8
2 18 1 1 1 0 0 375 1 8 8 11
2 19 1 1 1 0 0 449 1 11 11 8
2 20 0 1 0 0 0 3000 3 1 1 11
2 21 0 0 0 0 1 631 3 3 3 1
2 22 1 0 0 1 0 3000 1 1 1 3
2 23 1 0 0 1 0 3000 1 3 3 1
2 24 0 1 0 0 0 3000 3 5 5 3
2 25 1 1 1 0 0 453 1 3 3 5
2 26 1 1 1 0 0 533 1 5 5 3
2 27 0 0 0 0 1 445 3 9 9 5
2 28 1 1 1 0 0 536 1 5 5 9
2 29 0 1 0 0 0 3000 2 14 14 5
2 30 1 1 1 0 0 350 1 5 5 14
3 1 0 1 0 0 0 3000 2 5 5 5
3 2 0 0 0 0 1 761 3 10 10 5
3 3 0 0 0 0 1 334 3 15 15 10
3 4 0 0 0 0 1 494 3 12 12 15
3 5 0 0 0 0 1 552 2 3 3 12
3 6 0 0 0 0 1 617 2 14 14 3
3 7 0 1 0 0 0 3000 3 11 11 14
3 8 0 1 0 0 0 3000 2 4 4 11
3 9 0 1 0 0 0 3000 3 6 6 4
3 10 1 1 1 0 0 524 1 4 4 6
3 11 1 1 1 0 0 566 1 6 6 4
3 12 0 0 0 0 1 342 3 3 3 6
3 13 0 1 0 0 0 3000 2 12 12 3
3 14 0 1 0 0 0 3000 2 4 4 12
3 15 1 1 1 0 0 478 1 12 12 4
3 16 1 0 0 1 0 3000 1 4 4 12
3 17 0 0 0 0 1 359 3 15 15 4
3 18 1 1 1 0 0 428 1 4 4 15
3 19 0 0 0 0 1 700 3 10 10 4
3 20 1 1 1 0 0 457 1 4 4 10
3 21 0 0 0 0 1 473 3 9 9 4
3 22 1 1 1 0 0 666 1 4 4 9
3 23 1 1 1 0 0 576 1 9 9 4
3 24 0 1 0 0 0 3000 3 8 8 9
3 25 0 0 0 0 1 452 2 13 13 8
3 26 1 1 1 0 0 571 1 8 8 13
3 27 0 0 0 0 1 617 2 4 4 8
3 28 0 0 0 0 1 554 3 2 2 4
3 29 1 1 1 0 0 505 1 4 4 2
3 30 0 0 0 0 1 616 3 4 4 4
