1 1 0 0 0 0 1 2820 1 14 14 0
1 2 0 0 0 0 1 268 3 8 8 14
1 3 1 0 0 1 0 3000 1 14 14 8
1 4 0 0 0 0 1 343 2 12 12 14
1 5 0 1 0 0 0 3000 3 5 5 12
1 6 1 0 0 1 0 3000 1 12 12 5
1 7 0 1 0 0 0 3000 3 1 1 12
1 8 1 1 1 0 0 368 1 12 12 1
1 9 0 0 0 0 1 1536 2 10 10 12
1 10 1 1 1 0 0 2591 1 12 12 10
1 11 0 0 0 0 1 2460 2 3 3 12
1 12 0 0 0 0 1 357 2 15 15 3
1 13 1 1 1 0 0 210 1 3 3 15
1 14 0 0 0 0 1 120 3 10 10 3
1 15 1 1 1 0 0 167 1 3 3 10
1 16 0 0 0 0 1 20 2 5 5 3
1 17 0 0 0 0 1 84 2 1 1 5
1 18 0 0 0 0 1 184 2 10 10 1
1 19 1 1 1 0 0 15 1 1 1 10
1 20 0 0 0 0 1 454 2 1 1 1
2 1 0 0 0 0 1 1680 2 4 4 1
2 2 0 0 0 0 1 488 3 7 7 4
2 3 1 1 1 0 0 275 1 4 4 7
2 4 1 1 1 0 0 181 1 7 7 4
2 5 1 1 1 0 0 175 1 4 4 7
2 6 0 0 0 0 1 384 2 11 11 4
2 7 1 1 1 0 0 766 1 4 4 11
2 8 0 0 0 0 1 323 3 3 3 4
2 9 1 1 1 0 0 113 1 4 4 3
2 10 0 0 0 0 1 294 3 2 2 4
2 11 1 1 1 0 0 94 1 4 4 2
2 12 0 0 0 0 1 506 2 15 15 4
2 13 0 0 0 0 1 354 3 1 1 15
2 14 1 1 1 0 0 340 1 15 15 1
2 15 1 1 1 0 0 6 1 1 1 15
2 16 0 0 0 0 1 154 2 11 11 1
2 17 0 0 0 0 1 224 3 5 5 11
2 18 0 0 0 0 1 333 3 9 9 5
2 19 0 0 0 0 1 698 3 12 12 9
2 20 0 0 0 0 1 336 3 11 11 12
2 21 0 0 0 0 1 149 2 7 7 11
2 22 0 0 0 0 1 273 2 8 8 7
2 23 0 0 0 0 1 1170 3 12 12 8
2 24 0 0 0 0 1 603 2 9 9 12
2 25 0 0 0 0 1 2351 3 14 14 9
2 26 0 0 0 0 1 364 2 4 4 14
2 27 0 0 0 0 1 146 3 11 11 4
2 28 0 0 0 0 1 428 3 7 7 11
2 29 1 1 1 0 0 110 1 11 11 7
2 30 1 1 1 0 0 29 1 7 7 11
3 1 0 0 0 0 1 2105 2 7 7 7
3 2 0 0 0 0 1 291 1 8 8 7
3 3 0 0 0 0 1 194 3 15 15 8
3 4 1 1 1 0 0 214 1 8 8 15
3 5 0 0 0 0 1 348 3 4 4 8
3 6 0 0 0 0 1 12 3 12 12 4
3 7 0 0 0 0 1 120 2 14 14 12
3 8 0 0 0 0 1 2414 3 5 5 14
3 9 0 0 0 0 1 58 2 11 11 5
3 10 0 0 0 0 1 1580 2 14 14 11
3 11 0 0 0 0 1 884 2 12 12 14
3 12 0 0 0 0 1 305 3 6 6 12
3 13 0 0 0 0 1 2842 2 1 1 6
3 14 0 0 0 0 1 355 3 14 14 1
3 15 1 1 1 0 0 37 1 1 1 14
3 16 0 0 0 0 1 510 2 1 1 1
3 17 0 0 0 0 1 797 2 9 9 1
3 18 1 1 1 0 0 2651 1 1 1 9
3 19 0 0 0 0 1 43 3 8 8 1
3 20 0 0 0 0 1 263 3 10 10 8
3 21 0 1 0 0 0 3000 2 12 12 10
3 22 0 0 0 0 1 801 3 6 6 12
3 23 1 1 1 0 0 35 1 12 12 6
3 24 1 1 1 0 0 121 1 6 6 12
3 25 0 0 0 0 1 515 2 2 2 6
3 26 1 1 1 0 0 496 1 6 6 2
3 27 0 0 0 0 1 43 2 13 13 6
3 28 0 0 0 0 1 174 2 4 4 13
3 29 0 0 0 0 1 148 3 2 2 4
3 30 0 0 0 0 1 466 3 9 9 2
