1 1 0 0 0 0 1 1730 1 4 4 0
1 2 0 0 0 0 1 1104 1 12 12 4
1 3 0 0 0 0 1 2013 2 13 13 12
1 4 1 1 1 0 0 2988 1 12 12 13
1 5 1 0 0 1 0 3000 1 13 13 12
1 6 1 1 1 0 0 593 1 12 12 13
1 7 0 0 0 0 1 964 2 6 6 12
1 8 0 0 0 0 1 1125 2 1 1 6
1 9 0 0 0 0 1 649 3 14 14 1
1 10 0 0 0 0 1 1761 3 14 14 14
1 11 1 1 1 0 0 1244 1 14 14 14
1 12 0 0 0 0 1 1261 3 2 2 14
1 13 1 1 1 0 0 870 1 14 14 2
1 14 1 1 1 0 0 1440 1 2 2 14
1 15 1 1 1 0 0 1113 1 14 14 2
1 16 1 1 1 0 0 885 1 2 2 14
1 17 0 0 0 0 1 569 3 11 11 2
1 18 1 1 1 0 0 781 1 2 2 11
1 19 1 1 1 0 0 1043 1 11 11 2
1 20 0 0 0 0 1 1026 3 13 13 11
2 1 0 0 0 0 1 1964 2 15 15 13
2 2 0 0 0 0 1 1169 2 11 11 15
2 3 1 1 1 0 0 918 1 15 15 11
2 4 0 0 0 0 1 2201 3 12 12 15
2 5 0 0 0 0 1 2155 3 6 6 12
2 6 0 0 0 0 1 1339 3 1 1 6
2 7 0 0 0 0 1 1001 2 7 7 1
2 8 0 0 0 0 1 803 2 7 7 7
2 9 0 0 0 0 1 1358 2 6 6 7
2 10 1 1 1 0 0 2547 1 7 7 6
2 11 0 0 0 0 1 1379 2 11 11 7
2 12 1 1 1 0 0 514 1 7 7 11
2 13 0 1 0 0 0 3000 2 4 4 7
2 14 1 1 1 0 0 544 1 7 7 4
2 15 1 1 1 0 0 1741 1 4 4 7
2 16 0 1 0 0 0 3000 2 14 14 4
2 17 0 1 0 0 0 3000 2 1 1 14
2 18 0 0 0 0 1 505 2 9 9 1
2 19 0 0 0 0 1 953 2 13 13 9
2 20 1 1 1 0 0 1075 1 9 9 13
2 21 1 1 1 0 0 1336 1 13 13 9
2 22 0 0 0 0 1 1458 3 2 2 13
2 23 0 0 0 0 1 1087 2 6 6 2
2 24 0 0 0 0 1 545 2 9 9 6
2 25 0 0 0 0 1 371 2 14 14 9
2 26 0 0 0 0 1 782 2 10 10 14
2 27 0 0 0 0 1 876 2 15 15 10
2 28 1 1 1 0 0 640 1 10 10 15
2 29 1 1 1 0 0 1540 1 15 15 10
2 30 0 1 0 0 0 3000 2 14 14 15
3 1 0 0 0 0 1 2102 1 5 5 14
3 2 0 0 0 0 1 1071 3 2 2 5
3 3 0 0 0 0 1 1108 3 3 3 2
3 4 0 0 0 0 1 506 3 12 12 3
3 5 0 0 0 0 1 902 3 8 8 12
3 6 1 1 1 0 0 477 1 12 12 8
3 7 0 0 0 0 1 1107 3 9 9 12
3 8 1 1 1 0 0 394 1 12 12 9
3 9 0 0 0 0 1 953 2 14 14 12
3 10 0 0 0 0 1 451 3 15 15 14
3 11 0 0 0 0 1 457 2 13 13 15
3 12 0 0 0 0 1 493 3 8 8 13
3 13 0 0 0 0 1 1228 2 12 12 8
3 14 1 1 1 0 0 468 1 8 8 12
3 15 1 1 1 0 0 813 1 12 12 8
3 16 0 0 0 0 1 642 3 12 12 12
3 17 0 0 0 0 1 1047 2 9 9 12
3 18 1 1 1 0 0 420 1 12 12 9
3 19 0 0 0 0 1 483 3 3 3 12
3 20 1 1 1 0 0 1072 1 12 12 3
3 21 0 0 0 0 1 550 2 14 14 12
3 22 1 1 1 0 0 695 1 12 12 14
3 23 0 0 0 0 1 629 2 5 5 12
3 24 0 0 0 0 1 714 2 9 9 5
3 25 0 0 0 0 1 542 2 12 12 9
3 26 0 0 0 0 1 451 2 1 1 12
3 27 1 1 1 0 0 589 1 12 12 1
3 28 0 0 0 0 1 480 2 9 9 12
3 29 0 0 0 0 1 915 2 10 10 9
3 30 0 0 0 0 1 507 2 10 10 10
