1 1 0 1 0 0 0 3000 1 10 10 0
1 2 0 1 0 0 0 3000 2 7 7 10
1 3 0 1 0 0 0 3000 3 12 12 7
1 4 0 0 0 0 1 643 3 15 15 12
1 5 0 1 0 0 0 3000 2 14 14 15
1 6 0 1 0 0 0 3000 3 12 12 14
1 7 0 1 0 0 0 3000 3 11 11 12
1 8 0 1 0 0 0 3000 2 8 8 11
1 9 0 1 0 0 0 3000 3 4 4 8
1 10 1 1 1 0 0 1027 1 8 8 4
1 11 0 1 0 0 0 3000 3 14 14 8
1 12 1 0 0 1 0 3000 1 8 8 14
1 13 0 1 0 0 0 3000 3 3 3 8
1 14 0 1 0 0 0 3000 2 10 10 3
1 15 0 1 0 0 0 3000 3 13 13 10
1 16 0 0 0 0 1 738 2 7 7 13
1 17 0 1 0 0 0 3000 3 5 5 7
1 18 1 0 0 1 0 3000 1 7 7 5
1 19 0 1 0 0 0 3000 2 15 15 7
1 20 0 1 0 0 0 3000 3 13 13 15
2 1 0 1 0 0 0 3000 1 12 12 13
2 2 0 1 0 0 0 3000 2 14 14 12
2 3 1 1 1 0 0 762 1 12 12 14
2 4 0 1 0 0 0 3000 3 13 13 12
2 5 1 0 0 1 0 3000 1 12 12 13
2 6 0 1 0 0 0 3000 3 7 7 12
2 7 0 1 0 0 0 3000 2 3 3 7
2 8 0 1 0 0 0 3000 2 5 5 3
2 9 0 0 0 0 1 657 2 7 7 5
2 10 0 1 0 0 0 3000 2 7 7 7
2 11 0 1 0 0 0 3000 3 8 8 7
2 12 1 1 1 0 0 771 1 7 7 8
2 13 0 1 0 0 0 3000 2 13 13 7
2 14 0 1 0 0 0 3000 2 4 4 13
2 15 0 1 0 0 0 3000 2 3 3 4
2 16 1 1 1 0 0 697 1 4 4 3
2 17 0 1 0 0 0 3000 2 2 2 4
2 18 0 1 0 0 0 3000 2 14 14 2
2 19 0 0 0 0 1 804 2 3 3 14
2 20 0 1 0 0 0 3000 2 12 12 3
2 21 0 1 0 0 0 3000 3 13 13 12
2 22 0 1 0 0 0 3000 3 10 10 13
2 23 0 1 0 0 0 3000 3 1 1 10
2 24 0 1 0 0 0 3000 3 9 9 1
2 25 0 1 0 0 0 3000 2 7 7 9
2 26 0 0 0 0 1 869 2 10 10 7
2 27 0 1 0 0 0 3000 2 11 11 10
2 28 0 0 0 0 1 782 3 14 14 11
2 29 0 1 0 0 0 3000 2 13 13 14
2 30 1 0 0 1 0 3000 1 14 14 13
3 1 0 1 0 0 0 3000 3 9 9 14
3 2 0 1 0 0 0 3000 1 4 4 9
3 3 0 1 0 0 0 3000 2 11 11 4
3 4 0 1 0 0 0 3000 3 11 11 11
3 5 1 1 1 0 0 563 1 11 11 11
3 6 1 1 1 0 0 1019 1 11 11 11
3 7 0 1 0 0 0 3000 3 1 1 11
3 8 1 1 1 0 0 441 1 11 11 1
3 9 0 1 0 0 0 3000 2 10 10 11
3 10 1 1 1 0 0 400 1 11 11 10
3 11 1 1 1 0 0 884 1 10 10 11
3 12 0 1 0 0 0 3000 3 3 3 10
3 13 0 1 0 0 0 3000 2 15 15 3
3 14 0 0 0 0 1 607 3 10 10 15
3 15 0 1 0 0 0 3000 3 1 1 10
3 16 1 1 1 0 0 706 1 10 10 1
3 17 1 1 1 0 0 683 1 1 1 10
3 18 0 1 0 0 0 3000 2 12 12 1
3 19 1 1 1 0 0 548 1 1 1 12
3 20 0 0 0 0 1 719 3 1 1 1
3 21 0 1 0 0 0 3000 2 11 11 1
3 22 0 1 0 0 0 3000 2 6 6 11
3 23 0 1 0 0 0 3000 2 13 13 6
3 24 1 1 1 0 0 627 1 6 6 13
3 25 0 1 0 0 0 3000 3 10 10 6
3 26 1 0 0 1 0 3000 1 6 6 10
3 27 0 1 0 0 0 3000 2 7 7 6
3 28 0 1 0 0 0 3000 3 5 5 7
3 29 0 1 0 0 0 3000 2 13 13 5
3 30 0 0 0 0 1 643 3 7 7 13
