1 1 0 1 0 0 0 3000 2 8 8 0
1 2 0 1 0 0 0 3000 3 11 11 8
1 3 0 1 0 0 0 3000 3 10 10 11
1 4 0 1 0 0 0 3000 3 1 1 10
1 5 0 1 0 0 0 3000 3 2 2 1
1 6 1 0 0 1 0 3000 1 1 1 2
1 7 0 1 0 0 0 3000 2 6 6 1
1 8 0 1 0 0 0 3000 3 13 13 6
1 9 0 1 0 0 0 3000 3 1 1 13
1 10 0 1 0 0 0 3000 3 10 10 1
1 11 0 1 0 0 0 3000 2 4 4 10
1 12 0 1 0 0 0 3000 2 6 6 4
1 13 1 0 0 1 0 3000 1 4 4 6
1 14 0 1 0 0 0 3000 2 10 10 4
1 15 0 1 0 0 0 3000 3 13 13 10
1 16 1 1 1 0 0 1481 1 10 10 13
1 17 0 1 0 0 0 3000 2 4 4 10
1 18 0 1 0 0 0 3000 2 8 8 4
1 19 0 1 0 0 0 3000 2 13 13 8
1 20 0 1 0 0 0 3000 2 1 1 13
2 1 0 1 0 0 0 3000 1 9 9 1
2 2 0 1 0 0 0 3000 1 6 6 9
2 3 0 1 0 0 0 3000 3 5 5 6
2 4 0 1 0 0 0 3000 2 5 5 5
2 5 1 0 0 1 0 3000 1 5 5 5
2 6 1 0 0 1 0 3000 1 5 5 5
2 7 0 1 0 0 0 3000 3 12 12 5
2 8 0 1 0 0 0 3000 2 9 9 12
2 9 0 1 0 0 0 3000 2 15 15 9
2 10 0 1 0 0 0 3000 3 10 10 15
2 11 0 0 0 0 1 722 2 10 10 10
2 12 1 1 1 0 0 651 1 10 10 10
2 13 0 1 0 0 0 3000 2 5 5 10
2 14 1 1 1 0 0 739 1 10 10 5
2 15 1 0 0 1 0 3000 1 5 5 10
2 16 0 1 0 0 0 3000 3 2 2 5
2 17 1 0 0 1 0 3000 1 5 5 2
2 18 1 0 0 1 0 3000 1 2 2 5
2 19 0 1 0 0 0 3000 2 2 2 2
2 20 0 1 0 0 0 3000 2 4 4 2
2 21 1 0 0 1 0 3000 1 2 2 4
2 22 0 1 0 0 0 3000 2 14 14 2
2 23 1 0 0 1 0 3000 1 2 2 14
2 24 0 1 0 0 0 3000 2 7 7 2
2 25 0 1 0 0 0 3000 2 4 4 7
2 26 0 1 0 0 0 3000 3 5 5 4
2 27 0 1 0 0 0 3000 3 11 11 5
2 28 1 0 0 1 0 3000 1 5 5 11
2 29 0 1 0 0 0 3000 3 6 6 5
2 30 0 1 0 0 0 3000 2 7 7 6
3 1 0 1 0 0 0 3000 3 12 12 7
3 2 0 1 0 0 0 3000 3 6 6 12
3 3 1 0 0 1 0 3000 1 12 12 6
3 4 0 1 0 0 0 3000 2 9 9 12
3 5 0 1 0 0 0 3000 3 2 2 9
3 6 1 0 0 1 0 3000 1 9 9 2
3 7 0 1 0 0 0 3000 2 1 1 9
3 8 1 0 0 1 0 3000 1 9 9 1
3 9 1 0 0 1 0 3000 1 1 1 9
3 10 1 0 0 1 0 3000 1 9 9 1
3 11 0 1 0 0 0 3000 3 13 13 9
3 12 1 0 0 1 0 3000 1 9 9 13
3 13 0 1 0 0 0 3000 3 14 14 9
3 14 1 0 0 1 0 3000 1 9 9 14
3 15 0 1 0 0 0 3000 2 5 5 9
3 16 1 0 0 1 0 3000 1 9 9 5
3 17 0 1 0 0 0 3000 3 11 11 9
3 18 0 1 0 0 0 3000 2 2 2 11
3 19 1 0 0 1 0 3000 1 11 11 2
3 20 0 1 0 0 0 3000 3 4 4 11
3 21 1 0 0 1 0 3000 1 11 11 4
3 22 1 0 0 1 0 3000 1 4 4 11
3 23 0 1 0 0 0 3000 3 14 14 4
3 24 0 1 0 0 0 3000 2 13 13 14
3 25 0 1 0 0 0 3000 3 6 6 13
3 26 1 0 0 1 0 3000 1 13 13 6
3 27 0 1 0 0 0 3000 3 3 3 13
3 28 0 1 0 0 0 3000 2 8 8 3
3 29 1 0 0 1 0 3000 1 3 3 8
3 30 1 0 0 1 0 3000 1 8 8 3
