1 1 0 1 0 0 0 3000 2 11 11 0
1 2 0 1 0 0 0 3000 1 12 12 11
1 3 0 1 0 0 0 3000 3 12 12 12
1 4 0 1 0 0 0 3000 3 15 15 12
1 5 1 1 1 0 0 1157 1 12 12 15
1 6 0 1 0 0 0 3000 2 9 9 12
1 7 1 1 1 0 0 1155 1 12 12 9
1 8 0 1 0 0 0 3000 3 14 14 12
1 9 1 1 1 0 0 414 1 12 12 14
1 10 0 1 0 0 0 3000 2 8 8 12
1 11 0 0 0 0 1 872 3 14 14 8
1 12 1 1 1 0 0 1513 1 8 8 14
1 13 0 1 0 0 0 3000 2 9 9 8
1 14 0 1 0 0 0 3000 2 13 13 9
1 15 0 1 0 0 0 3000 2 6 6 13
1 16 0 1 0 0 0 3000 2 14 14 6
1 17 1 1 1 0 0 940 1 6 6 14
1 18 0 1 0 0 0 3000 3 6 6 6
1 19 1 0 0 1 0 3000 1 6 6 6
1 20 0 0 0 0 1 451 3 13 13 6
2 1 0 1 0 0 0 3000 1 3 3 13
2 2 0 1 0 0 0 3000 1 15 15 3
2 3 0 1 0 0 0 3000 3 8 8 15
2 4 0 1 0 0 0 3000 3 10 10 8
2 5 0 1 0 0 0 3000 2 12 12 10
2 6 0 1 0 0 0 3000 3 14 14 12
2 7 0 1 0 0 0 3000 2 15 15 14
2 8 1 1 1 0 0 962 1 14 14 15
2 9 0 1 0 0 0 3000 3 8 8 14
2 10 0 1 0 0 0 3000 2 2 2 8
2 11 1 1 1 0 0 566 1 8 8 2
2 12 1 1 1 0 0 614 1 2 2 8
2 13 0 1 0 0 0 3000 3 6 6 2
2 14 1 1 1 0 0 868 1 2 2 6
2 15 1 1 1 0 0 727 1 6 6 2
2 16 0 1 0 0 0 3000 2 9 9 6
2 17 1 1 1 0 0 844 1 6 6 9
2 18 1 1 1 0 0 431 1 9 9 6
2 19 0 1 0 0 0 3000 3 2 2 9
2 20 1 1 1 0 0 528 1 9 9 2
2 21 0 1 0 0 0 3000 3 6 6 9
2 22 0 1 0 0 0 3000 2 12 12 6
2 23 0 1 0 0 0 3000 2 12 12 12
2 24 1 1 1 0 0 478 1 12 12 12
2 25 0 1 0 0 0 3000 3 5 5 12
2 26 0 1 0 0 0 3000 3 9 9 5
2 27 0 1 0 0 0 3000 2 3 3 9
2 28 0 1 0 0 0 3000 3 1 1 3
2 29 1 1 1 0 0 363 1 3 3 1
2 30 0 1 0 0 0 3000 3 11 11 3
3 1 0 1 0 0 0 3000 1 15 15 11
3 2 0 1 0 0 0 3000 2 7 7 15
3 3 1 1 1 0 0 405 1 15 15 7
3 4 0 1 0 0 0 3000 2 1 1 15
3 5 0 1 0 0 0 3000 2 1 1 1
3 6 1 1 1 0 0 567 1 1 1 1
3 7 0 1 0 0 0 3000 3 6 6 1
3 8 0 1 0 0 0 3000 2 2 2 6
3 9 1 1 1 0 0 592 1 6 6 2
3 10 0 1 0 0 0 3000 2 12 12 6
3 11 0 1 0 0 0 3000 3 5 5 12
3 12 1 1 1 0 0 744 1 12 12 5
3 13 1 1 1 0 0 357 1 5 5 12
3 14 0 1 0 0 0 3000 2 9 9 5
3 15 0 1 0 0 0 3000 3 15 15 9
3 16 0 1 0 0 0 3000 2 4 4 15
3 17 1 1 1 0 0 1049 1 15 15 4
3 18 0 1 0 0 0 3000 3 7 7 15
3 19 0 1 0 0 0 3000 3 8 8 7
3 20 0 1 0 0 0 3000 3 2 2 8
3 21 0 1 0 0 0 3000 3 10 10 2
3 22 0 1 0 0 0 3000 2 9 9 10
3 23 0 1 0 0 0 3000 2 15 15 9
3 24 1 1 1 0 0 595 1 9 9 15
3 25 0 1 0 0 0 3000 2 12 12 9
3 26 1 1 1 0 0 604 1 9 9 12
3 27 0 1 0 0 0 3000 2 15 15 9
3 28 0 1 0 0 0 3000 2 6 6 15
3 29 0 1 0 0 0 3000 2 6 6 6
3 30 1 1 1 0 0 591 1 6 6 6
