1 1 0 1 0 0 0 3000 3 10 10 0
1 2 0 1 0 0 0 3000 2 3 3 10
1 3 1 1 1 0 0 844 1 10 10 3
1 4 1 1 1 0 0 1116 1 3 3 10
1 5 1 1 1 0 0 1133 1 10 10 3
1 6 0 1 0 0 0 3000 2 5 5 10
1 7 0 1 0 0 0 3000 3 2 2 5
1 8 0 1 0 0 0 3000 2 13 13 2
1 9 0 1 0 0 0 3000 2 10 10 13
1 10 0 1 0 0 0 3000 2 8 8 10
1 11 0 0 0 0 1 2459 2 1 1 8
1 12 0 1 0 0 0 3000 2 14 14 1
1 13 1 1 1 0 0 926 1 1 1 14
1 14 1 1 1 0 0 454 1 14 14 1
1 15 1 1 1 0 0 728 1 1 1 14
1 16 0 1 0 0 0 3000 2 6 6 1
1 17 0 1 0 0 0 3000 2 13 13 6
1 18 0 1 0 0 0 3000 3 3 3 13
1 19 0 1 0 0 0 3000 2 14 14 3
1 20 0 1 0 0 0 3000 3 8 8 14
2 1 0 1 0 0 0 3000 1 4 4 8
2 2 0 1 0 0 0 3000 1 14 14 4
2 3 0 1 0 0 0 3000 3 9 9 14
2 4 0 1 0 0 0 3000 2 6 6 9
2 5 0 1 0 0 0 3000 3 11 11 6
2 6 1 1 1 0 0 493 1 6 6 11
2 7 0 1 0 0 0 3000 2 15 15 6
2 8 1 0 0 1 0 3000 1 6 6 15
2 9 1 1 1 0 0 503 1 15 15 6
2 10 0 1 0 0 0 3000 3 14 14 15
2 11 1 0 0 1 0 3000 1 15 15 14
2 12 1 1 1 0 0 514 1 14 14 15
2 13 1 1 1 0 0 671 1 15 15 14
2 14 1 1 1 0 0 607 1 14 14 15
2 15 1 1 1 0 0 477 1 15 15 14
2 16 0 1 0 0 0 3000 2 7 7 15
2 17 1 1 1 0 0 423 1 15 15 7
2 18 0 1 0 0 0 3000 2 5 5 15
2 19 0 0 0 0 1 2970 3 10 10 5
2 20 0 1 0 0 0 3000 2 8 8 10
2 21 0 1 0 0 0 3000 2 2 2 8
2 22 0 1 0 0 0 3000 2 15 15 2
2 23 0 1 0 0 0 3000 2 9 9 15
2 24 0 1 0 0 0 3000 2 12 12 9
2 25 0 1 0 0 0 3000 3 13 13 12
2 26 0 1 0 0 0 3000 3 8 8 13
2 27 1 1 1 0 0 450 1 13 13 8
2 28 0 1 0 0 0 3000 2 6 6 13
2 29 1 1 1 0 0 693 1 13 13 6
2 30 0 1 0 0 0 3000 3 15 15 13
3 1 0 1 0 0 0 3000 1 5 5 15
3 2 0 1 0 0 0 3000 2 14 14 5
3 3 0 1 0 0 0 3000 2 9 9 14
3 4 1 1 1 0 0 630 1 14 14 9
3 5 0 1 0 0 0 3000 3 6 6 14
3 6 0 1 0 0 0 3000 2 7 7 6
3 7 0 1 0 0 0 3000 3 11 11 7
3 8 1 1 1 0 0 460 1 7 7 11
3 9 1 1 1 0 0 606 1 11 11 7
3 10 0 1 0 0 0 3000 3 12 12 11
3 11 0 1 0 0 0 3000 2 14 14 12
3 12 0 1 0 0 0 3000 2 9 9 14
3 13 0 0 0 0 1 531 2 15 15 9
3 14 0 1 0 0 0 3000 3 6 6 15
3 15 0 1 0 0 0 3000 3 7 7 6
3 16 0 0 0 0 1 683 3 7 7 7
3 17 0 1 0 0 0 3000 3 6 6 7
3 18 0 1 0 0 0 3000 3 8 8 6
3 19 1 1 1 0 0 593 1 6 6 8
3 20 1 1 1 0 0 697 1 8 8 6
3 21 1 1 1 0 0 504 1 6 6 8
3 22 1 1 1 0 0 809 1 8 8 6
3 23 0 1 0 0 0 3000 3 9 9 8
3 24 1 1 1 0 0 545 1 8 8 9
3 25 0 1 0 0 0 3000 3 13 13 8
3 26 1 1 1 0 0 579 1 8 8 13
3 27 0 0 0 0 1 1588 3 6 6 8
3 28 1 1 1 0 0 603 1 8 8 6
3 29 1 1 1 0 0 696 1 6 6 8
3 30 0 0 0 0 1 712 3 11 11 6
