1 1 0 1 0 0 0 3000 3 6 6 0
1 2 0 1 0 0 0 3000 1 2 2 6
1 3 1 1 1 0 0 1330 1 6 6 2
1 4 0 1 0 0 0 3000 2 4 4 6
1 5 1 0 0 1 0 3000 1 6 6 4
1 6 1 1 1 0 0 769 1 4 4 6
1 7 1 0 0 1 0 3000 1 6 6 4
1 8 0 1 0 0 0 3000 3 13 13 6
1 9 0 0 0 0 1 551 3 7 7 13
1 10 1 0 0 1 0 3000 1 13 13 7
1 11 0 0 0 0 1 628 3 3 3 13
1 12 0 1 0 0 0 3000 3 1 1 3
1 13 0 1 0 0 0 3000 3 13 13 1
1 14 0 0 0 0 1 472 3 3 3 13
1 15 1 0 0 1 0 3000 1 13 13 3
1 16 0 1 0 0 0 3000 3 4 4 13
1 17 0 0 0 0 1 529 3 10 10 4
1 18 1 0 0 1 0 3000 1 4 4 10
1 19 0 1 0 0 0 3000 3 15 15 4
1 20 1 1 1 0 0 380 1 4 4 15
2 1 0 1 0 0 0 3000 1 8 8 4
2 2 0 1 0 0 0 3000 1 1 1 8
2 3 1 1 1 0 0 2578 1 8 8 1
2 4 1 0 0 1 0 3000 1 1 1 8
2 5 0 1 0 0 0 3000 3 6 6 1
2 6 0 0 0 0 1 551 2 13 13 6
2 7 0 1 0 0 0 3000 2 5 5 13
2 8 1 1 1 0 0 768 1 13 13 5
2 9 1 1 1 0 0 1391 1 5 5 13
2 10 0 0 0 0 1 2826 3 15 15 5
2 11 0 0 0 0 1 768 3 15 15 15
2 12 0 1 0 0 0 3000 2 10 10 15
2 13 0 0 0 0 1 566 2 13 13 10
2 14 0 0 0 0 1 410 3 4 4 13
2 15 1 1 1 0 0 581 1 13 13 4
2 16 0 0 0 0 1 456 3 14 14 13
2 17 0 0 0 0 1 414 2 5 5 14
2 18 0 0 0 0 1 435 3 4 4 5
2 19 1 1 1 0 0 845 1 5 5 4
2 20 1 1 1 0 0 471 1 4 4 5
2 21 0 0 0 0 1 460 3 7 7 4
2 22 1 1 1 0 0 611 1 4 4 7
2 23 1 1 1 0 0 393 1 7 7 4
2 24 0 1 0 0 0 3000 3 12 12 7
2 25 0 1 0 0 0 3000 3 9 9 12
2 26 0 0 0 0 1 473 2 15 15 9
2 27 1 1 1 0 0 429 1 9 9 15
2 28 0 0 0 0 1 434 2 8 8 9
2 29 0 0 0 0 1 434 2 2 2 8
2 30 0 0 0 0 1 450 2 9 9 2
3 1 0 1 0 0 0 3000 3 6 6 9
3 2 0 1 0 0 0 3000 2 10 10 6
3 3 1 1 1 0 0 428 1 6 6 10
3 4 0 1 0 0 0 3000 3 13 13 6
3 5 0 1 0 0 0 3000 3 11 11 13
3 6 0 1 0 0 0 3000 2 11 11 11
3 7 0 0 0 0 1 412 2 13 13 11
3 8 0 0 0 0 1 611 2 7 7 13
3 9 0 1 0 0 0 3000 2 2 2 7
3 10 1 1 1 0 0 379 1 7 7 2
3 11 0 1 0 0 0 3000 3 8 8 7
3 12 1 1 1 0 0 347 1 7 7 8
3 13 0 1 0 0 0 3000 2 5 5 7
3 14 0 0 0 0 1 379 3 3 3 5
3 15 0 0 0 0 1 550 3 7 7 3
3 16 1 1 1 0 0 344 1 3 3 7
3 17 0 0 0 0 1 393 3 12 12 3
3 18 0 0 0 0 1 359 3 11 11 12
3 19 1 1 1 0 0 539 1 12 12 11
3 20 1 1 1 0 0 364 1 11 11 12
3 21 1 1 1 0 0 390 1 12 12 11
3 22 0 0 0 0 1 373 3 2 2 12
3 23 0 0 0 0 1 391 2 11 11 2
3 24 0 0 0 0 1 497 2 14 14 11
3 25 0 0 0 0 1 429 2 2 2 14
3 26 1 1 1 0 0 689 1 14 14 2
3 27 0 0 0 0 1 417 3 6 6 14
3 28 0 0 0 0 1 404 2 1 1 6
3 29 0 0 0 0 1 484 2 3 3 1
3 30 1 0 0 1 0 3000 1 1 1 3
