1 1 0 1 0 0 0 3000 3 3 3 0
1 2 0 1 0 0 0 3000 2 6 6 3
1 3 0 1 0 0 0 3000 2 15 15 6
1 4 0 1 0 0 0 3000 3 14 14 15
1 5 0 1 0 0 0 3000 2 1 1 14
1 6 0 1 0 0 0 3000 2 13 13 1
1 7 0 1 0 0 0 3000 2 14 14 13
1 8 0 1 0 0 0 3000 2 3 3 14
1 9 0 1 0 0 0 3000 3 4 4 3
1 10 0 1 0 0 0 3000 3 5 5 4
1 11 0 1 0 0 0 3000 3 12 12 5
1 12 0 1 0 0 0 3000 3 3 3 12
1 13 0 1 0 0 0 3000 2 8 8 3
1 14 1 0 0 1 0 3000 1 3 3 8
1 15 1 0 0 1 0 3000 1 8 8 3
1 16 1 0 0 1 0 3000 1 3 3 8
1 17 0 1 0 0 0 3000 3 5 5 3
1 18 0 1 0 0 0 3000 3 13 13 5
1 19 1 0 0 1 0 3000 1 5 5 13
1 20 0 1 0 0 0 3000 2 11 11 5
2 1 0 1 0 0 0 3000 1 11 11 11
2 2 0 1 0 0 0 3000 3 4 4 11
2 3 1 0 0 1 0 3000 1 11 11 4
2 4 1 0 0 1 0 3000 1 4 4 11
2 5 0 1 0 0 0 3000 3 2 2 4
2 6 0 1 0 0 0 3000 3 12 12 2
2 7 1 0 0 1 0 3000 1 2 2 12
2 8 0 1 0 0 0 3000 2 1 1 2
2 9 0 1 0 0 0 3000 2 6 6 1
2 10 1 0 0 1 0 3000 1 1 1 6
2 11 1 0 0 1 0 3000 1 6 6 1
2 12 0 1 0 0 0 3000 2 4 4 6
2 13 1 0 0 1 0 3000 1 6 6 4
2 14 0 1 0 0 0 3000 3 8 8 6
2 15 1 0 0 1 0 3000 1 6 6 8
2 16 0 1 0 0 0 3000 2 13 13 6
2 17 0 1 0 0 0 3000 2 11 11 13
2 18 0 1 0 0 0 3000 2 15 15 11
2 19 0 1 0 0 0 3000 3 10 10 15
2 20 0 1 0 0 0 3000 3 14 14 10
2 21 1 0 0 1 0 3000 1 10 10 14
2 22 0 1 0 0 0 3000 2 8 8 10
2 23 0 1 0 0 0 3000 2 12 12 8
2 24 0 1 0 0 0 3000 3 11 11 12
2 25 0 1 0 0 0 3000 2 1 1 11
2 26 0 1 0 0 0 3000 3 13 13 1
2 27 0 1 0 0 0 3000 3 15 15 13
2 28 1 0 0 1 0 3000 1 13 13 15
2 29 0 1 0 0 0 3000 3 4 4 13
2 30 1 0 0 1 0 3000 1 13 13 4
3 1 0 1 0 0 0 3000 2 9 9 13
3 2 0 1 0 0 0 3000 2 8 8 9
3 3 0 1 0 0 0 3000 3 2 2 8
3 4 0 1 0 0 0 3000 3 12 12 2
3 5 1 0 0 1 0 3000 1 2 2 12
3 6 0 1 0 0 0 3000 3 8 8 2
3 7 1 0 0 1 0 3000 1 2 2 8
3 8 0 1 0 0 0 3000 2 13 13 2
3 9 1 0 0 1 0 3000 1 2 2 13
3 10 0 1 0 0 0 3000 3 4 4 2
3 11 0 1 0 0 0 3000 2 6 6 4
3 12 0 1 0 0 0 3000 2 1 1 6
3 13 1 0 0 1 0 3000 1 6 6 1
3 14 0 1 0 0 0 3000 2 13 13 6
3 15 0 1 0 0 0 3000 3 11 11 13
3 16 1 0 0 1 0 3000 1 13 13 11
3 17 0 1 0 0 0 3000 3 3 3 13
3 18 0 1 0 0 0 3000 3 3 3 3
3 19 0 1 0 0 0 3000 2 6 6 3
3 20 0 1 0 0 0 3000 2 4 4 6
3 21 1 0 0 1 0 3000 1 6 6 4
3 22 0 1 0 0 0 3000 2 10 10 6
3 23 1 0 0 1 0 3000 1 6 6 10
3 24 0 1 0 0 0 3000 2 13 13 6
3 25 0 1 0 0 0 3000 2 7 7 13
3 26 0 1 0 0 0 3000 3 12 12 7
3 27 1 0 0 1 0 3000 1 7 7 12
3 28 0 1 0 0 0 3000 3 6 6 7
3 29 1 0 0 1 0 3000 1 7 7 6
3 30 0 1 0 0 0 3000 3 1 1 7
