1 1 0 1 0 0 0 3000 2 5 5 0
1 2 0 1 0 0 0 3000 1 2 2 5
1 3 1 1 1 0 0 418 1 5 5 2
1 4 1 1 1 0 0 736 1 2 2 5
1 5 0 1 0 0 0 3000 2 3 3 2
1 6 1 1 1 0 0 454 1 2 2 3
1 7 0 1 0 0 0 3000 2 7 7 2
1 8 0 0 0 0 1 405 2 3 3 7
1 9 0 1 0 0 0 3000 2 9 9 3
1 10 1 1 1 0 0 404 1 3 3 9
1 11 0 1 0 0 0 3000 3 8 8 3
1 12 0 1 0 0 0 3000 3 6 6 8
1 13 1 1 1 0 0 1354 1 8 8 6
1 14 0 1 0 0 0 3000 2 9 9 8
1 15 0 1 0 0 0 3000 3 4 4 9
1 16 0 1 0 0 0 3000 2 1 1 4
1 17 0 1 0 0 0 3000 2 7 7 1
1 18 1 1 1 0 0 435 1 1 1 7
1 19 0 1 0 0 0 3000 3 15 15 1
1 20 0 1 0 0 0 3000 2 6 6 15
2 1 0 1 0 0 0 3000 1 1 1 6
2 2 0 1 0 0 0 3000 3 12 12 1
2 3 0 1 0 0 0 3000 2 14 14 12
2 4 0 1 0 0 0 3000 2 7 7 14
2 5 0 1 0 0 0 3000 3 1 1 7
2 6 0 1 0 0 0 3000 3 11 11 1
2 7 0 1 0 0 0 3000 3 12 12 11
2 8 1 1 1 0 0 409 1 11 11 12
2 9 0 1 0 0 0 3000 2 1 1 11
2 10 0 1 0 0 0 3000 3 15 15 1
2 11 0 1 0 0 0 3000 3 5 5 15
2 12 0 1 0 0 0 3000 3 8 8 5
2 13 0 1 0 0 0 3000 3 7 7 8
2 14 0 1 0 0 0 3000 2 14 14 7
2 15 0 1 0 0 0 3000 3 3 3 14
2 16 1 1 1 0 0 408 1 14 14 3
2 17 1 1 1 0 0 641 1 3 3 14
2 18 0 1 0 0 0 3000 3 1 1 3
2 19 0 1 0 0 0 3000 2 2 2 1
2 20 0 1 0 0 0 3000 2 15 15 2
2 21 0 1 0 0 0 3000 3 12 12 15
2 22 1 1 1 0 0 423 1 15 15 12
2 23 0 1 0 0 0 3000 3 2 2 15
2 24 0 1 0 0 0 3000 2 9 9 2
2 25 0 1 0 0 0 3000 3 12 12 9
2 26 0 1 0 0 0 3000 2 2 2 12
2 27 1 1 1 0 0 692 1 12 12 2
2 28 0 1 0 0 0 3000 3 8 8 12
2 29 1 0 0 1 0 3000 1 12 12 8
2 30 1 0 0 1 0 3000 1 8 8 12
3 1 0 1 0 0 0 3000 3 7 7 8
3 2 0 1 0 0 0 3000 2 12 12 7
3 3 0 1 0 0 0 3000 3 15 15 12
3 4 0 1 0 0 0 3000 3 3 3 15
3 5 0 1 0 0 0 3000 3 11 11 3
3 6 0 1 0 0 0 3000 2 9 9 11
3 7 0 1 0 0 0 3000 3 8 8 9
3 8 0 1 0 0 0 3000 2 3 3 8
3 9 0 1 0 0 0 3000 3 9 9 3
3 10 1 1 1 0 0 438 1 3 3 9
3 11 1 1 1 0 0 654 1 9 9 3
3 12 0 1 0 0 0 3000 3 2 2 9
3 13 1 1 1 0 0 541 1 9 9 2
3 14 0 1 0 0 0 3000 2 11 11 9
3 15 1 1 1 0 0 410 1 9 9 11
3 16 1 1 1 0 0 569 1 11 11 9
3 17 1 1 1 0 0 520 1 9 9 11
3 18 0 1 0 0 0 3000 2 7 7 9
3 19 1 1 1 0 0 574 1 9 9 7
3 20 0 1 0 0 0 3000 2 14 14 9
3 21 0 1 0 0 0 3000 2 14 14 14
3 22 1 1 1 0 0 413 1 14 14 14
3 23 0 1 0 0 0 3000 3 12 12 14
3 24 0 1 0 0 0 3000 2 12 12 12
3 25 1 1 1 0 0 391 1 12 12 12
3 26 1 1 1 0 0 472 1 12 12 12
3 27 1 1 1 0 0 448 1 12 12 12
3 28 0 1 0 0 0 3000 3 13 13 12
3 29 0 1 0 0 0 3000 2 7 7 13
3 30 1 1 1 0 0 767 1 13 13 7
