1 1 0 1 0 0 0 3000 2 11 11 0
1 2 0 1 0 0 0 3000 3 4 4 11
1 3 1 0 0 1 0 3000 1 11 11 4
1 4 1 0 0 1 0 3000 1 4 4 11
1 5 0 1 0 0 0 3000 2 6 6 4
1 6 1 0 0 1 0 3000 1 4 4 6
1 7 0 1 0 0 0 3000 2 9 9 4
1 8 1 0 0 1 0 3000 1 4 4 9
1 9 0 1 0 0 0 3000 3 11 11 4
1 10 0 1 0 0 0 3000 2 11 11 11
1 11 1 0 0 1 0 3000 1 11 11 11
1 12 0 1 0 0 0 3000 2 7 7 11
1 13 0 1 0 0 0 3000 3 7 7 7
1 14 0 1 0 0 0 3000 3 13 13 7
1 15 0 1 0 0 0 3000 2 13 13 13
1 16 0 1 0 0 0 3000 3 10 10 13
1 17 0 1 0 0 0 3000 2 15 15 10
1 18 0 1 0 0 0 3000 2 6 6 15
1 19 1 0 0 1 0 3000 1 15 15 6
1 20 0 1 0 0 0 3000 3 12 12 15
2 1 0 0 0 0 1 1888 1 10 10 12
2 2 0 1 0 0 0 3000 3 13 13 10
2 3 0 1 0 0 0 3000 3 4 4 13
2 4 1 0 0 1 0 3000 1 13 13 4
2 5 0 1 0 0 0 3000 3 6 6 13
2 6 0 1 0 0 0 3000 2 8 8 6
2 7 1 0 0 1 0 3000 1 6 6 8
2 8 0 1 0 0 0 3000 3 7 7 6
2 9 0 1 0 0 0 3000 2 15 15 7
2 10 0 1 0 0 0 3000 2 6 6 15
2 11 0 1 0 0 0 3000 3 10 10 6
2 12 1 0 0 1 0 3000 1 6 6 10
2 13 0 1 0 0 0 3000 3 11 11 6
2 14 1 0 0 1 0 3000 1 6 6 11
2 15 0 1 0 0 0 3000 3 3 3 6
2 16 0 1 0 0 0 3000 2 12 12 3
2 17 0 1 0 0 0 3000 3 4 4 12
2 18 0 1 0 0 0 3000 3 14 14 4
2 19 0 1 0 0 0 3000 2 7 7 14
2 20 0 1 0 0 0 3000 3 11 11 7
2 21 0 1 0 0 0 3000 2 1 1 11
2 22 0 1 0 0 0 3000 3 4 4 1
2 23 1 0 0 1 0 3000 1 1 1 4
2 24 0 1 0 0 0 3000 3 7 7 1
2 25 1 0 0 1 0 3000 1 1 1 7
2 26 0 1 0 0 0 3000 3 1 1 1
2 27 0 1 0 0 0 3000 2 9 9 1
2 28 0 1 0 0 0 3000 2 5 5 9
2 29 0 1 0 0 0 3000 3 5 5 5
2 30 1 0 0 1 0 3000 1 5 5 5
3 1 0 1 0 0 0 3000 2 2 2 5
3 2 0 1 0 0 0 3000 2 13 13 2
3 3 0 1 0 0 0 3000 3 3 3 13
3 4 1 0 0 1 0 3000 1 13 13 3
3 5 0 1 0 0 0 3000 2 8 8 13
3 6 0 1 0 0 0 3000 2 9 9 8
3 7 0 1 0 0 0 3000 3 6 6 9
3 8 0 1 0 0 0 3000 3 11 11 6
3 9 0 1 0 0 0 3000 3 15 15 11
3 10 1 0 0 1 0 3000 1 11 11 15
3 11 0 1 0 0 0 3000 3 7 7 11
3 12 0 1 0 0 0 3000 3 8 8 7
3 13 0 1 0 0 0 3000 3 4 4 8
3 14 0 1 0 0 0 3000 3 14 14 4
3 15 1 0 0 1 0 3000 1 4 4 14
3 16 0 1 0 0 0 3000 3 13 13 4
3 17 1 0 0 1 0 3000 1 4 4 13
3 18 0 1 0 0 0 3000 3 1 1 4
3 19 0 1 0 0 0 3000 3 12 12 1
3 20 1 0 0 1 0 3000 1 1 1 12
3 21 1 0 0 1 0 3000 1 12 12 1
3 22 0 1 0 0 0 3000 3 14 14 12
3 23 1 0 0 1 0 3000 1 12 12 14
3 24 0 1 0 0 0 3000 3 12 12 12
3 25 0 1 0 0 0 3000 3 5 5 12
3 26 0 1 0 0 0 3000 3 10 10 5
3 27 0 1 0 0 0 3000 3 12 12 10
3 28 0 1 0 0 0 3000 2 11 11 12
3 29 0 1 0 0 0 3000 3 1 1 11
3 30 0 1 0 0 0 3000 3 7 7 1
