1 1 0 1 0 0 0 3000 2 14 14 0
1 2 0 1 0 0 0 3000 1 4 4 14
1 3 0 1 0 0 0 3000 2 7 7 4
1 4 1 1 1 0 0 1244 1 4 4 7
1 5 1 0 0 1 0 3000 1 7 7 4
1 6 0 1 0 0 0 3000 3 14 14 7
1 7 0 1 0 0 0 3000 2 15 15 14
1 8 0 1 0 0 0 3000 3 1 1 15
1 9 0 0 0 0 1 960 3 14 14 1
1 10 0 1 0 0 0 3000 3 11 11 14
1 11 0 1 0 0 0 3000 2 4 4 11
1 12 0 1 0 0 0 3000 2 6 6 4
1 13 0 1 0 0 0 3000 2 13 13 6
1 14 0 1 0 0 0 3000 2 10 10 13
1 15 1 0 0 1 0 3000 1 13 13 10
1 16 0 1 0 0 0 3000 3 4 4 13
1 17 0 1 0 0 0 3000 3 7 7 4
1 18 0 1 0 0 0 3000 3 5 5 7
1 19 0 1 0 0 0 3000 2 14 14 5
1 20 1 0 0 1 0 3000 1 5 5 14
2 1 0 1 0 0 0 3000 2 6 6 5
2 2 0 1 0 0 0 3000 2 13 13 6
2 3 0 1 0 0 0 3000 3 5 5 13
2 4 1 1 1 0 0 509 1 13 13 5
2 5 0 1 0 0 0 3000 3 15 15 13
2 6 1 0 0 1 0 3000 1 13 13 15
2 7 1 0 0 1 0 3000 1 15 15 13
2 8 1 1 1 0 0 944 1 13 13 15
2 9 0 1 0 0 0 3000 3 14 14 13
2 10 0 1 0 0 0 3000 3 10 10 14
2 11 0 1 0 0 0 3000 2 6 6 10
2 12 0 1 0 0 0 3000 3 12 12 6
2 13 0 1 0 0 0 3000 3 10 10 12
2 14 1 0 0 1 0 3000 1 12 12 10
2 15 0 1 0 0 0 3000 2 6 6 12
2 16 0 1 0 0 0 3000 3 1 1 6
2 17 0 1 0 0 0 3000 2 3 3 1
2 18 0 0 0 0 1 733 2 10 10 3
2 19 0 1 0 0 0 3000 2 10 10 10
2 20 0 1 0 0 0 3000 3 13 13 10
2 21 1 0 0 1 0 3000 1 10 10 13
2 22 0 1 0 0 0 3000 2 14 14 10
2 23 0 1 0 0 0 3000 2 7 7 14
2 24 0 1 0 0 0 3000 2 11 11 7
2 25 0 1 0 0 0 3000 2 6 6 11
2 26 0 1 0 0 0 3000 3 6 6 6
2 27 0 1 0 0 0 3000 3 10 10 6
2 28 0 1 0 0 0 3000 2 7 7 10
2 29 1 0 0 1 0 3000 1 10 10 7
2 30 0 1 0 0 0 3000 2 2 2 10
3 1 0 1 0 0 0 3000 3 6 6 2
3 2 0 1 0 0 0 3000 3 13 13 6
3 3 1 0 0 1 0 3000 1 6 6 13
3 4 0 1 0 0 0 3000 2 3 3 6
3 5 1 0 0 1 0 3000 1 6 6 3
3 6 0 1 0 0 0 3000 3 2 2 6
3 7 0 1 0 0 0 3000 3 13 13 2
3 8 0 1 0 0 0 3000 2 9 9 13
3 9 0 1 0 0 0 3000 3 1 1 9
3 10 0 1 0 0 0 3000 2 4 4 1
3 11 0 1 0 0 0 3000 3 2 2 4
3 12 0 1 0 0 0 3000 3 6 6 2
3 13 0 1 0 0 0 3000 2 8 8 6
3 14 1 0 0 1 0 3000 1 6 6 8
3 15 0 1 0 0 0 3000 2 10 10 6
3 16 0 1 0 0 0 3000 2 1 1 10
3 17 0 1 0 0 0 3000 2 2 2 1
3 18 0 1 0 0 0 3000 3 7 7 2
3 19 0 1 0 0 0 3000 3 1 1 7
3 20 0 1 0 0 0 3000 2 5 5 1
3 21 0 1 0 0 0 3000 3 6 6 5
3 22 0 1 0 0 0 3000 3 12 12 6
3 23 0 1 0 0 0 3000 3 1 1 12
3 24 0 1 0 0 0 3000 2 8 8 1
3 25 0 1 0 0 0 3000 3 6 6 8
3 26 1 0 0 1 0 3000 1 8 8 6
3 27 0 0 0 0 1 1063 2 2 2 8
3 28 0 0 0 0 1 1140 3 5 5 2
3 29 1 0 0 1 0 3000 1 2 2 5
3 30 0 1 0 0 0 3000 2 8 8 2
