1 1 0 1 0 0 0 3000 2 14 14 0
1 2 0 0 0 0 1 1050 1 14 14 14
1 3 0 1 0 0 0 3000 3 6 6 14
1 4 0 1 0 0 0 3000 3 11 11 6
1 5 1 1 1 0 0 724 1 6 6 11
1 6 0 1 0 0 0 3000 3 12 12 6
1 7 0 1 0 0 0 3000 3 15 15 12
1 8 0 1 0 0 0 3000 2 2 2 15
1 9 0 1 0 0 0 3000 3 6 6 2
1 10 0 1 0 0 0 3000 3 1 1 6
1 11 1 1 1 0 0 420 1 6 6 1
1 12 0 1 0 0 0 3000 3 6 6 6
1 13 0 1 0 0 0 3000 2 8 8 6
1 14 0 1 0 0 0 3000 3 14 14 8
1 15 1 1 1 0 0 527 1 8 8 14
1 16 0 1 0 0 0 3000 2 15 15 8
1 17 0 1 0 0 0 3000 2 12 12 15
1 18 0 1 0 0 0 3000 2 3 3 12
1 19 1 1 1 0 0 383 1 12 12 3
1 20 0 1 0 0 0 3000 3 2 2 12
2 1 0 1 0 0 0 3000 3 7 7 2
2 2 0 1 0 0 0 3000 1 1 1 7
2 3 0 1 0 0 0 3000 3 2 2 1
2 4 0 1 0 0 0 3000 2 11 11 2
2 5 1 1 1 0 0 379 1 2 2 11
2 6 0 1 0 0 0 3000 2 14 14 2
2 7 0 1 0 0 0 3000 2 15 15 14
2 8 0 1 0 0 0 3000 2 13 13 15
2 9 1 1 1 0 0 386 1 15 15 13
2 10 0 1 0 0 0 3000 2 6 6 15
2 11 0 1 0 0 0 3000 3 5 5 6
2 12 1 1 1 0 0 650 1 6 6 5
2 13 1 0 0 1 0 3000 1 5 5 6
2 14 0 1 0 0 0 3000 3 1 1 5
2 15 0 1 0 0 0 3000 3 3 3 1
2 16 1 1 1 0 0 417 1 1 1 3
2 17 0 1 0 0 0 3000 3 15 15 1
2 18 0 1 0 0 0 3000 3 8 8 15
2 19 1 1 1 0 0 420 1 15 15 8
2 20 0 1 0 0 0 3000 2 5 5 15
2 21 1 0 0 1 0 3000 1 15 15 5
2 22 0 1 0 0 0 3000 2 15 15 15
2 23 0 1 0 0 0 3000 2 3 3 15
2 24 0 0 0 0 1 362 2 5 5 3
2 25 0 1 0 0 0 3000 2 14 14 5
2 26 0 1 0 0 0 3000 2 4 4 14
2 27 1 1 1 0 0 473 1 14 14 4
2 28 0 1 0 0 0 3000 2 2 2 14
2 29 1 0 0 1 0 3000 1 14 14 2
2 30 0 1 0 0 0 3000 3 13 13 14
3 1 0 1 0 0 0 3000 2 2 2 13
3 2 0 1 0 0 0 3000 1 4 4 2
3 3 0 1 0 0 0 3000 2 1 1 4
3 4 0 1 0 0 0 3000 2 7 7 1
3 5 0 1 0 0 0 3000 3 8 8 7
3 6 0 0 0 0 1 563 2 4 4 8
3 7 1 0 0 1 0 3000 1 8 8 4
3 8 0 1 0 0 0 3000 3 11 11 8
3 9 0 1 0 0 0 3000 2 2 2 11
3 10 1 1 1 0 0 2105 1 11 11 2
3 11 0 1 0 0 0 3000 3 15 15 11
3 12 1 0 0 1 0 3000 1 11 11 15
3 13 0 1 0 0 0 3000 3 3 3 11
3 14 0 1 0 0 0 3000 2 7 7 3
3 15 0 1 0 0 0 3000 2 7 7 7
3 16 0 1 0 0 0 3000 3 6 6 7
3 17 0 1 0 0 0 3000 3 2 2 6
3 18 0 1 0 0 0 3000 3 12 12 2
3 19 0 1 0 0 0 3000 3 14 14 12
3 20 0 1 0 0 0 3000 2 15 15 14
3 21 0 1 0 0 0 3000 3 7 7 15
3 22 0 1 0 0 0 3000 3 11 11 7
3 23 0 1 0 0 0 3000 3 1 1 11
3 24 0 1 0 0 0 3000 3 5 5 1
3 25 1 1 1 0 0 1804 1 1 1 5
3 26 0 1 0 0 0 3000 3 15 15 1
3 27 0 1 0 0 0 3000 2 2 2 15
3 28 1 1 1 0 0 1501 1 15 15 2
3 29 1 0 0 1 0 3000 1 2 2 15
3 30 0 1 0 0 0 3000 2 7 7 2
