1 1 0 1 0 0 0 3000 2 14 14 0
1 2 0 1 0 0 0 3000 1 10 10 14
1 3 1 1 1 0 0 755 1 14 14 10
1 4 0 1 0 0 0 3000 3 14 14 14
1 5 0 1 0 0 0 3000 3 2 2 14
1 6 0 1 0 0 0 3000 3 8 8 2
1 7 0 1 0 0 0 3000 3 5 5 8
1 8 0 1 0 0 0 3000 3 12 12 5
1 9 0 1 0 0 0 3000 2 8 8 12
1 10 0 1 0 0 0 3000 3 7 7 8
1 11 0 1 0 0 0 3000 3 9 9 7
1 12 0 1 0 0 0 3000 3 2 2 9
1 13 0 1 0 0 0 3000 3 4 4 2
1 14 0 1 0 0 0 3000 3 9 9 4
1 15 1 1 1 0 0 513 1 4 4 9
1 16 0 1 0 0 0 3000 3 8 8 4
1 17 0 1 0 0 0 3000 3 5 5 8
1 18 0 1 0 0 0 3000 3 9 9 5
1 19 0 1 0 0 0 3000 2 8 8 9
1 20 0 1 0 0 0 3000 3 11 11 8
2 1 0 1 0 0 0 3000 1 2 2 11
2 2 0 1 0 0 0 3000 1 1 1 2
2 3 0 1 0 0 0 3000 2 3 3 1
2 4 0 1 0 0 0 3000 2 9 9 3
2 5 0 1 0 0 0 3000 3 11 11 9
2 6 0 1 0 0 0 3000 3 10 10 11
2 7 0 1 0 0 0 3000 3 9 9 10
2 8 1 1 1 0 0 461 1 10 10 9
2 9 0 1 0 0 0 3000 2 11 11 10
2 10 1 1 1 0 0 755 1 10 10 11
2 11 0 1 0 0 0 3000 3 3 3 10
2 12 0 1 0 0 0 3000 2 13 13 3
2 13 0 1 0 0 0 3000 3 7 7 13
2 14 0 1 0 0 0 3000 3 4 4 7
2 15 0 1 0 0 0 3000 2 4 4 4
2 16 1 1 1 0 0 487 1 4 4 4
2 17 1 1 1 0 0 931 1 4 4 4
2 18 0 1 0 0 0 3000 2 2 2 4
2 19 0 1 0 0 0 3000 3 5 5 2
2 20 1 1 1 0 0 1340 1 2 2 5
2 21 0 1 0 0 0 3000 2 10 10 2
2 22 1 1 1 0 0 1990 1 2 2 10
2 23 1 1 1 0 0 1004 1 10 10 2
2 24 0 1 0 0 0 3000 2 4 4 10
2 25 0 1 0 0 0 3000 3 2 2 4
2 26 1 1 1 0 0 730 1 4 4 2
2 27 1 1 1 0 0 479 1 2 2 4
2 28 0 1 0 0 0 3000 3 8 8 2
2 29 0 1 0 0 0 3000 3 3 3 8
2 30 1 1 1 0 0 878 1 8 8 3
3 1 0 1 0 0 0 3000 2 6 6 8
3 2 0 1 0 0 0 3000 3 4 4 6
3 3 0 1 0 0 0 3000 2 4 4 4
3 4 1 1 1 0 0 576 1 4 4 4
3 5 0 1 0 0 0 3000 2 6 6 4
3 6 0 1 0 0 0 3000 3 8 8 6
3 7 0 1 0 0 0 3000 3 3 3 8
3 8 1 1 1 0 0 436 1 8 8 3
3 9 1 1 1 0 0 654 1 3 3 8
3 10 1 1 1 0 0 585 1 8 8 3
3 11 1 1 1 0 0 553 1 3 3 8
3 12 1 1 1 0 0 613 1 8 8 3
3 13 0 1 0 0 0 3000 3 7 7 8
3 14 1 1 1 0 0 545 1 8 8 7
3 15 0 1 0 0 0 3000 3 11 11 8
3 16 1 1 1 0 0 467 1 8 8 11
3 17 0 1 0 0 0 3000 3 15 15 8
3 18 0 1 0 0 0 3000 3 2 2 15
3 19 0 1 0 0 0 3000 2 3 3 2
3 20 1 1 1 0 0 950 1 2 2 3
3 21 1 1 1 0 0 439 1 3 3 2
3 22 1 1 1 0 0 465 1 2 2 3
3 23 0 1 0 0 0 3000 2 13 13 2
3 24 0 1 0 0 0 3000 2 5 5 13
3 25 1 1 1 0 0 666 1 13 13 5
3 26 0 1 0 0 0 3000 3 15 15 13
3 27 1 1 1 0 0 585 1 13 13 15
3 28 0 1 0 0 0 3000 3 14 14 13
3 29 0 1 0 0 0 3000 3 6 6 14
3 30 0 1 0 0 0 3000 3 9 9 6
