1 1 0 1 0 0 0 3000 1 3 3 0
1 2 0 1 0 0 0 3000 1 14 14 3
1 3 1 1 1 0 0 838 1 3 3 14
1 4 0 0 0 0 1 2443 3 8 8 3
1 5 1 1 1 0 0 2307 1 3 3 8
1 6 0 0 0 0 1 1220 3 12 12 3
1 7 1 1 1 0 0 1038 1 3 3 12
1 8 0 0 0 0 1 2422 2 15 15 3
1 9 0 0 0 0 1 2681 2 14 14 15
1 10 0 1 0 0 0 3000 3 7 7 14
1 11 1 1 1 0 0 2660 1 14 14 7
1 12 0 0 0 0 1 2167 2 12 12 14
1 13 1 0 0 1 0 3000 1 14 14 12
1 14 0 0 0 0 1 453 3 11 11 14
1 15 0 0 0 0 1 849 3 2 2 11
1 16 1 1 1 0 0 1569 1 11 11 2
1 17 1 1 1 0 0 1625 1 2 2 11
1 18 0 0 0 0 1 1612 3 15 15 2
1 19 0 0 0 0 1 1467 3 14 14 15
1 20 0 0 0 0 1 1516 3 4 4 14
2 1 0 1 0 0 0 3000 1 1 1 4
2 2 0 1 0 0 0 3000 2 10 10 1
2 3 1 1 1 0 0 650 1 1 1 10
2 4 0 0 0 0 1 841 3 7 7 1
2 5 1 1 1 0 0 703 1 1 1 7
2 6 0 0 0 0 1 621 2 3 3 1
2 7 0 0 0 0 1 539 2 3 3 3
2 8 0 0 0 0 1 528 2 13 13 3
2 9 1 1 1 0 0 451 1 3 3 13
2 10 0 0 0 0 1 593 2 8 8 3
2 11 1 1 1 0 0 525 1 3 3 8
2 12 0 0 0 0 1 463 3 11 11 3
2 13 1 1 1 0 0 870 1 3 3 11
2 14 0 0 0 0 1 732 3 4 4 3
2 15 0 0 0 0 1 427 2 8 8 4
2 16 0 0 0 0 1 532 2 9 9 8
2 17 0 0 0 0 1 671 2 5 5 9
2 18 0 0 0 0 1 492 3 1 1 5
2 19 1 1 1 0 0 606 1 5 5 1
2 20 0 0 0 0 1 384 3 8 8 5
2 21 0 0 0 0 1 702 3 14 14 8
2 22 0 0 0 0 1 451 3 6 6 14
2 23 1 1 1 0 0 429 1 14 14 6
2 24 1 1 1 0 0 577 1 6 6 14
2 25 1 1 1 0 0 467 1 14 14 6
2 26 0 0 0 0 1 477 2 15 15 14
2 27 1 1 1 0 0 382 1 14 14 15
2 28 0 0 0 0 1 503 3 5 5 14
2 29 1 1 1 0 0 372 1 14 14 5
2 30 0 0 0 0 1 362 2 1 1 14
3 1 0 1 0 0 0 3000 2 9 9 1
3 2 0 0 0 0 1 969 2 7 7 9
3 3 0 0 0 0 1 2176 2 14 14 7
3 4 0 0 0 0 1 1136 2 1 1 14
3 5 0 0 0 0 1 1746 3 2 2 1
3 6 0 0 0 0 1 554 3 15 15 2
3 7 0 0 0 0 1 547 3 7 7 15
3 8 0 0 0 0 1 514 2 3 3 7
3 9 0 0 0 0 1 1242 2 11 11 3
3 10 0 0 0 0 1 997 3 2 2 11
3 11 1 1 1 0 0 550 1 11 11 2
3 12 0 0 0 0 1 549 3 13 13 11
3 13 1 1 1 0 0 504 1 11 11 13
3 14 0 0 0 0 1 489 2 1 1 11
3 15 0 0 0 0 1 479 2 8 8 1
3 16 0 0 0 0 1 453 3 15 15 8
3 17 1 1 1 0 0 394 1 8 8 15
3 18 1 1 1 0 0 476 1 15 15 8
3 19 1 1 1 0 0 447 1 8 8 15
3 20 0 0 0 0 1 353 3 9 9 8
3 21 0 0 0 0 1 425 2 15 15 9
3 22 0 0 0 0 1 386 3 4 4 15
3 23 1 1 1 0 0 185 1 15 15 4
3 24 0 0 0 0 1 362 3 2 2 15
3 25 0 0 0 0 1 330 3 9 9 2
3 26 0 0 0 0 1 439 2 6 6 9
3 27 0 0 0 0 1 374 3 1 1 6
3 28 0 0 0 0 1 124 3 7 7 1
3 29 1 1 1 0 0 894 1 1 1 7
3 30 0 0 0 0 1 1189 2 14 14 1
