1 1 0 1 0 0 0 3000 2 8 8 0
1 2 0 1 0 0 0 3000 2 8 8 8
1 3 0 1 0 0 0 3000 3 10 10 8
1 4 0 1 0 0 0 3000 2 13 13 10
1 5 0 1 0 0 0 3000 3 12 12 13
1 6 0 1 0 0 0 3000 3 5 5 12
1 7 1 1 1 0 0 762 1 12 12 5
1 8 1 0 0 1 0 3000 1 5 5 12
1 9 1 0 0 1 0 3000 1 12 12 5
1 10 1 1 1 0 0 1160 1 5 5 12
1 11 0 1 0 0 0 3000 2 13 13 5
1 12 0 1 0 0 0 3000 3 10 10 13
1 13 1 1 1 0 0 1009 1 13 13 10
1 14 0 1 0 0 0 3000 3 3 3 13
1 15 0 1 0 0 0 3000 3 9 9 3
1 16 0 1 0 0 0 3000 2 11 11 9
1 17 1 1 1 0 0 479 1 9 9 11
1 18 1 0 0 1 0 3000 1 11 11 9
1 19 0 1 0 0 0 3000 2 7 7 11
1 20 1 1 1 0 0 565 1 11 11 7
2 1 0 1 0 0 0 3000 2 15 15 11
2 2 0 1 0 0 0 3000 3 13 13 15
2 3 0 1 0 0 0 3000 3 12 12 13
2 4 1 1 1 0 0 954 1 13 13 12
2 5 1 1 1 0 0 561 1 12 12 13
2 6 1 0 0 1 0 3000 1 13 13 12
2 7 1 0 0 1 0 3000 1 12 12 13
2 8 1 1 1 0 0 356 1 13 13 12
2 9 1 1 1 0 0 916 1 12 12 13
2 10 0 1 0 0 0 3000 2 15 15 12
2 11 1 0 0 1 0 3000 1 12 12 15
2 12 1 1 1 0 0 550 1 15 15 12
2 13 0 1 0 0 0 3000 3 5 5 15
2 14 0 1 0 0 0 3000 3 7 7 5
2 15 1 1 1 0 0 365 1 5 5 7
2 16 1 0 0 1 0 3000 1 7 7 5
2 17 0 1 0 0 0 3000 2 10 10 7
2 18 0 1 0 0 0 3000 2 8 8 10
2 19 0 1 0 0 0 3000 3 7 7 8
2 20 0 1 0 0 0 3000 2 3 3 7
2 21 0 0 0 0 1 745 3 5 5 3
2 22 0 1 0 0 0 3000 2 8 8 5
2 23 0 1 0 0 0 3000 2 11 11 8
2 24 0 1 0 0 0 3000 3 3 3 11
2 25 0 1 0 0 0 3000 2 9 9 3
2 26 0 1 0 0 0 3000 3 10 10 9
2 27 0 1 0 0 0 3000 2 10 10 10
2 28 0 1 0 0 0 3000 3 1 1 10
2 29 0 1 0 0 0 3000 2 14 14 1
2 30 0 1 0 0 0 3000 2 11 11 14
3 1 0 1 0 0 0 3000 1 6 6 11
3 2 0 1 0 0 0 3000 1 5 5 6
3 3 0 1 0 0 0 3000 3 9 9 5
3 4 1 1 1 0 0 967 1 5 5 9
3 5 1 0 0 1 0 3000 1 9 9 5
3 6 0 1 0 0 0 3000 2 11 11 9
3 7 0 1 0 0 0 3000 3 3 3 11
3 8 1 1 1 0 0 559 1 11 11 3
3 9 0 0 0 0 1 1128 2 11 11 11
3 10 0 1 0 0 0 3000 2 9 9 11
3 11 0 1 0 0 0 3000 2 3 3 9
3 12 0 0 0 0 1 705 2 3 3 3
3 13 0 1 0 0 0 3000 3 6 6 3
3 14 0 1 0 0 0 3000 3 9 9 6
3 15 0 1 0 0 0 3000 3 10 10 9
3 16 0 0 0 0 1 575 2 11 11 10
3 17 0 1 0 0 0 3000 2 14 14 11
3 18 0 1 0 0 0 3000 3 13 13 14
3 19 1 1 1 0 0 816 1 14 14 13
3 20 0 1 0 0 0 3000 2 9 9 14
3 21 0 1 0 0 0 3000 3 3 3 9
3 22 0 1 0 0 0 3000 3 13 13 3
3 23 1 1 1 0 0 505 1 3 3 13
3 24 1 1 1 0 0 867 1 13 13 3
3 25 0 1 0 0 0 3000 3 4 4 13
3 26 0 1 0 0 0 3000 3 4 4 4
3 27 1 1 1 0 0 439 1 4 4 4
3 28 0 1 0 0 0 3000 2 7 7 4
3 29 0 1 0 0 0 3000 2 1 1 7
3 30 0 1 0 0 0 3000 2 1 1 1
