1 1 0 1 0 0 0 3000 3 6 6 0
1 2 0 1 0 0 0 3000 1 7 7 6
1 3 1 0 0 1 0 3000 1 6 6 7
1 4 0 1 0 0 0 3000 3 15 15 6
1 5 1 1 1 0 0 1352 1 6 6 15
1 6 0 0 0 0 1 750 2 7 7 6
1 7 0 0 0 0 1 2660 2 13 13 7
1 8 1 1 1 0 0 1046 1 7 7 13
1 9 0 0 0 0 1 1093 3 15 15 7
1 10 0 0 0 0 1 1440 3 2 2 15
1 11 0 0 0 0 1 682 3 13 13 2
1 12 0 1 0 0 0 3000 2 10 10 13
1 13 1 0 0 1 0 3000 1 13 13 10
1 14 1 0 0 1 0 3000 1 10 10 13
1 15 1 0 0 1 0 3000 1 13 13 10
1 16 1 1 1 0 0 258 1 10 10 13
1 17 1 0 0 1 0 3000 1 13 13 10
1 18 0 1 0 0 0 3000 2 14 14 13
1 19 1 0 0 1 0 3000 1 13 13 14
1 20 1 0 0 1 0 3000 1 14 14 13
2 1 0 0 0 0 1 2891 1 7 7 14
2 2 0 0 0 0 1 319 1 13 13 7
2 3 1 1 1 0 0 491 1 7 7 13
2 4 0 1 0 0 0 3000 2 15 15 7
2 5 0 0 0 0 1 933 3 3 3 15
2 6 0 0 0 0 1 642 3 6 6 3
2 7 0 0 0 0 1 871 2 2 2 6
2 8 0 0 0 0 1 1053 2 12 12 2
2 9 0 0 0 0 1 721 2 6 6 12
2 10 0 0 0 0 1 493 2 4 4 6
2 11 0 0 0 0 1 792 3 1 1 4
2 12 1 1 1 0 0 478 1 4 4 1
2 13 1 1 1 0 0 612 1 1 1 4
2 14 1 1 1 0 0 517 1 4 4 1
2 15 0 1 0 0 0 3000 3 9 9 4
2 16 1 1 1 0 0 719 1 4 4 9
2 17 0 0 0 0 1 557 3 10 10 4
2 18 0 1 0 0 0 3000 3 9 9 10
2 19 0 0 0 0 1 742 3 3 3 9
2 20 1 1 1 0 0 459 1 9 9 3
2 21 0 0 0 0 1 604 3 15 15 9
2 22 0 0 0 0 1 362 2 3 3 15
2 23 0 0 0 0 1 376 3 14 14 3
2 24 0 0 0 0 1 808 3 11 11 14
2 25 0 0 0 0 1 476 2 9 9 11
2 26 0 0 0 0 1 620 3 12 12 9
2 27 0 0 0 0 1 581 3 8 8 12
2 28 0 1 0 0 0 3000 3 8 8 8
2 29 0 0 0 0 1 426 3 10 10 8
2 30 1 0 0 1 0 3000 1 8 8 10
3 1 0 1 0 0 0 3000 2 6 6 8
3 2 0 1 0 0 0 3000 1 2 2 6
3 3 0 0 0 0 1 1374 2 15 15 2
3 4 1 1 1 0 0 188 1 2 2 15
3 5 0 0 0 0 1 395 2 7 7 2
3 6 0 0 0 0 1 464 2 4 4 7
3 7 0 0 0 0 1 359 2 4 4 4
3 8 0 0 0 0 1 382 2 2 2 4
3 9 1 1 1 0 0 1809 1 4 4 2
3 10 0 0 0 0 1 1289 3 13 13 4
3 11 0 0 0 0 1 420 2 11 11 13
3 12 0 0 0 0 1 425 2 10 10 11
3 13 0 0 0 0 1 473 3 3 3 10
3 14 1 1 1 0 0 460 1 10 10 3
3 15 0 0 0 0 1 493 3 2 2 10
3 16 0 0 0 0 1 552 3 12 12 2
3 17 1 1 1 0 0 1829 1 2 2 12
3 18 1 1 1 0 0 420 1 12 12 2
3 19 1 1 1 0 0 40 1 2 2 12
3 20 0 0 0 0 1 256 2 9 9 2
3 21 1 1 1 0 0 145 1 2 2 9
3 22 0 0 0 0 1 223 3 11 11 2
3 23 1 1 1 0 0 54 1 2 2 11
3 24 0 0 0 0 1 319 2 5 5 2
3 25 0 0 0 0 1 381 3 14 14 5
3 26 1 1 1 0 0 450 1 5 5 14
3 27 0 0 0 0 1 1834 3 8 8 5
3 28 0 0 0 0 1 1142 2 14 14 8
3 29 0 0 0 0 1 256 3 13 13 14
3 30 0 0 0 0 1 65 2 2 2 13
