1 1 0 1 0 0 0 3000 2 6 6 0
1 2 0 1 0 0 0 3000 2 15 15 6
1 3 0 1 0 0 0 3000 3 3 3 15
1 4 0 1 0 0 0 3000 3 9 9 3
1 5 1 0 0 1 0 3000 1 3 3 9
1 6 0 1 0 0 0 3000 3 10 10 3
1 7 0 1 0 0 0 3000 2 7 7 10
1 8 0 1 0 0 0 3000 2 7 7 7
1 9 0 1 0 0 0 3000 2 2 2 7
1 10 1 1 1 0 0 937 1 7 7 2
1 11 0 1 0 0 0 3000 3 8 8 7
1 12 0 1 0 0 0 3000 2 13 13 8
1 13 1 0 0 1 0 3000 1 8 8 13
1 14 0 1 0 0 0 3000 2 12 12 8
1 15 1 1 1 0 0 528 1 8 8 12
1 16 0 1 0 0 0 3000 3 1 1 8
1 17 0 1 0 0 0 3000 3 7 7 1
1 18 0 1 0 0 0 3000 3 9 9 7
1 19 0 1 0 0 0 3000 3 5 5 9
1 20 0 1 0 0 0 3000 2 13 13 5
2 1 0 1 0 0 0 3000 3 15 15 13
2 2 0 1 0 0 0 3000 2 5 5 15
2 3 1 1 1 0 0 428 1 15 15 5
2 4 1 1 1 0 0 471 1 5 5 15
2 5 1 1 1 0 0 531 1 15 15 5
2 6 0 1 0 0 0 3000 2 11 11 15
2 7 0 1 0 0 0 3000 3 1 1 11
2 8 0 1 0 0 0 3000 3 1 1 1
2 9 0 1 0 0 0 3000 3 3 3 1
2 10 0 0 0 0 1 671 2 11 11 3
2 11 0 1 0 0 0 3000 3 6 6 11
2 12 1 1 1 0 0 359 1 11 11 6
2 13 0 1 0 0 0 3000 2 14 14 11
2 14 0 1 0 0 0 3000 2 12 12 14
2 15 1 1 1 0 0 539 1 14 14 12
2 16 0 1 0 0 0 3000 3 5 5 14
2 17 0 1 0 0 0 3000 2 13 13 5
2 18 1 1 1 0 0 382 1 5 5 13
2 19 0 1 0 0 0 3000 3 3 3 5
2 20 0 1 0 0 0 3000 2 2 2 3
2 21 0 1 0 0 0 3000 3 4 4 2
2 22 1 1 1 0 0 491 1 2 2 4
2 23 0 1 0 0 0 3000 2 13 13 2
2 24 0 1 0 0 0 3000 3 5 5 13
2 25 0 1 0 0 0 3000 2 3 3 5
2 26 0 1 0 0 0 3000 2 15 15 3
2 27 0 1 0 0 0 3000 3 10 10 15
2 28 0 1 0 0 0 3000 2 14 14 10
2 29 0 1 0 0 0 3000 3 6 6 14
2 30 0 1 0 0 0 3000 3 4 4 6
3 1 0 1 0 0 0 3000 3 15 15 4
3 2 0 1 0 0 0 3000 1 10 10 15
3 3 1 1 1 0 0 399 1 15 15 10
3 4 0 1 0 0 0 3000 3 3 3 15
3 5 0 1 0 0 0 3000 3 9 9 3
3 6 0 1 0 0 0 3000 3 11 11 9
3 7 1 1 1 0 0 452 1 9 9 11
3 8 0 1 0 0 0 3000 3 1 1 9
3 9 0 1 0 0 0 3000 2 5 5 1
3 10 0 1 0 0 0 3000 2 5 5 5
3 11 1 1 1 0 0 433 1 5 5 5
3 12 1 1 1 0 0 486 1 5 5 5
3 13 0 1 0 0 0 3000 2 4 4 5
3 14 0 1 0 0 0 3000 3 3 3 4
3 15 1 1 1 0 0 580 1 4 4 3
3 16 1 1 1 0 0 386 1 3 3 4
3 17 0 1 0 0 0 3000 3 1 1 3
3 18 0 1 0 0 0 3000 3 2 2 1
3 19 0 1 0 0 0 3000 3 4 4 2
3 20 0 1 0 0 0 3000 3 9 9 4
3 21 0 1 0 0 0 3000 3 2 2 9
3 22 0 1 0 0 0 3000 3 11 11 2
3 23 0 1 0 0 0 3000 2 9 9 11
3 24 0 1 0 0 0 3000 2 6 6 9
3 25 1 1 1 0 0 371 1 9 9 6
3 26 1 1 1 0 0 430 1 6 6 9
3 27 0 1 0 0 0 3000 3 7 7 6
3 28 0 1 0 0 0 3000 2 14 14 7
3 29 1 1 1 0 0 414 1 7 7 14
3 30 0 1 0 0 0 3000 3 3 3 7
