1 1 0 1 0 0 0 3000 3 7 7 0
1 2 0 1 0 0 0 3000 2 1 1 7
1 3 1 1 1 0 0 587 1 7 7 1
1 4 0 1 0 0 0 3000 3 5 5 7
1 5 1 1 1 0 0 1369 1 7 7 5
1 6 1 0 0 1 0 3000 1 5 5 7
1 7 0 1 0 0 0 3000 3 11 11 5
1 8 0 1 0 0 0 3000 3 7 7 11
1 9 1 1 1 0 0 418 1 11 11 7
1 10 0 1 0 0 0 3000 3 10 10 11
1 11 0 1 0 0 0 3000 3 1 1 10
1 12 1 1 1 0 0 553 1 10 10 1
1 13 1 0 0 1 0 3000 1 1 1 10
1 14 0 1 0 0 0 3000 2 4 4 1
1 15 1 1 1 0 0 573 1 1 1 4
1 16 0 1 0 0 0 3000 3 11 11 1
1 17 0 1 0 0 0 3000 2 4 4 11
1 18 1 1 1 0 0 511 1 11 11 4
1 19 0 1 0 0 0 3000 2 6 6 11
1 20 0 1 0 0 0 3000 2 10 10 6
2 1 0 1 0 0 0 3000 2 4 4 10
2 2 0 1 0 0 0 3000 2 15 15 4
2 3 0 1 0 0 0 3000 2 2 2 15
2 4 1 1 1 0 0 457 1 15 15 2
2 5 0 0 0 0 1 1520 3 4 4 15
2 6 1 1 1 0 0 657 1 15 15 4
2 7 0 1 0 0 0 3000 2 9 9 15
2 8 0 1 0 0 0 3000 3 7 7 9
2 9 0 1 0 0 0 3000 2 15 15 7
2 10 0 1 0 0 0 3000 3 2 2 15
2 11 1 1 1 0 0 514 1 15 15 2
2 12 0 1 0 0 0 3000 3 14 14 15
2 13 0 1 0 0 0 3000 2 9 9 14
2 14 0 1 0 0 0 3000 2 15 15 9
2 15 0 0 0 0 1 1298 2 5 5 15
2 16 1 1 1 0 0 597 1 15 15 5
2 17 1 0 0 1 0 3000 1 5 5 15
2 18 0 1 0 0 0 3000 2 11 11 5
2 19 0 1 0 0 0 3000 2 8 8 11
2 20 1 1 1 0 0 458 1 11 11 8
2 21 1 0 0 1 0 3000 1 8 8 11
2 22 1 1 1 0 0 456 1 11 11 8
2 23 1 0 0 1 0 3000 1 8 8 11
2 24 0 1 0 0 0 3000 2 2 2 8
2 25 1 1 1 0 0 457 1 8 8 2
2 26 0 1 0 0 0 3000 3 15 15 8
2 27 0 0 0 0 1 735 2 10 10 15
2 28 1 1 1 0 0 463 1 15 15 10
2 29 0 1 0 0 0 3000 3 2 2 15
2 30 1 1 1 0 0 761 1 15 15 2
3 1 0 1 0 0 0 3000 2 1 1 15
3 2 0 0 0 0 1 809 1 1 1 1
3 3 1 1 1 0 0 423 1 1 1 1
3 4 0 1 0 0 0 3000 2 6 6 1
3 5 0 1 0 0 0 3000 2 4 4 6
3 6 0 1 0 0 0 3000 3 4 4 4
3 7 0 1 0 0 0 3000 2 5 5 4
3 8 0 1 0 0 0 3000 3 11 11 5
3 9 0 1 0 0 0 3000 2 9 9 11
3 10 1 1 1 0 0 450 1 11 11 9
3 11 0 1 0 0 0 3000 2 1 1 11
3 12 1 1 1 0 0 425 1 11 11 1
3 13 1 0 0 1 0 3000 1 1 1 11
3 14 0 1 0 0 0 3000 3 9 9 1
3 15 1 1 1 0 0 592 1 1 1 9
3 16 0 1 0 0 0 3000 2 3 3 1
3 17 1 1 1 0 0 455 1 1 1 3
3 18 0 1 0 0 0 3000 3 6 6 1
3 19 1 1 1 0 0 449 1 1 1 6
3 20 0 1 0 0 0 3000 3 5 5 1
3 21 0 1 0 0 0 3000 2 13 13 5
3 22 1 1 1 0 0 605 1 5 5 13
3 23 0 1 0 0 0 3000 3 10 10 5
3 24 0 1 0 0 0 3000 2 13 13 10
3 25 1 1 1 0 0 406 1 10 10 13
3 26 0 1 0 0 0 3000 3 3 3 10
3 27 0 0 0 0 1 750 2 3 3 3
3 28 0 1 0 0 0 3000 3 11 11 3
3 29 1 1 1 0 0 465 1 3 3 11
3 30 0 1 0 0 0 3000 3 6 6 3
