1 1 0 0 0 0 1 656 2 10 10 0
1 2 0 1 0 0 0 3000 2 2 2 10
1 3 0 1 0 0 0 3000 3 14 14 2
1 4 0 1 0 0 0 3000 3 15 15 14
1 5 0 1 0 0 0 3000 3 1 1 15
1 6 1 1 1 0 0 536 1 15 15 1
1 7 0 1 0 0 0 3000 2 8 8 15
1 8 0 1 0 0 0 3000 3 9 9 8
1 9 1 1 1 0 0 553 1 8 8 9
1 10 0 1 0 0 0 3000 3 5 5 8
1 11 0 1 0 0 0 3000 3 11 11 5
1 12 0 1 0 0 0 3000 3 14 14 11
1 13 0 1 0 0 0 3000 2 6 6 14
1 14 1 1 1 0 0 585 1 14 14 6
1 15 0 1 0 0 0 3000 2 1 1 14
1 16 0 1 0 0 0 3000 2 8 8 1
1 17 0 1 0 0 0 3000 2 15 15 8
1 18 0 1 0 0 0 3000 3 10 10 15
1 19 0 1 0 0 0 3000 3 14 14 10
1 20 0 1 0 0 0 3000 3 2 2 14
2 1 0 1 0 0 0 3000 3 1 1 2
2 2 0 1 0 0 0 3000 2 4 4 1
2 3 0 1 0 0 0 3000 2 4 4 4
2 4 0 1 0 0 0 3000 2 3 3 4
2 5 0 1 0 0 0 3000 3 2 2 3
2 6 0 1 0 0 0 3000 3 7 7 2
2 7 0 1 0 0 0 3000 2 12 12 7
2 8 0 1 0 0 0 3000 2 14 14 12
2 9 0 1 0 0 0 3000 3 7 7 14
2 10 1 1 1 0 0 457 1 14 14 7
2 11 0 1 0 0 0 3000 3 4 4 14
2 12 0 1 0 0 0 3000 2 3 3 4
2 13 0 1 0 0 0 3000 3 1 1 3
2 14 1 1 1 0 0 525 1 3 3 1
2 15 0 1 0 0 0 3000 2 5 5 3
2 16 0 0 0 0 1 780 3 1 1 5
2 17 1 1 1 0 0 676 1 5 5 1
2 18 0 1 0 0 0 3000 3 11 11 5
2 19 0 1 0 0 0 3000 2 6 6 11
2 20 1 1 1 0 0 671 1 11 11 6
2 21 0 1 0 0 0 3000 2 9 9 11
2 22 0 0 0 0 1 1197 3 6 6 9
2 23 0 1 0 0 0 3000 2 15 15 6
2 24 1 1 1 0 0 792 1 6 6 15
2 25 0 1 0 0 0 3000 3 13 13 6
2 26 0 1 0 0 0 3000 2 2 2 13
2 27 1 1 1 0 0 397 1 13 13 2
2 28 0 1 0 0 0 3000 2 13 13 13
2 29 1 1 1 0 0 601 1 13 13 13
2 30 0 1 0 0 0 3000 2 5 5 13
3 1 0 0 0 0 1 1640 2 3 3 5
3 2 0 1 0 0 0 3000 1 13 13 3
3 3 0 1 0 0 0 3000 3 2 2 13
3 4 0 1 0 0 0 3000 3 14 14 2
3 5 1 1 1 0 0 524 1 2 2 14
3 6 0 1 0 0 0 3000 2 1 1 2
3 7 0 0 0 0 1 470 2 14 14 1
3 8 0 1 0 0 0 3000 2 11 11 14
3 9 0 1 0 0 0 3000 3 6 6 11
3 10 0 1 0 0 0 3000 2 10 10 6
3 11 0 1 0 0 0 3000 3 11 11 10
3 12 0 0 0 0 1 609 3 11 11 11
3 13 1 1 1 0 0 1325 1 11 11 11
3 14 0 1 0 0 0 3000 2 1 1 11
3 15 0 1 0 0 0 3000 3 14 14 1
3 16 1 1 1 0 0 586 1 1 1 14
3 17 0 1 0 0 0 3000 3 9 9 1
3 18 1 1 1 0 0 486 1 1 1 9
3 19 1 1 1 0 0 653 1 9 9 1
3 20 1 1 1 0 0 466 1 1 1 9
3 21 0 1 0 0 0 3000 2 14 14 1
3 22 0 0 0 0 1 858 2 9 9 14
3 23 0 1 0 0 0 3000 2 4 4 9
3 24 0 1 0 0 0 3000 3 11 11 4
3 25 1 1 1 0 0 550 1 4 4 11
3 26 0 1 0 0 0 3000 3 8 8 4
3 27 0 1 0 0 0 3000 3 15 15 8
3 28 0 1 0 0 0 3000 3 3 3 15
3 29 0 1 0 0 0 3000 2 4 4 3
3 30 0 1 0 0 0 3000 3 15 15 4
