1 1 0 1 0 0 0 3000 3 15 15 0
1 2 0 1 0 0 0 3000 1 11 11 15
1 3 1 1 1 0 0 2549 1 15 15 11
1 4 0 1 0 0 0 3000 3 15 15 15
1 5 0 1 0 0 0 3000 2 10 10 15
1 6 0 1 0 0 0 3000 3 13 13 10
1 7 0 0 0 0 1 1175 2 6 6 13
1 8 1 1 1 0 0 948 1 13 13 6
1 9 0 1 0 0 0 3000 2 2 2 13
1 10 1 0 0 1 0 3000 1 13 13 2
1 11 0 1 0 0 0 3000 3 8 8 13
1 12 1 1 1 0 0 654 1 13 13 8
1 13 0 1 0 0 0 3000 2 5 5 13
1 14 0 0 0 0 1 850 2 5 5 5
1 15 0 1 0 0 0 3000 3 3 3 5
1 16 1 0 0 1 0 3000 1 5 5 3
1 17 0 1 0 0 0 3000 3 4 4 5
1 18 0 1 0 0 0 3000 2 14 14 4
1 19 1 1 1 0 0 568 1 4 4 14
1 20 1 0 0 1 0 3000 1 14 14 4
2 1 0 1 0 0 0 3000 3 12 12 14
2 2 0 1 0 0 0 3000 1 2 2 12
2 3 1 0 0 1 0 3000 1 12 12 2
2 4 1 1 1 0 0 316 1 2 2 12
2 5 1 0 0 1 0 3000 1 12 12 2
2 6 0 1 0 0 0 3000 2 5 5 12
2 7 1 1 1 0 0 422 1 12 12 5
2 8 0 1 0 0 0 3000 3 10 10 12
2 9 0 1 0 0 0 3000 2 9 9 10
2 10 0 1 0 0 0 3000 3 14 14 9
2 11 0 1 0 0 0 3000 3 7 7 14
2 12 1 1 1 0 0 703 1 14 14 7
2 13 0 1 0 0 0 3000 2 4 4 14
2 14 0 1 0 0 0 3000 3 5 5 4
2 15 1 1 1 0 0 477 1 4 4 5
2 16 0 1 0 0 0 3000 3 4 4 4
2 17 0 1 0 0 0 3000 2 1 1 4
2 18 1 1 1 0 0 400 1 4 4 1
2 19 1 0 0 1 0 3000 1 1 1 4
2 20 1 0 0 1 0 3000 1 4 4 1
2 21 0 1 0 0 0 3000 2 4 4 4
2 22 1 0 0 1 0 3000 1 4 4 4
2 23 0 1 0 0 0 3000 3 10 10 4
2 24 0 1 0 0 0 3000 2 5 5 10
2 25 0 1 0 0 0 3000 2 12 12 5
2 26 1 1 1 0 0 537 1 5 5 12
2 27 0 1 0 0 0 3000 3 14 14 5
2 28 1 0 0 1 0 3000 1 5 5 14
2 29 0 1 0 0 0 3000 2 13 13 5
2 30 0 1 0 0 0 3000 3 15 15 13
3 1 0 1 0 0 0 3000 2 10 10 15
3 2 0 1 0 0 0 3000 1 2 2 10
3 3 0 1 0 0 0 3000 2 7 7 2
3 4 0 1 0 0 0 3000 3 9 9 7
3 5 0 1 0 0 0 3000 3 8 8 9
3 6 0 1 0 0 0 3000 3 4 4 8
3 7 1 1 1 0 0 1459 1 8 8 4
3 8 0 1 0 0 0 3000 3 2 2 8
3 9 1 1 1 0 0 1538 1 8 8 2
3 10 1 0 0 1 0 3000 1 2 2 8
3 11 0 1 0 0 0 3000 2 7 7 2
3 12 1 1 1 0 0 899 1 2 2 7
3 13 1 0 0 1 0 3000 1 7 7 2
3 14 0 0 0 0 1 577 2 5 5 7
3 15 1 0 0 1 0 3000 1 7 7 5
3 16 1 1 1 0 0 1057 1 5 5 7
3 17 1 0 0 1 0 3000 1 7 7 5
3 18 0 1 0 0 0 3000 2 12 12 7
3 19 1 1 1 0 0 415 1 7 7 12
3 20 0 1 0 0 0 3000 2 13 13 7
3 21 1 1 1 0 0 676 1 7 7 13
3 22 1 0 0 1 0 3000 1 13 13 7
3 23 0 0 0 0 1 644 3 2 2 13
3 24 1 0 0 1 0 3000 1 13 13 2
3 25 0 1 0 0 0 3000 2 3 3 13
3 26 0 1 0 0 0 3000 2 5 5 3
3 27 0 1 0 0 0 3000 3 15 15 5
3 28 1 1 1 0 0 569 1 5 5 15
3 29 0 1 0 0 0 3000 3 3 3 5
3 30 0 1 0 0 0 3000 3 1 1 3
