1 1 0 1 0 0 0 3000 3 5 5 0
1 2 0 1 0 0 0 3000 1 5 5 5
1 3 0 1 0 0 0 3000 2 2 2 5
1 4 0 1 0 0 0 3000 3 10 10 2
1 5 0 1 0 0 0 3000 3 6 6 10
1 6 1 1 1 0 0 463 1 10 10 6
1 7 0 1 0 0 0 3000 3 11 11 10
1 8 0 1 0 0 0 3000 2 3 3 11
1 9 1 1 1 0 0 468 1 11 11 3
1 10 1 1 1 0 0 712 1 3 3 11
1 11 0 1 0 0 0 3000 2 10 10 3
1 12 0 1 0 0 0 3000 3 10 10 10
1 13 0 1 0 0 0 3000 3 3 3 10
1 14 0 1 0 0 0 3000 2 7 7 3
1 15 0 1 0 0 0 3000 2 4 4 7
1 16 0 1 0 0 0 3000 3 13 13 4
1 17 0 1 0 0 0 3000 2 5 5 13
1 18 0 1 0 0 0 3000 3 15 15 5
1 19 1 1 1 0 0 739 1 5 5 15
1 20 0 1 0 0 0 3000 3 10 10 5
2 1 0 1 0 0 0 3000 3 6 6 10
2 2 0 1 0 0 0 3000 2 11 11 6
2 3 0 1 0 0 0 3000 2 3 3 11
2 4 0 1 0 0 0 3000 2 9 9 3
2 5 1 1 1 0 0 503 1 3 3 9
2 6 0 1 0 0 0 3000 3 6 6 3
2 7 1 1 1 0 0 412 1 3 3 6
2 8 0 1 0 0 0 3000 3 11 11 3
2 9 0 1 0 0 0 3000 2 1 1 11
2 10 0 1 0 0 0 3000 2 5 5 1
2 11 0 1 0 0 0 3000 2 7 7 5
2 12 1 1 1 0 0 411 1 5 5 7
2 13 0 1 0 0 0 3000 3 12 12 5
2 14 0 1 0 0 0 3000 3 3 3 12
2 15 1 1 1 0 0 462 1 12 12 3
2 16 1 1 1 0 0 450 1 3 3 12
2 17 0 1 0 0 0 3000 3 14 14 3
2 18 0 1 0 0 0 3000 2 12 12 14
2 19 1 1 1 0 0 509 1 14 14 12
2 20 0 1 0 0 0 3000 2 5 5 14
2 21 0 1 0 0 0 3000 3 10 10 5
2 22 1 1 1 0 0 470 1 5 5 10
2 23 1 1 1 0 0 451 1 10 10 5
2 24 0 1 0 0 0 3000 3 15 15 10
2 25 1 1 1 0 0 432 1 10 10 15
2 26 0 1 0 0 0 3000 2 14 14 10
2 27 0 1 0 0 0 3000 2 3 3 14
2 28 0 0 0 0 1 413 3 3 3 3
2 29 0 1 0 0 0 3000 3 2 2 3
2 30 0 1 0 0 0 3000 3 7 7 2
3 1 0 1 0 0 0 3000 3 9 9 7
3 2 0 1 0 0 0 3000 1 1 1 9
3 3 1 1 1 0 0 397 1 9 9 1
3 4 0 1 0 0 0 3000 3 15 15 9
3 5 1 1 1 0 0 408 1 9 9 15
3 6 1 1 1 0 0 483 1 15 15 9
3 7 1 1 1 0 0 600 1 9 9 15
3 8 1 1 1 0 0 455 1 15 15 9
3 9 1 1 1 0 0 653 1 9 9 15
3 10 1 1 1 0 0 480 1 15 15 9
3 11 0 1 0 0 0 3000 3 2 2 15
3 12 1 1 1 0 0 504 1 15 15 2
3 13 1 1 1 0 0 420 1 2 2 15
3 14 0 1 0 0 0 3000 3 7 7 2
3 15 0 1 0 0 0 3000 2 14 14 7
3 16 1 1 1 0 0 539 1 7 7 14
3 17 0 1 0 0 0 3000 3 3 3 7
3 18 0 1 0 0 0 3000 3 1 1 3
3 19 0 1 0 0 0 3000 3 13 13 1
3 20 0 1 0 0 0 3000 3 12 12 13
3 21 0 1 0 0 0 3000 2 11 11 12
3 22 0 1 0 0 0 3000 3 15 15 11
3 23 1 1 1 0 0 453 1 11 11 15
3 24 0 1 0 0 0 3000 2 2 2 11
3 25 0 1 0 0 0 3000 2 7 7 2
3 26 0 1 0 0 0 3000 3 10 10 7
3 27 0 1 0 0 0 3000 3 13 13 10
3 28 0 1 0 0 0 3000 3 9 9 13
3 29 0 1 0 0 0 3000 2 10 10 9
3 30 1 1 1 0 0 473 1 9 9 10
