1 1 0 1 0 0 0 3000 2 7 7 0
1 2 0 1 0 0 0 3000 3 3 3 7
1 3 1 0 0 1 0 3000 1 7 7 3
1 4 0 1 0 0 0 3000 3 8 8 7
1 5 0 0 0 0 1 954 3 4 4 8
1 6 0 1 0 0 0 3000 2 15 15 4
1 7 0 1 0 0 0 3000 2 14 14 15
1 8 0 1 0 0 0 3000 3 5 5 14
1 9 1 0 0 1 0 3000 1 14 14 5
1 10 0 1 0 0 0 3000 2 15 15 14
1 11 1 0 0 1 0 3000 1 14 14 15
1 12 1 0 0 1 0 3000 1 15 15 14
1 13 1 1 1 0 0 2010 1 14 14 15
1 14 0 0 0 0 1 1856 2 5 5 14
1 15 1 1 1 0 0 709 1 14 14 5
1 16 1 0 0 1 0 3000 1 5 5 14
1 17 1 0 0 1 0 3000 1 14 14 5
1 18 0 1 0 0 0 3000 2 11 11 14
1 19 0 1 0 0 0 3000 2 13 13 11
1 20 1 0 0 1 0 3000 1 11 11 13
2 1 0 1 0 0 0 3000 2 8 8 11
2 2 0 1 0 0 0 3000 2 13 13 8
2 3 0 1 0 0 0 3000 3 13 13 13
2 4 0 1 0 0 0 3000 2 8 8 13
2 5 1 1 1 0 0 515 1 13 13 8
2 6 1 0 0 1 0 3000 1 8 8 13
2 7 1 0 0 1 0 3000 1 13 13 8
2 8 0 1 0 0 0 3000 3 5 5 13
2 9 0 1 0 0 0 3000 3 14 14 5
2 10 1 0 0 1 0 3000 1 5 5 14
2 11 1 1 1 0 0 2457 1 14 14 5
2 12 1 0 0 1 0 3000 1 5 5 14
2 13 1 1 1 0 0 602 1 14 14 5
2 14 1 0 0 1 0 3000 1 5 5 14
2 15 0 0 0 0 1 751 2 4 4 5
2 16 0 1 0 0 0 3000 3 15 15 4
2 17 1 0 0 1 0 3000 1 4 4 15
2 18 0 0 0 0 1 1069 3 13 13 4
2 19 0 1 0 0 0 3000 2 1 1 13
2 20 0 1 0 0 0 3000 3 4 4 1
2 21 1 1 1 0 0 1113 1 1 1 4
2 22 0 0 0 0 1 1195 3 1 1 1
2 23 0 1 0 0 0 3000 3 5 5 1
2 24 0 1 0 0 0 3000 3 11 11 5
2 25 0 0 0 0 1 521 2 9 9 11
2 26 0 1 0 0 0 3000 3 14 14 9
2 27 0 1 0 0 0 3000 3 8 8 14
2 28 0 1 0 0 0 3000 3 12 12 8
2 29 0 1 0 0 0 3000 2 7 7 12
2 30 0 0 0 0 1 684 2 14 14 7
3 1 0 0 0 0 1 2061 2 13 13 14
3 2 0 1 0 0 0 3000 2 9 9 13
3 3 1 1 1 0 0 952 1 13 13 9
3 4 0 1 0 0 0 3000 3 5 5 13
3 5 1 1 1 0 0 902 1 13 13 5
3 6 0 0 0 0 1 842 2 1 1 13
3 7 0 1 0 0 0 3000 2 10 10 1
3 8 1 0 0 1 0 3000 1 1 1 10
3 9 0 0 0 0 1 606 3 9 9 1
3 10 1 1 1 0 0 1498 1 1 1 9
3 11 0 1 0 0 0 3000 3 11 11 1
3 12 0 1 0 0 0 3000 2 10 10 11
3 13 0 0 0 0 1 904 3 10 10 10
3 14 1 0 0 1 0 3000 1 10 10 10
3 15 1 0 0 1 0 3000 1 10 10 10
3 16 0 0 0 0 1 932 3 4 4 10
3 17 1 0 0 1 0 3000 1 10 10 4
3 18 1 0 0 1 0 3000 1 4 4 10
3 19 1 0 0 1 0 3000 1 10 10 4
3 20 0 1 0 0 0 3000 3 10 10 10
3 21 0 0 0 0 1 1582 3 13 13 10
3 22 1 0 0 1 0 3000 1 10 10 13
3 23 0 1 0 0 0 3000 3 4 4 10
3 24 1 1 1 0 0 1138 1 10 10 4
3 25 0 1 0 0 0 3000 3 8 8 10
3 26 0 0 0 0 1 946 3 13 13 8
3 27 0 1 0 0 0 3000 3 3 3 13
3 28 0 0 0 0 1 2501 3 3 3 3
3 29 0 1 0 0 0 3000 3 12 12 3
3 30 0 1 0 0 0 3000 2 4 4 12
