1 1 0 1 0 0 0 3000 1 6 6 0
1 2 0 1 0 0 0 3000 1 9 9 6
1 3 1 0 0 1 0 3000 1 6 6 9
1 4 0 1 0 0 0 3000 3 12 12 6
1 5 1 1 1 0 0 474 1 6 6 12
1 6 0 1 0 0 0 3000 3 2 2 6
1 7 0 1 0 0 0 3000 2 2 2 2
1 8 0 1 0 0 0 3000 2 13 13 2
1 9 1 1 1 0 0 623 1 2 2 13
1 10 0 1 0 0 0 3000 3 1 1 2
1 11 0 1 0 0 0 3000 2 8 8 1
1 12 0 1 0 0 0 3000 2 6 6 8
1 13 1 1 1 0 0 471 1 8 8 6
1 14 0 1 0 0 0 3000 2 12 12 8
1 15 0 1 0 0 0 3000 2 10 10 12
1 16 0 1 0 0 0 3000 2 11 11 10
1 17 0 1 0 0 0 3000 3 13 13 11
1 18 0 1 0 0 0 3000 2 14 14 13
1 19 0 0 0 0 1 574 2 11 11 14
1 20 1 0 0 1 0 3000 1 14 14 11
2 1 0 1 0 0 0 3000 1 2 2 14
2 2 0 1 0 0 0 3000 2 6 6 2
2 3 0 1 0 0 0 3000 3 4 4 6
2 4 1 0 0 1 0 3000 1 6 6 4
2 5 0 1 0 0 0 3000 2 8 8 6
2 6 1 1 1 0 0 689 1 6 6 8
2 7 0 1 0 0 0 3000 2 1 1 6
2 8 0 1 0 0 0 3000 3 4 4 1
2 9 1 1 1 0 0 686 1 1 1 4
2 10 0 1 0 0 0 3000 2 1 1 1
2 11 0 1 0 0 0 3000 2 6 6 1
2 12 1 1 1 0 0 852 1 1 1 6
2 13 1 0 0 1 0 3000 1 6 6 1
2 14 0 1 0 0 0 3000 2 4 4 6
2 15 1 1 1 0 0 406 1 6 6 4
2 16 1 1 1 0 0 804 1 4 4 6
2 17 0 1 0 0 0 3000 2 3 3 4
2 18 0 1 0 0 0 3000 3 1 1 3
2 19 1 1 1 0 0 398 1 3 3 1
2 20 0 1 0 0 0 3000 3 6 6 3
2 21 1 1 1 0 0 383 1 3 3 6
2 22 0 1 0 0 0 3000 2 2 2 3
2 23 1 1 1 0 0 581 1 3 3 2
2 24 0 1 0 0 0 3000 3 4 4 3
2 25 0 1 0 0 0 3000 3 11 11 4
2 26 1 1 1 0 0 399 1 4 4 11
2 27 0 1 0 0 0 3000 2 9 9 4
2 28 0 0 0 0 1 669 3 2 2 9
2 29 0 1 0 0 0 3000 2 5 5 2
2 30 1 1 1 0 0 548 1 2 2 5
3 1 0 1 0 0 0 3000 2 3 3 2
3 2 0 1 0 0 0 3000 3 10 10 3
3 3 0 1 0 0 0 3000 3 13 13 10
3 4 0 1 0 0 0 3000 2 11 11 13
3 5 0 1 0 0 0 3000 2 4 4 11
3 6 1 1 1 0 0 586 1 11 11 4
3 7 0 1 0 0 0 3000 3 5 5 11
3 8 0 1 0 0 0 3000 3 2 2 5
3 9 0 0 0 0 1 607 2 13 13 2
3 10 1 1 1 0 0 703 1 2 2 13
3 11 0 1 0 0 0 3000 3 15 15 2
3 12 1 1 1 0 0 878 1 2 2 15
3 13 0 1 0 0 0 3000 3 11 11 2
3 14 1 1 1 0 0 426 1 2 2 11
3 15 1 1 1 0 0 385 1 11 11 2
3 16 0 1 0 0 0 3000 2 3 3 11
3 17 0 0 0 0 1 576 3 10 10 3
3 18 1 1 1 0 0 365 1 3 3 10
3 19 0 1 0 0 0 3000 3 8 8 3
3 20 0 1 0 0 0 3000 3 15 15 8
3 21 0 1 0 0 0 3000 2 14 14 15
3 22 1 1 1 0 0 526 1 15 15 14
3 23 0 1 0 0 0 3000 2 12 12 15
3 24 0 1 0 0 0 3000 2 2 2 12
3 25 0 1 0 0 0 3000 3 11 11 2
3 26 0 1 0 0 0 3000 2 5 5 11
3 27 1 1 1 0 0 389 1 11 11 5
3 28 0 1 0 0 0 3000 2 10 10 11
3 29 1 1 1 0 0 528 1 11 11 10
3 30 0 1 0 0 0 3000 3 8 8 11
