1 1 0 1 0 0 0 3000 1 2 2 0
1 2 0 1 0 0 0 3000 3 10 10 2
1 3 0 1 0 0 0 3000 2 12 12 10
1 4 0 1 0 0 0 3000 2 11 11 12
1 5 0 1 0 0 0 3000 3 1 1 11
1 6 1 0 0 1 0 3000 1 11 11 1
1 7 0 1 0 0 0 3000 3 4 4 11
1 8 1 0 0 1 0 3000 1 11 11 4
1 9 1 0 0 1 0 3000 1 4 4 11
1 10 0 1 0 0 0 3000 2 15 15 4
1 11 0 1 0 0 0 3000 3 5 5 15
1 12 0 1 0 0 0 3000 3 13 13 5
1 13 0 1 0 0 0 3000 2 1 1 13
1 14 0 1 0 0 0 3000 2 3 3 1
1 15 0 1 0 0 0 3000 3 8 8 3
1 16 0 1 0 0 0 3000 3 13 13 8
1 17 1 0 0 1 0 3000 1 8 8 13
1 18 0 1 0 0 0 3000 2 14 14 8
1 19 0 1 0 0 0 3000 3 2 2 14
1 20 0 1 0 0 0 3000 2 13 13 2
2 1 0 0 0 0 1 2366 3 11 11 13
2 2 0 0 0 0 1 219 2 14 14 11
2 3 1 1 1 0 0 38 1 11 11 14
2 4 0 0 0 0 1 102 2 7 7 11
2 5 0 1 0 0 0 3000 3 5 5 7
2 6 0 1 0 0 0 3000 3 6 6 5
2 7 1 0 0 1 0 3000 1 5 5 6
2 8 0 1 0 0 0 3000 2 3 3 5
2 9 1 0 0 1 0 3000 1 5 5 3
2 10 0 1 0 0 0 3000 3 14 14 5
2 11 0 1 0 0 0 3000 3 12 12 14
2 12 0 1 0 0 0 3000 2 11 11 12
2 13 1 0 0 1 0 3000 1 12 12 11
2 14 0 1 0 0 0 3000 2 14 14 12
2 15 0 1 0 0 0 3000 3 15 15 14
2 16 0 1 0 0 0 3000 3 12 12 15
2 17 1 0 0 1 0 3000 1 15 15 12
2 18 0 1 0 0 0 3000 3 15 15 15
2 19 0 1 0 0 0 3000 3 2 2 15
2 20 0 1 0 0 0 3000 3 5 5 2
2 21 1 0 0 1 0 3000 1 2 2 5
2 22 0 1 0 0 0 3000 2 6 6 2
2 23 0 1 0 0 0 3000 3 10 10 6
2 24 0 1 0 0 0 3000 2 11 11 10
2 25 0 1 0 0 0 3000 2 5 5 11
2 26 1 0 0 1 0 3000 1 11 11 5
2 27 1 0 0 1 0 3000 1 5 5 11
2 28 0 1 0 0 0 3000 2 12 12 5
2 29 0 1 0 0 0 3000 2 10 10 12
2 30 1 0 0 1 0 3000 1 12 12 10
3 1 0 1 0 0 0 3000 3 12 12 12
3 2 0 1 0 0 0 3000 1 2 2 12
3 3 0 1 0 0 0 3000 2 4 4 2
3 4 0 1 0 0 0 3000 2 14 14 4
3 5 1 0 0 1 0 3000 1 4 4 14
3 6 0 1 0 0 0 3000 2 4 4 4
3 7 0 1 0 0 0 3000 3 13 13 4
3 8 0 1 0 0 0 3000 2 11 11 13
3 9 0 1 0 0 0 3000 2 7 7 11
3 10 0 1 0 0 0 3000 2 6 6 7
3 11 1 0 0 1 0 3000 1 7 7 6
3 12 0 1 0 0 0 3000 2 11 11 7
3 13 0 1 0 0 0 3000 3 3 3 11
3 14 1 0 0 1 0 3000 1 11 11 3
3 15 0 1 0 0 0 3000 3 13 13 11
3 16 0 1 0 0 0 3000 3 2 2 13
3 17 0 1 0 0 0 3000 2 5 5 2
3 18 0 1 0 0 0 3000 3 1 1 5
3 19 0 1 0 0 0 3000 3 2 2 1
3 20 0 1 0 0 0 3000 2 7 7 2
3 21 0 1 0 0 0 3000 2 9 9 7
3 22 1 0 0 1 0 3000 1 7 7 9
3 23 1 0 0 1 0 3000 1 9 9 7
3 24 1 0 0 1 0 3000 1 7 7 9
3 25 0 1 0 0 0 3000 3 14 14 7
3 26 0 1 0 0 0 3000 2 14 14 14
3 27 0 1 0 0 0 3000 2 6 6 14
3 28 0 1 0 0 0 3000 3 7 7 6
3 29 0 1 0 0 0 3000 3 2 2 7
3 30 0 1 0 0 0 3000 3 3 3 2
