1 1 0 1 0 0 0 3000 1 1 1 0
1 2 0 1 0 0 0 3000 2 13 13 1
1 3 1 0 0 1 0 3000 1 1 1 13
1 4 0 1 0 0 0 3000 2 11 11 1
1 5 0 1 0 0 0 3000 2 13 13 11
1 6 1 0 0 1 0 3000 1 11 11 13
1 7 1 0 0 1 0 3000 1 13 13 11
1 8 1 0 0 1 0 3000 1 11 11 13
1 9 1 0 0 1 0 3000 1 13 13 11
1 10 0 1 0 0 0 3000 3 6 6 13
1 11 0 1 0 0 0 3000 2 1 1 6
1 12 0 1 0 0 0 3000 3 15 15 1
1 13 0 1 0 0 0 3000 3 15 15 15
1 14 0 1 0 0 0 3000 2 14 14 15
1 15 1 0 0 1 0 3000 1 15 15 14
1 16 0 1 0 0 0 3000 2 5 5 15
1 17 1 0 0 1 0 3000 1 15 15 5
1 18 0 1 0 0 0 3000 3 6 6 15
1 19 0 1 0 0 0 3000 2 7 7 6
1 20 1 0 0 1 0 3000 1 6 6 7
2 1 0 1 0 0 0 3000 2 15 15 6
2 2 0 1 0 0 0 3000 2 2 2 15
2 3 1 0 0 1 0 3000 1 15 15 2
2 4 0 1 0 0 0 3000 2 15 15 15
2 5 1 0 0 1 0 3000 1 15 15 15
2 6 0 1 0 0 0 3000 2 12 12 15
2 7 1 0 0 1 0 3000 1 15 15 12
2 8 0 1 0 0 0 3000 3 5 5 15
2 9 0 1 0 0 0 3000 3 2 2 5
2 10 1 0 0 1 0 3000 1 5 5 2
2 11 0 1 0 0 0 3000 3 9 9 5
2 12 0 1 0 0 0 3000 3 7 7 9
2 13 1 0 0 1 0 3000 1 9 9 7
2 14 0 1 0 0 0 3000 2 6 6 9
2 15 0 1 0 0 0 3000 2 8 8 6
2 16 0 1 0 0 0 3000 2 11 11 8
2 17 1 0 0 1 0 3000 1 8 8 11
2 18 1 0 0 1 0 3000 1 11 11 8
2 19 0 1 0 0 0 3000 3 5 5 11
2 20 0 1 0 0 0 3000 3 15 15 5
2 21 1 0 0 1 0 3000 1 5 5 15
2 22 0 1 0 0 0 3000 2 5 5 5
2 23 1 0 0 1 0 3000 1 5 5 5
2 24 1 0 0 1 0 3000 1 5 5 5
2 25 0 1 0 0 0 3000 3 13 13 5
2 26 0 1 0 0 0 3000 2 7 7 13
2 27 0 1 0 0 0 3000 2 11 11 7
2 28 1 0 0 1 0 3000 1 7 7 11
2 29 0 1 0 0 0 3000 2 13 13 7
2 30 1 0 0 1 0 3000 1 7 7 13
3 1 0 1 0 0 0 3000 3 11 11 7
3 2 0 1 0 0 0 3000 1 13 13 11
3 3 0 1 0 0 0 3000 3 3 3 13
3 4 0 1 0 0 0 3000 2 8 8 3
3 5 0 1 0 0 0 3000 3 12 12 8
3 6 0 1 0 0 0 3000 2 5 5 12
3 7 0 0 0 0 1 751 3 10 10 5
3 8 0 1 0 0 0 3000 2 7 7 10
3 9 1 1 1 0 0 669 1 10 10 7
3 10 0 1 0 0 0 3000 2 15 15 10
3 11 1 1 1 0 0 549 1 10 10 15
3 12 1 0 0 1 0 3000 1 15 15 10
3 13 0 1 0 0 0 3000 3 13 13 15
3 14 0 1 0 0 0 3000 3 13 13 13
3 15 1 0 0 1 0 3000 1 13 13 13
3 16 0 1 0 0 0 3000 2 7 7 13
3 17 1 0 0 1 0 3000 1 13 13 7
3 18 1 0 0 1 0 3000 1 7 7 13
3 19 0 1 0 0 0 3000 2 4 4 7
3 20 0 1 0 0 0 3000 3 6 6 4
3 21 0 0 0 0 1 515 3 10 10 6
3 22 1 0 0 1 0 3000 1 6 6 10
3 23 1 1 1 0 0 468 1 10 10 6
3 24 0 1 0 0 0 3000 3 1 1 10
3 25 0 1 0 0 0 3000 2 5 5 1
3 26 1 0 0 1 0 3000 1 1 1 5
3 27 1 0 0 1 0 3000 1 5 5 1
3 28 0 1 0 0 0 3000 2 6 6 5
3 29 1 0 0 1 0 3000 1 5 5 6
3 30 1 0 0 1 0 3000 1 6 6 5
