1 1 0 1 0 0 0 3000 2 14 14 0
1 2 0 1 0 0 0 3000 2 2 2 14
1 3 0 1 0 0 0 3000 2 12 12 2
1 4 0 1 0 0 0 3000 3 15 15 12
1 5 0 1 0 0 0 3000 2 8 8 15
1 6 0 1 0 0 0 3000 2 8 8 8
1 7 0 0 0 0 1 1178 2 15 15 8
1 8 1 1 1 0 0 1020 1 8 8 15
1 9 0 1 0 0 0 3000 3 13 13 8
1 10 1 0 0 1 0 3000 1 8 8 13
1 11 0 1 0 0 0 3000 3 2 2 8
1 12 1 0 0 1 0 3000 1 8 8 2
1 13 0 1 0 0 0 3000 2 3 3 8
1 14 0 1 0 0 0 3000 2 3 3 3
1 15 0 1 0 0 0 3000 2 4 4 3
1 16 1 1 1 0 0 853 1 3 3 4
1 17 0 1 0 0 0 3000 3 6 6 3
1 18 0 0 0 0 1 612 3 4 4 6
1 19 0 1 0 0 0 3000 2 8 8 4
1 20 0 1 0 0 0 3000 3 12 12 8
2 1 0 1 0 0 0 3000 1 5 5 12
2 2 0 1 0 0 0 3000 3 11 11 5
2 3 0 1 0 0 0 3000 2 11 11 11
2 4 0 1 0 0 0 3000 3 10 10 11
2 5 0 1 0 0 0 3000 3 14 14 10
2 6 0 1 0 0 0 3000 2 12 12 14
2 7 1 0 0 1 0 3000 1 14 14 12
2 8 0 1 0 0 0 3000 3 6 6 14
2 9 0 1 0 0 0 3000 3 8 8 6
2 10 0 1 0 0 0 3000 2 15 15 8
2 11 0 1 0 0 0 3000 2 1 1 15
2 12 0 1 0 0 0 3000 3 9 9 1
2 13 0 1 0 0 0 3000 3 2 2 9
2 14 1 0 0 1 0 3000 1 9 9 2
2 15 1 1 1 0 0 1272 1 2 2 9
2 16 1 1 1 0 0 1712 1 9 9 2
2 17 1 1 1 0 0 1690 1 2 2 9
2 18 1 1 1 0 0 1336 1 9 9 2
2 19 0 1 0 0 0 3000 3 14 14 9
2 20 0 1 0 0 0 3000 2 12 12 14
2 21 1 0 0 1 0 3000 1 14 14 12
2 22 0 1 0 0 0 3000 2 10 10 14
2 23 1 1 1 0 0 932 1 14 14 10
2 24 0 1 0 0 0 3000 2 9 9 14
2 25 0 1 0 0 0 3000 3 8 8 9
2 26 0 1 0 0 0 3000 3 3 3 8
2 27 0 1 0 0 0 3000 2 15 15 3
2 28 1 0 0 1 0 3000 1 3 3 15
2 29 1 0 0 1 0 3000 1 15 15 3
2 30 1 1 1 0 0 793 1 3 3 15
3 1 0 1 0 0 0 3000 3 13 13 3
3 2 0 1 0 0 0 3000 3 10 10 13
3 3 1 1 1 0 0 739 1 13 13 10
3 4 1 1 1 0 0 957 1 10 10 13
3 5 0 1 0 0 0 3000 2 12 12 10
3 6 0 1 0 0 0 3000 2 7 7 12
3 7 0 1 0 0 0 3000 2 2 2 7
3 8 1 1 1 0 0 733 1 7 7 2
3 9 0 1 0 0 0 3000 2 1 1 7
3 10 0 1 0 0 0 3000 3 9 9 1
3 11 0 1 0 0 0 3000 3 10 10 9
3 12 0 1 0 0 0 3000 2 5 5 10
3 13 1 1 1 0 0 727 1 10 10 5
3 14 1 1 1 0 0 1030 1 5 5 10
3 15 0 0 0 0 1 1142 3 2 2 5
3 16 0 1 0 0 0 3000 3 4 4 2
3 17 0 1 0 0 0 3000 2 3 3 4
3 18 1 1 1 0 0 631 1 4 4 3
3 19 0 1 0 0 0 3000 3 1 1 4
3 20 0 1 0 0 0 3000 3 3 3 1
3 21 0 1 0 0 0 3000 3 4 4 3
3 22 0 1 0 0 0 3000 2 12 12 4
3 23 0 1 0 0 0 3000 3 1 1 12
3 24 1 1 1 0 0 794 1 12 12 1
3 25 0 1 0 0 0 3000 3 9 9 12
3 26 1 1 1 0 0 1001 1 12 12 9
3 27 0 1 0 0 0 3000 3 5 5 12
3 28 0 1 0 0 0 3000 2 11 11 5
3 29 0 1 0 0 0 3000 3 2 2 11
3 30 0 1 0 0 0 3000 3 6 6 2
