1 1 0 1 0 0 0 3000 1 9 9 0
1 2 0 1 0 0 0 3000 2 1 1 9
1 3 0 1 0 0 0 3000 3 4 4 1
1 4 0 0 0 0 1 1164 3 7 7 4
1 5 1 0 0 1 0 3000 1 4 4 7
1 6 0 1 0 0 0 3000 2 14 14 4
1 7 0 0 0 0 1 1306 2 1 1 14
1 8 0 0 0 0 1 687 2 10 10 1
1 9 0 0 0 0 1 633 3 7 7 10
1 10 0 0 0 0 1 1109 3 12 12 7
1 11 0 0 0 0 1 506 2 13 13 12
1 12 1 1 1 0 0 168 1 12 12 13
1 13 0 0 0 0 1 295 2 10 10 12
1 14 0 0 0 0 1 493 3 6 6 10
1 15 1 1 1 0 0 46 1 10 10 6
1 16 0 0 0 0 1 47 3 10 10 10
1 17 0 1 0 0 0 3000 3 7 7 10
1 18 1 1 1 0 0 876 1 10 10 7
1 19 0 0 0 0 1 818 2 9 9 10
1 20 0 1 0 0 0 3000 3 7 7 9
2 1 0 1 0 0 0 3000 3 13 13 7
2 2 0 1 0 0 0 3000 2 5 5 13
2 3 0 1 0 0 0 3000 2 4 4 5
2 4 0 1 0 0 0 3000 3 7 7 4
2 5 0 1 0 0 0 3000 2 14 14 7
2 6 0 1 0 0 0 3000 2 4 4 14
2 7 0 1 0 0 0 3000 3 1 1 4
2 8 0 1 0 0 0 3000 2 7 7 1
2 9 0 1 0 0 0 3000 3 8 8 7
2 10 0 1 0 0 0 3000 2 12 12 8
2 11 1 0 0 1 0 3000 1 8 8 12
2 12 1 0 0 1 0 3000 1 12 12 8
2 13 0 1 0 0 0 3000 2 13 13 12
2 14 0 1 0 0 0 3000 3 7 7 13
2 15 1 1 1 0 0 697 1 13 13 7
2 16 1 0 0 1 0 3000 1 7 7 13
2 17 0 0 0 0 1 537 3 12 12 7
2 18 0 0 0 0 1 2982 3 2 2 12
2 19 1 0 0 1 0 3000 1 12 12 2
2 20 0 0 0 0 1 601 2 13 13 12
2 21 0 1 0 0 0 3000 3 9 9 13
2 22 0 0 0 0 1 881 3 2 2 9
2 23 1 0 0 1 0 3000 1 9 9 2
2 24 0 1 0 0 0 3000 3 13 13 9
2 25 0 1 0 0 0 3000 2 13 13 13
2 26 1 0 0 1 0 3000 1 13 13 13
2 27 1 1 1 0 0 617 1 13 13 13
2 28 0 0 0 0 1 956 3 6 6 13
2 29 0 1 0 0 0 3000 3 4 4 6
2 30 0 0 0 0 1 72 3 1 1 4
3 1 0 0 0 0 1 1805 1 8 8 1
3 2 0 0 0 0 1 994 1 6 6 8
3 3 0 0 0 0 1 1690 2 15 15 6
3 4 0 1 0 0 0 3000 2 15 15 15
3 5 0 1 0 0 0 3000 3 3 3 15
3 6 1 0 0 1 0 3000 1 15 15 3
3 7 1 1 1 0 0 769 1 3 3 15
3 8 0 1 0 0 0 3000 2 12 12 3
3 9 0 0 0 0 1 562 3 7 7 12
3 10 1 0 0 1 0 3000 1 12 12 7
3 11 0 1 0 0 0 3000 2 4 4 12
3 12 1 0 0 1 0 3000 1 12 12 4
3 13 0 1 0 0 0 3000 3 9 9 12
3 14 0 1 0 0 0 3000 2 11 11 9
3 15 1 0 0 1 0 3000 1 9 9 11
3 16 0 1 0 0 0 3000 3 10 10 9
3 17 0 1 0 0 0 3000 2 4 4 10
3 18 0 1 0 0 0 3000 2 4 4 4
3 19 1 0 0 1 0 3000 1 4 4 4
3 20 0 1 0 0 0 3000 2 7 7 4
3 21 0 1 0 0 0 3000 2 7 7 7
3 22 0 1 0 0 0 3000 2 12 12 7
3 23 0 0 0 0 1 656 3 1 1 12
3 24 1 1 1 0 0 206 1 12 12 1
3 25 1 1 1 0 0 81 1 1 1 12
3 26 0 0 0 0 1 34 3 9 9 1
3 27 0 0 0 0 1 6 3 15 15 9
3 28 1 1 1 0 0 152 1 9 9 15
3 29 0 0 0 0 1 19 3 10 10 9
3 30 1 1 1 0 0 22 1 9 9 10
