1 1 0 1 0 0 0 3000 1 15 15 0
1 2 0 1 0 0 0 3000 1 12 12 15
1 3 1 0 0 1 0 3000 1 15 15 12
1 4 1 0 0 1 0 3000 1 12 12 15
1 5 0 1 0 0 0 3000 2 7 7 12
1 6 0 1 0 0 0 3000 2 4 4 7
1 7 0 1 0 0 0 3000 3 5 5 4
1 8 0 1 0 0 0 3000 2 7 7 5
1 9 0 1 0 0 0 3000 2 6 6 7
1 10 1 0 0 1 0 3000 1 7 7 6
1 11 0 1 0 0 0 3000 3 2 2 7
1 12 0 1 0 0 0 3000 2 13 13 2
1 13 0 1 0 0 0 3000 3 4 4 13
1 14 1 0 0 1 0 3000 1 13 13 4
1 15 0 1 0 0 0 3000 3 15 15 13
1 16 1 0 0 1 0 3000 1 13 13 15
1 17 1 0 0 1 0 3000 1 15 15 13
1 18 0 1 0 0 0 3000 3 10 10 15
1 19 0 1 0 0 0 3000 3 2 2 10
1 20 0 1 0 0 0 3000 3 2 2 2
2 1 0 1 0 0 0 3000 3 14 14 2
2 2 0 1 0 0 0 3000 3 11 11 14
2 3 0 1 0 0 0 3000 3 1 1 11
2 4 0 1 0 0 0 3000 2 15 15 1
2 5 1 0 0 1 0 3000 1 1 1 15
2 6 1 0 0 1 0 3000 1 15 15 1
2 7 0 1 0 0 0 3000 2 5 5 15
2 8 1 0 0 1 0 3000 1 15 15 5
2 9 0 1 0 0 0 3000 3 2 2 15
2 10 0 1 0 0 0 3000 2 3 3 2
2 11 0 1 0 0 0 3000 2 14 14 3
2 12 1 0 0 1 0 3000 1 3 3 14
2 13 0 1 0 0 0 3000 2 6 6 3
2 14 0 1 0 0 0 3000 3 8 8 6
2 15 1 0 0 1 0 3000 1 6 6 8
2 16 0 1 0 0 0 3000 3 14 14 6
2 17 1 0 0 1 0 3000 1 6 6 14
2 18 0 1 0 0 0 3000 2 1 1 6
2 19 1 0 0 1 0 3000 1 6 6 1
2 20 0 1 0 0 0 3000 2 14 14 6
2 21 1 0 0 1 0 3000 1 6 6 14
2 22 0 0 0 0 1 1201 3 10 10 6
2 23 0 1 0 0 0 3000 3 7 7 10
2 24 0 1 0 0 0 3000 3 5 5 7
2 25 0 1 0 0 0 3000 3 5 5 5
2 26 1 0 0 1 0 3000 1 5 5 5
2 27 1 0 0 1 0 3000 1 5 5 5
2 28 1 0 0 1 0 3000 1 5 5 5
2 29 0 0 0 0 1 862 3 10 10 5
2 30 0 1 0 0 0 3000 2 8 8 10
3 1 0 1 0 0 0 3000 1 5 5 8
3 2 0 1 0 0 0 3000 1 3 3 5
3 3 1 0 0 1 0 3000 1 5 5 3
3 4 0 1 0 0 0 3000 2 13 13 5
3 5 1 0 0 1 0 3000 1 5 5 13
3 6 0 1 0 0 0 3000 2 6 6 5
3 7 1 1 1 0 0 2200 1 5 5 6
3 8 0 0 0 0 1 601 2 9 9 5
3 9 0 0 0 0 1 533 3 4 4 9
3 10 0 0 0 0 1 897 3 8 8 4
3 11 1 1 1 0 0 310 1 4 4 8
3 12 0 0 0 0 1 326 2 15 15 4
3 13 0 0 0 0 1 319 2 15 15 15
3 14 1 0 0 1 0 3000 1 15 15 15
3 15 1 0 0 1 0 3000 1 15 15 15
3 16 0 0 0 0 1 388 2 3 3 15
3 17 1 1 1 0 0 449 1 15 15 3
3 18 0 0 0 0 1 593 2 12 12 15
3 19 0 0 0 0 1 302 3 2 2 12
3 20 0 0 0 0 1 406 3 15 15 2
3 21 0 0 0 0 1 392 2 10 10 15
3 22 1 1 1 0 0 522 1 15 15 10
3 23 1 1 1 0 0 628 1 10 10 15
3 24 0 1 0 0 0 3000 2 14 14 10
3 25 0 0 0 0 1 332 2 1 1 14
3 26 0 0 0 0 1 406 2 6 6 1
3 27 1 1 1 0 0 331 1 1 1 6
3 28 0 1 0 0 0 3000 3 11 11 1
3 29 0 0 0 0 1 550 2 8 8 11
3 30 1 1 1 0 0 365 1 11 11 8
