1 1 0 1 0 0 0 3000 2 4 4 0
1 2 0 1 0 0 0 3000 2 15 15 4
1 3 0 1 0 0 0 3000 3 10 10 15
1 4 0 1 0 0 0 3000 2 13 13 10
1 5 0 1 0 0 0 3000 2 6 6 13
1 6 1 0 0 1 0 3000 1 13 13 6
1 7 1 0 0 1 0 3000 1 6 6 13
1 8 0 1 0 0 0 3000 3 6 6 6
1 9 0 1 0 0 0 3000 2 14 14 6
1 10 1 1 1 0 0 641 1 6 6 14
1 11 1 0 0 1 0 3000 1 14 14 6
1 12 1 0 0 1 0 3000 1 6 6 14
1 13 0 1 0 0 0 3000 3 3 3 6
1 14 1 1 1 0 0 1271 1 6 6 3
1 15 1 0 0 1 0 3000 1 3 3 6
1 16 1 1 1 0 0 884 1 6 6 3
1 17 0 1 0 0 0 3000 3 9 9 6
1 18 1 0 0 1 0 3000 1 6 6 9
1 19 0 1 0 0 0 3000 3 14 14 6
1 20 0 1 0 0 0 3000 3 12 12 14
2 1 0 1 0 0 0 3000 2 8 8 12
2 2 0 1 0 0 0 3000 2 8 8 8
2 3 0 1 0 0 0 3000 3 15 15 8
2 4 0 1 0 0 0 3000 3 2 2 15
2 5 0 1 0 0 0 3000 2 5 5 2
2 6 0 1 0 0 0 3000 2 5 5 5
2 7 1 1 1 0 0 506 1 5 5 5
2 8 0 1 0 0 0 3000 3 1 1 5
2 9 0 1 0 0 0 3000 2 6 6 1
2 10 0 1 0 0 0 3000 2 12 12 6
2 11 1 1 1 0 0 1744 1 6 6 12
2 12 0 0 0 0 1 1641 2 1 1 6
2 13 0 1 0 0 0 3000 2 1 1 1
2 14 0 1 0 0 0 3000 3 10 10 1
2 15 0 1 0 0 0 3000 3 7 7 10
2 16 0 1 0 0 0 3000 3 13 13 7
2 17 0 1 0 0 0 3000 3 8 8 13
2 18 1 1 1 0 0 1108 1 13 13 8
2 19 0 1 0 0 0 3000 3 1 1 13
2 20 0 1 0 0 0 3000 3 2 2 1
2 21 1 0 0 1 0 3000 1 1 1 2
2 22 0 1 0 0 0 3000 3 10 10 1
2 23 1 1 1 0 0 531 1 1 1 10
2 24 1 0 0 1 0 3000 1 10 10 1
2 25 1 1 1 0 0 680 1 1 1 10
2 26 1 0 0 1 0 3000 1 10 10 1
2 27 0 1 0 0 0 3000 3 2 2 10
2 28 0 0 0 0 1 510 3 2 2 2
2 29 0 1 0 0 0 3000 2 3 3 2
2 30 0 1 0 0 0 3000 2 5 5 3
3 1 0 1 0 0 0 3000 1 5 5 5
3 2 0 1 0 0 0 3000 1 12 12 5
3 3 1 1 1 0 0 1053 1 5 5 12
3 4 0 1 0 0 0 3000 2 7 7 5
3 5 1 1 1 0 0 455 1 5 5 7
3 6 1 1 1 0 0 1011 1 7 7 5
3 7 1 1 1 0 0 722 1 5 5 7
3 8 1 1 1 0 0 574 1 7 7 5
3 9 1 1 1 0 0 402 1 5 5 7
3 10 0 1 0 0 0 3000 3 3 3 5
3 11 0 1 0 0 0 3000 2 6 6 3
3 12 0 1 0 0 0 3000 2 7 7 6
3 13 0 1 0 0 0 3000 2 9 9 7
3 14 0 0 0 0 1 1070 2 3 3 9
3 15 0 1 0 0 0 3000 3 11 11 3
3 16 1 1 1 0 0 367 1 3 3 11
3 17 0 1 0 0 0 3000 2 10 10 3
3 18 0 1 0 0 0 3000 3 10 10 10
3 19 0 1 0 0 0 3000 2 6 6 10
3 20 0 1 0 0 0 3000 3 12 12 6
3 21 0 1 0 0 0 3000 2 13 13 12
3 22 0 1 0 0 0 3000 3 9 9 13
3 23 1 1 1 0 0 641 1 13 13 9
3 24 0 1 0 0 0 3000 2 2 2 13
3 25 0 1 0 0 0 3000 2 7 7 2
3 26 0 0 0 0 1 383 2 7 7 7
3 27 1 1 1 0 0 601 1 7 7 7
3 28 0 1 0 0 0 3000 3 2 2 7
3 29 0 1 0 0 0 3000 3 11 11 2
3 30 0 1 0 0 0 3000 2 3 3 11
