1 1 0 1 0 0 0 3000 3 2 2 0
1 2 0 1 0 0 0 3000 2 3 3 2
1 3 0 1 0 0 0 3000 2 4 4 3
1 4 1 1 1 0 0 460 1 3 3 4
1 5 0 1 0 0 0 3000 2 10 10 3
1 6 1 0 0 1 0 3000 1 3 3 10
1 7 1 1 1 0 0 493 1 10 10 3
1 8 1 1 1 0 0 439 1 3 3 10
1 9 0 1 0 0 0 3000 2 9 9 3
1 10 1 1 1 0 0 735 1 3 3 9
1 11 1 1 1 0 0 551 1 9 9 3
1 12 0 1 0 0 0 3000 3 14 14 9
1 13 0 1 0 0 0 3000 3 15 15 14
1 14 1 1 1 0 0 407 1 14 14 15
1 15 0 1 0 0 0 3000 2 5 5 14
1 16 0 1 0 0 0 3000 2 1 1 5
1 17 0 1 0 0 0 3000 2 15 15 1
1 18 0 1 0 0 0 3000 2 14 14 15
1 19 0 1 0 0 0 3000 2 11 11 14
1 20 0 1 0 0 0 3000 2 12 12 11
2 1 0 1 0 0 0 3000 2 13 13 12
2 2 0 1 0 0 0 3000 3 11 11 13
2 3 0 1 0 0 0 3000 3 4 4 11
2 4 0 1 0 0 0 3000 2 4 4 4
2 5 1 1 1 0 0 471 1 4 4 4
2 6 1 1 1 0 0 907 1 4 4 4
2 7 1 1 1 0 0 802 1 4 4 4
2 8 0 1 0 0 0 3000 2 13 13 4
2 9 1 1 1 0 0 1511 1 4 4 13
2 10 0 1 0 0 0 3000 2 14 14 4
2 11 0 1 0 0 0 3000 2 2 2 14
2 12 1 1 1 0 0 405 1 14 14 2
2 13 0 1 0 0 0 3000 3 15 15 14
2 14 0 1 0 0 0 3000 3 9 9 15
2 15 0 1 0 0 0 3000 2 3 3 9
2 16 0 1 0 0 0 3000 3 2 2 3
2 17 0 1 0 0 0 3000 3 4 4 2
2 18 1 1 1 0 0 580 1 2 2 4
2 19 1 1 1 0 0 569 1 4 4 2
2 20 1 1 1 0 0 574 1 2 2 4
2 21 0 1 0 0 0 3000 2 9 9 2
2 22 0 1 0 0 0 3000 3 1 1 9
2 23 0 1 0 0 0 3000 3 13 13 1
2 24 1 1 1 0 0 374 1 1 1 13
2 25 1 1 1 0 0 522 1 13 13 1
2 26 1 1 1 0 0 681 1 1 1 13
2 27 0 1 0 0 0 3000 3 5 5 1
2 28 0 1 0 0 0 3000 2 12 12 5
2 29 0 1 0 0 0 3000 3 15 15 12
2 30 0 1 0 0 0 3000 2 7 7 15
3 1 0 1 0 0 0 3000 2 5 5 7
3 2 0 1 0 0 0 3000 1 2 2 5
3 3 1 1 1 0 0 1607 1 5 5 2
3 4 0 1 0 0 0 3000 2 10 10 5
3 5 0 1 0 0 0 3000 3 6 6 10
3 6 0 1 0 0 0 3000 2 15 15 6
3 7 0 1 0 0 0 3000 3 12 12 15
3 8 0 1 0 0 0 3000 2 5 5 12
3 9 0 1 0 0 0 3000 2 15 15 5
3 10 0 1 0 0 0 3000 2 8 8 15
3 11 0 1 0 0 0 3000 3 10 10 8
3 12 0 1 0 0 0 3000 2 12 12 10
3 13 0 1 0 0 0 3000 2 11 11 12
3 14 0 1 0 0 0 3000 3 7 7 11
3 15 0 1 0 0 0 3000 3 8 8 7
3 16 1 1 1 0 0 637 1 7 7 8
3 17 1 1 1 0 0 787 1 8 8 7
3 18 0 1 0 0 0 3000 3 6 6 8
3 19 1 1 1 0 0 543 1 8 8 6
3 20 0 1 0 0 0 3000 3 4 4 8
3 21 0 1 0 0 0 3000 3 2 2 4
3 22 0 1 0 0 0 3000 3 1 1 2
3 23 0 1 0 0 0 3000 3 15 15 1
3 24 0 1 0 0 0 3000 2 8 8 15
3 25 0 1 0 0 0 3000 2 6 6 8
3 26 1 1 1 0 0 982 1 8 8 6
3 27 0 1 0 0 0 3000 2 5 5 8
3 28 0 1 0 0 0 3000 3 13 13 5
3 29 0 1 0 0 0 3000 2 3 3 13
3 30 1 1 1 0 0 1208 1 13 13 3
