1 1 0 1 0 0 0 3000 1 8 8 0
1 2 0 1 0 0 0 3000 3 7 7 8
1 3 1 1 1 0 0 762 1 8 8 7
1 4 0 1 0 0 0 3000 3 9 9 8
1 5 0 1 0 0 0 3000 2 14 14 9
1 6 1 1 1 0 0 678 1 9 9 14
1 7 0 1 0 0 0 3000 3 5 5 9
1 8 0 1 0 0 0 3000 2 13 13 5
1 9 0 1 0 0 0 3000 2 12 12 13
1 10 0 1 0 0 0 3000 2 4 4 12
1 11 1 1 1 0 0 2331 1 12 12 4
1 12 0 1 0 0 0 3000 3 8 8 12
1 13 1 1 1 0 0 910 1 12 12 8
1 14 0 1 0 0 0 3000 3 5 5 12
1 15 0 1 0 0 0 3000 2 6 6 5
1 16 1 1 1 0 0 679 1 5 5 6
1 17 0 1 0 0 0 3000 3 9 9 5
1 18 0 1 0 0 0 3000 3 1 1 9
1 19 0 1 0 0 0 3000 3 13 13 1
1 20 0 1 0 0 0 3000 3 10 10 13
2 1 0 1 0 0 0 3000 3 5 5 10
2 2 0 1 0 0 0 3000 2 8 8 5
2 3 0 1 0 0 0 3000 2 7 7 8
2 4 0 1 0 0 0 3000 3 10 10 7
2 5 0 1 0 0 0 3000 3 14 14 10
2 6 0 1 0 0 0 3000 2 2 2 14
2 7 0 1 0 0 0 3000 3 7 7 2
2 8 0 1 0 0 0 3000 2 4 4 7
2 9 0 1 0 0 0 3000 2 1 1 4
2 10 1 1 1 0 0 414 1 4 4 1
2 11 0 1 0 0 0 3000 3 4 4 4
2 12 0 1 0 0 0 3000 2 3 3 4
2 13 0 1 0 0 0 3000 2 14 14 3
2 14 0 1 0 0 0 3000 3 14 14 14
2 15 0 1 0 0 0 3000 3 13 13 14
2 16 0 1 0 0 0 3000 3 5 5 13
2 17 1 1 1 0 0 668 1 13 13 5
2 18 0 1 0 0 0 3000 3 4 4 13
2 19 0 1 0 0 0 3000 2 4 4 4
2 20 1 1 1 0 0 497 1 4 4 4
2 21 0 1 0 0 0 3000 2 13 13 4
2 22 0 1 0 0 0 3000 3 15 15 13
2 23 1 1 1 0 0 618 1 13 13 15
2 24 0 1 0 0 0 3000 2 10 10 13
2 25 0 1 0 0 0 3000 3 6 6 10
2 26 0 1 0 0 0 3000 3 6 6 6
2 27 1 1 1 0 0 767 1 6 6 6
2 28 1 0 0 1 0 3000 1 6 6 6
2 29 1 1 1 0 0 1249 1 6 6 6
2 30 0 1 0 0 0 3000 3 13 13 6
3 1 0 1 0 0 0 3000 2 1 1 13
3 2 0 1 0 0 0 3000 2 11 11 1
3 3 1 1 1 0 0 512 1 1 1 11
3 4 0 1 0 0 0 3000 2 14 14 1
3 5 1 1 1 0 0 884 1 1 1 14
3 6 1 1 1 0 0 1190 1 14 14 1
3 7 0 1 0 0 0 3000 3 12 12 14
3 8 1 1 1 0 0 434 1 14 14 12
3 9 0 1 0 0 0 3000 3 11 11 14
3 10 0 1 0 0 0 3000 2 5 5 11
3 11 1 1 1 0 0 632 1 11 11 5
3 12 1 1 1 0 0 801 1 5 5 11
3 13 0 1 0 0 0 3000 3 6 6 5
3 14 1 1 1 0 0 616 1 5 5 6
3 15 1 1 1 0 0 624 1 6 6 5
3 16 0 1 0 0 0 3000 3 15 15 6
3 17 1 1 1 0 0 427 1 6 6 15
3 18 1 1 1 0 0 601 1 15 15 6
3 19 0 0 0 0 1 739 3 10 10 15
3 20 0 1 0 0 0 3000 3 3 3 10
3 21 1 0 0 1 0 3000 1 10 10 3
3 22 1 1 1 0 0 519 1 3 3 10
3 23 0 1 0 0 0 3000 3 14 14 3
3 24 0 0 0 0 1 461 3 6 6 14
3 25 0 1 0 0 0 3000 2 3 3 6
3 26 0 1 0 0 0 3000 3 14 14 3
3 27 0 1 0 0 0 3000 3 8 8 14
3 28 0 1 0 0 0 3000 2 9 9 8
3 29 0 1 0 0 0 3000 3 14 14 9
3 30 0 1 0 0 0 3000 2 5 5 14
