1 1 0 1 0 0 0 3000 1 3 3 0
1 2 0 1 0 0 0 3000 2 1 1 3
1 3 0 0 0 0 1 812 3 15 15 1
1 4 1 1 1 0 0 130 1 1 1 15
1 5 0 0 0 0 1 1737 2 13 13 1
1 6 1 1 1 0 0 85 1 1 1 13
1 7 0 0 0 0 1 1044 3 9 9 1
1 8 0 0 0 0 1 1156 3 4 4 9
1 9 0 0 0 0 1 1482 2 5 5 4
1 10 1 1 1 0 0 665 1 4 4 5
1 11 0 0 0 0 1 502 3 8 8 4
1 12 0 0 0 0 1 1179 3 10 10 8
1 13 0 1 0 0 0 3000 3 13 13 10
1 14 0 0 0 0 1 50 3 12 12 13
1 15 0 0 0 0 1 1608 2 2 2 12
1 16 0 0 0 0 1 2843 2 15 15 2
1 17 1 1 1 0 0 1166 1 2 2 15
1 18 1 1 1 0 0 780 1 15 15 2
1 19 1 1 1 0 0 558 1 2 2 15
1 20 1 1 1 0 0 635 1 15 15 2
2 1 0 0 0 0 1 2388 1 1 1 15
2 2 0 0 0 0 1 749 1 14 14 1
2 3 0 0 0 0 1 876 2 8 8 14
2 4 1 1 1 0 0 1043 1 14 14 8
2 5 0 0 0 0 1 890 3 3 3 14
2 6 0 0 0 0 1 662 2 7 7 3
2 7 1 1 1 0 0 508 1 3 3 7
2 8 0 0 0 0 1 1141 2 9 9 3
2 9 0 0 0 0 1 541 3 12 12 9
2 10 1 1 1 0 0 475 1 9 9 12
2 11 0 0 0 0 1 537 3 1 1 9
2 12 0 0 0 0 1 470 2 5 5 1
2 13 0 0 0 0 1 885 3 5 5 5
2 14 1 1 1 0 0 7 1 5 5 5
2 15 1 1 1 0 0 44 1 5 5 5
2 16 0 0 0 0 1 1058 2 3 3 5
2 17 0 0 0 0 1 922 2 2 2 3
2 18 0 0 0 0 1 2914 3 10 10 2
2 19 0 0 0 0 1 2611 2 1 1 10
2 20 0 1 0 0 0 3000 3 7 7 1
2 21 0 0 0 0 1 914 3 10 10 7
2 22 0 0 0 0 1 521 3 4 4 10
2 23 1 1 1 0 0 539 1 10 10 4
2 24 0 1 0 0 0 3000 3 7 7 10
2 25 1 0 0 1 0 3000 1 10 10 7
2 26 1 1 1 0 0 937 1 7 7 10
2 27 0 0 0 0 1 829 2 8 8 7
2 28 0 0 0 0 1 1940 3 9 9 8
2 29 0 0 0 0 1 989 2 7 7 9
2 30 0 0 0 0 1 1087 3 5 5 7
3 1 0 0 0 0 1 2676 3 11 11 5
3 2 0 0 0 0 1 1108 1 11 11 11
3 3 0 0 0 0 1 667 3 13 13 11
3 4 0 0 0 0 1 997 3 3 3 13
3 5 0 0 0 0 1 836 3 7 7 3
3 6 0 0 0 0 1 800 3 6 6 7
3 7 0 0 0 0 1 509 2 5 5 6
3 8 0 1 0 0 0 3000 3 3 3 5
3 9 0 0 0 0 1 614 3 1 1 3
3 10 1 0 0 1 0 3000 1 3 3 1
3 11 0 0 0 0 1 1666 2 13 13 3
3 12 0 0 0 0 1 100 3 11 11 13
3 13 0 0 0 0 1 1128 2 14 14 11
3 14 0 0 0 0 1 123 2 14 14 14
3 15 0 0 0 0 1 1951 3 5 5 14
3 16 1 1 1 0 0 671 1 14 14 5
3 17 0 0 0 0 1 1139 3 10 10 14
3 18 0 0 0 0 1 623 3 11 11 10
3 19 1 1 1 0 0 770 1 10 10 11
3 20 1 1 1 0 0 536 1 11 11 10
3 21 1 1 1 0 0 456 1 10 10 11
3 22 0 0 0 0 1 439 2 3 3 10
3 23 0 0 0 0 1 863 3 14 14 3
3 24 0 0 0 0 1 394 3 2 2 14
3 25 0 0 0 0 1 42 2 6 6 2
3 26 0 0 0 0 1 59 2 15 15 6
3 27 1 0 0 1 0 3000 1 6 6 15
3 28 0 0 0 0 1 575 3 1 1 6
3 29 0 0 0 0 1 858 3 1 1 1
3 30 0 0 0 0 1 775 2 7 7 1
