1 1 0 1 0 0 0 3000 2 13 13 0
1 2 0 1 0 0 0 3000 3 6 6 13
1 3 1 0 0 1 0 3000 1 13 13 6
1 4 0 0 0 0 1 1673 2 12 12 13
1 5 0 0 0 0 1 1526 2 14 14 12
1 6 0 1 0 0 0 3000 3 3 3 14
1 7 0 1 0 0 0 3000 2 8 8 3
1 8 1 1 1 0 0 538 1 3 3 8
1 9 0 1 0 0 0 3000 2 7 7 3
1 10 1 1 1 0 0 1724 1 3 3 7
1 11 0 1 0 0 0 3000 2 1 1 3
1 12 0 0 0 0 1 679 3 4 4 1
1 13 1 1 1 0 0 657 1 1 1 4
1 14 1 0 0 1 0 3000 1 4 4 1
1 15 0 1 0 0 0 3000 3 12 12 4
1 16 0 1 0 0 0 3000 2 11 11 12
1 17 0 1 0 0 0 3000 3 13 13 11
1 18 1 1 1 0 0 448 1 11 11 13
1 19 0 0 0 0 1 537 3 4 4 11
1 20 0 1 0 0 0 3000 2 9 9 4
2 1 0 1 0 0 0 3000 1 13 13 9
2 2 0 1 0 0 0 3000 3 2 2 13
2 3 1 1 1 0 0 385 1 13 13 2
2 4 0 0 0 0 1 502 2 12 12 13
2 5 0 1 0 0 0 3000 3 8 8 12
2 6 1 1 1 0 0 601 1 12 12 8
2 7 0 1 0 0 0 3000 3 6 6 12
2 8 0 1 0 0 0 3000 2 10 10 6
2 9 0 1 0 0 0 3000 2 1 1 10
2 10 1 1 1 0 0 420 1 10 10 1
2 11 0 0 0 0 1 1362 3 12 12 10
2 12 1 1 1 0 0 539 1 10 10 12
2 13 1 1 1 0 0 977 1 12 12 10
2 14 1 1 1 0 0 395 1 10 10 12
2 15 1 1 1 0 0 574 1 12 12 10
2 16 0 0 0 0 1 503 2 12 12 12
2 17 1 1 1 0 0 492 1 12 12 12
2 18 1 0 0 1 0 3000 1 12 12 12
2 19 0 1 0 0 0 3000 3 3 3 12
2 20 0 0 0 0 1 511 3 11 11 3
2 21 0 0 0 0 1 524 3 13 13 11
2 22 0 0 0 0 1 667 3 14 14 13
2 23 1 0 0 1 0 3000 1 13 13 14
2 24 0 1 0 0 0 3000 2 15 15 13
2 25 0 1 0 0 0 3000 3 9 9 15
2 26 1 1 1 0 0 555 1 15 15 9
2 27 0 1 0 0 0 3000 2 6 6 15
2 28 1 1 1 0 0 586 1 15 15 6
2 29 0 1 0 0 0 3000 3 3 3 15
2 30 1 1 1 0 0 411 1 15 15 3
3 1 0 1 0 0 0 3000 2 2 2 15
3 2 0 1 0 0 0 3000 2 10 10 2
3 3 0 1 0 0 0 3000 2 15 15 10
3 4 0 1 0 0 0 3000 2 14 14 15
3 5 1 1 1 0 0 483 1 15 15 14
3 6 1 1 1 0 0 471 1 14 14 15
3 7 0 1 0 0 0 3000 3 6 6 14
3 8 1 0 0 1 0 3000 1 14 14 6
3 9 0 1 0 0 0 3000 3 3 3 14
3 10 0 0 0 0 1 613 2 6 6 3
3 11 0 0 0 0 1 657 3 13 13 6
3 12 0 0 0 0 1 566 3 12 12 13
3 13 0 0 0 0 1 669 2 5 5 12
3 14 0 0 0 0 1 651 3 3 3 5
3 15 0 1 0 0 0 3000 3 7 7 3
3 16 0 1 0 0 0 3000 2 13 13 7
3 17 0 0 0 0 1 447 3 13 13 13
3 18 0 1 0 0 0 3000 2 8 8 13
3 19 0 1 0 0 0 3000 3 15 15 8
3 20 0 1 0 0 0 3000 2 1 1 15
3 21 0 1 0 0 0 3000 3 5 5 1
3 22 1 1 1 0 0 708 1 1 1 5
3 23 1 1 1 0 0 724 1 5 5 1
3 24 1 1 1 0 0 505 1 1 1 5
3 25 0 0 0 0 1 1214 3 6 6 1
3 26 0 1 0 0 0 3000 3 2 2 6
3 27 0 1 0 0 0 3000 3 4 4 2
3 28 0 0 0 0 1 565 2 8 8 4
3 29 0 0 0 0 1 873 2 13 13 8
3 30 0 0 0 0 1 515 3 1 1 13
