1 1 0 1 0 0 0 3000 3 9 9 0
1 2 0 1 0 0 0 3000 2 1 1 9
1 3 1 0 0 1 0 3000 1 9 9 1
1 4 0 1 0 0 0 3000 3 13 13 9
1 5 0 1 0 0 0 3000 3 6 6 13
1 6 0 1 0 0 0 3000 3 6 6 6
1 7 0 1 0 0 0 3000 2 12 12 6
1 8 1 0 0 1 0 3000 1 6 6 12
1 9 0 1 0 0 0 3000 3 1 1 6
1 10 1 0 0 1 0 3000 1 6 6 1
1 11 0 1 0 0 0 3000 2 11 11 6
1 12 1 0 0 1 0 3000 1 6 6 11
1 13 0 1 0 0 0 3000 2 15 15 6
1 14 0 1 0 0 0 3000 2 10 10 15
1 15 0 1 0 0 0 3000 3 2 2 10
1 16 0 1 0 0 0 3000 2 7 7 2
1 17 0 0 0 0 1 618 2 6 6 7
1 18 1 1 1 0 0 724 1 7 7 6
1 19 0 0 0 0 1 774 2 8 8 7
1 20 0 1 0 0 0 3000 2 14 14 8
2 1 0 1 0 0 0 3000 2 15 15 14
2 2 0 1 0 0 0 3000 1 6 6 15
2 3 1 1 1 0 0 1438 1 15 15 6
2 4 1 0 0 1 0 3000 1 6 6 15
2 5 0 1 0 0 0 3000 3 12 12 6
2 6 1 1 1 0 0 782 1 6 6 12
2 7 0 1 0 0 0 3000 2 15 15 6
2 8 0 1 0 0 0 3000 3 13 13 15
2 9 0 1 0 0 0 3000 3 1 1 13
2 10 0 0 0 0 1 1803 2 15 15 1
2 11 0 1 0 0 0 3000 3 14 14 15
2 12 0 1 0 0 0 3000 2 14 14 14
2 13 0 1 0 0 0 3000 3 2 2 14
2 14 1 1 1 0 0 768 1 14 14 2
2 15 0 1 0 0 0 3000 3 12 12 14
2 16 1 0 0 1 0 3000 1 14 14 12
2 17 1 1 1 0 0 1105 1 12 12 14
2 18 0 1 0 0 0 3000 2 8 8 12
2 19 0 1 0 0 0 3000 3 1 1 8
2 20 0 1 0 0 0 3000 2 1 1 1
2 21 0 0 0 0 1 937 3 8 8 1
2 22 1 0 0 1 0 3000 1 1 1 8
2 23 0 1 0 0 0 3000 3 4 4 1
2 24 1 0 0 1 0 3000 1 1 1 4
2 25 0 1 0 0 0 3000 2 12 12 1
2 26 0 1 0 0 0 3000 2 12 12 12
2 27 0 1 0 0 0 3000 2 2 2 12
2 28 0 1 0 0 0 3000 3 9 9 2
2 29 0 0 0 0 1 790 3 13 13 9
2 30 1 0 0 1 0 3000 1 9 9 13
3 1 0 1 0 0 0 3000 1 3 3 9
3 2 0 1 0 0 0 3000 1 8 8 3
3 3 0 1 0 0 0 3000 3 5 5 8
3 4 1 1 1 0 0 1125 1 8 8 5
3 5 1 0 0 1 0 3000 1 5 5 8
3 6 0 1 0 0 0 3000 2 10 10 5
3 7 1 1 1 0 0 722 1 5 5 10
3 8 1 0 0 1 0 3000 1 10 10 5
3 9 0 1 0 0 0 3000 3 4 4 10
3 10 1 1 1 0 0 1106 1 10 10 4
3 11 0 1 0 0 0 3000 3 9 9 10
3 12 0 1 0 0 0 3000 3 2 2 9
3 13 0 1 0 0 0 3000 3 5 5 2
3 14 0 1 0 0 0 3000 3 9 9 5
3 15 0 1 0 0 0 3000 2 4 4 9
3 16 0 1 0 0 0 3000 3 12 12 4
3 17 0 0 0 0 1 1253 3 2 2 12
3 18 1 0 0 1 0 3000 1 12 12 2
3 19 1 0 0 1 0 3000 1 2 2 12
3 20 1 1 1 0 0 776 1 12 12 2
3 21 1 0 0 1 0 3000 1 2 2 12
3 22 0 1 0 0 0 3000 2 5 5 2
3 23 0 1 0 0 0 3000 2 5 5 5
3 24 0 1 0 0 0 3000 3 1 1 5
3 25 1 1 1 0 0 941 1 5 5 1
3 26 0 1 0 0 0 3000 3 14 14 5
3 27 0 1 0 0 0 3000 2 8 8 14
3 28 0 1 0 0 0 3000 2 6 6 8
3 29 1 1 1 0 0 824 1 8 8 6
3 30 1 0 0 1 0 3000 1 6 6 8
