1 1 0 0 0 0 1 348 1 12 12 0
1 2 0 1 0 0 0 3000 3 10 10 12
1 3 0 1 0 0 0 3000 3 14 14 10
1 4 0 1 0 0 0 3000 2 9 9 14
1 5 0 1 0 0 0 3000 2 10 10 9
1 6 0 1 0 0 0 3000 2 3 3 10
1 7 0 1 0 0 0 3000 3 13 13 3
1 8 1 1 1 0 0 1198 1 3 3 13
1 9 1 0 0 1 0 3000 1 13 13 3
1 10 0 1 0 0 0 3000 3 6 6 13
1 11 0 1 0 0 0 3000 2 5 5 6
1 12 1 1 1 0 0 515 1 6 6 5
1 13 1 1 1 0 0 1697 1 5 5 6
1 14 1 0 0 1 0 3000 1 6 6 5
1 15 0 1 0 0 0 3000 2 6 6 6
1 16 1 1 1 0 0 514 1 6 6 6
1 17 1 1 1 0 0 1149 1 6 6 6
1 18 1 1 1 0 0 570 1 6 6 6
1 19 1 1 1 0 0 477 1 6 6 6
1 20 0 0 0 0 1 542 2 13 13 6
2 1 0 1 0 0 0 3000 3 5 5 13
2 2 0 1 0 0 0 3000 2 7 7 5
2 3 0 1 0 0 0 3000 2 6 6 7
2 4 0 1 0 0 0 3000 3 6 6 6
2 5 1 1 1 0 0 429 1 6 6 6
2 6 1 1 1 0 0 514 1 6 6 6
2 7 0 1 0 0 0 3000 2 5 5 6
2 8 1 1 1 0 0 497 1 6 6 5
2 9 0 1 0 0 0 3000 2 4 4 6
2 10 1 1 1 0 0 1200 1 6 6 4
2 11 0 1 0 0 0 3000 3 2 2 6
2 12 0 1 0 0 0 3000 3 12 12 2
2 13 0 1 0 0 0 3000 2 3 3 12
2 14 0 1 0 0 0 3000 3 15 15 3
2 15 0 1 0 0 0 3000 2 13 13 15
2 16 0 1 0 0 0 3000 3 9 9 13
2 17 0 1 0 0 0 3000 3 1 1 9
2 18 1 1 1 0 0 506 1 9 9 1
2 19 1 1 1 0 0 615 1 1 1 9
2 20 1 1 1 0 0 661 1 9 9 1
2 21 0 1 0 0 0 3000 3 7 7 9
2 22 0 1 0 0 0 3000 3 15 15 7
2 23 0 1 0 0 0 3000 3 1 1 15
2 24 0 1 0 0 0 3000 3 1 1 1
2 25 1 1 1 0 0 464 1 1 1 1
2 26 0 1 0 0 0 3000 2 3 3 1
2 27 1 1 1 0 0 467 1 1 1 3
2 28 0 1 0 0 0 3000 3 4 4 1
2 29 1 1 1 0 0 458 1 1 1 4
2 30 1 1 1 0 0 767 1 4 4 1
3 1 0 1 0 0 0 3000 2 14 14 4
3 2 0 1 0 0 0 3000 1 9 9 14
3 3 1 1 1 0 0 724 1 14 14 9
3 4 0 1 0 0 0 3000 3 5 5 14
3 5 0 1 0 0 0 3000 2 7 7 5
3 6 0 1 0 0 0 3000 3 11 11 7
3 7 0 1 0 0 0 3000 3 6 6 11
3 8 0 1 0 0 0 3000 3 12 12 6
3 9 0 1 0 0 0 3000 2 1 1 12
3 10 0 1 0 0 0 3000 3 5 5 1
3 11 0 1 0 0 0 3000 2 12 12 5
3 12 0 1 0 0 0 3000 2 13 13 12
3 13 1 0 0 1 0 3000 1 12 12 13
3 14 0 1 0 0 0 3000 2 7 7 12
3 15 0 1 0 0 0 3000 2 9 9 7
3 16 0 1 0 0 0 3000 3 2 2 9
3 17 0 1 0 0 0 3000 2 8 8 2
3 18 0 1 0 0 0 3000 3 1 1 8
3 19 1 1 1 0 0 667 1 8 8 1
3 20 0 1 0 0 0 3000 3 13 13 8
3 21 0 1 0 0 0 3000 3 11 11 13
3 22 0 1 0 0 0 3000 2 15 15 11
3 23 0 1 0 0 0 3000 2 6 6 15
3 24 0 1 0 0 0 3000 2 5 5 6
3 25 0 1 0 0 0 3000 3 1 1 5
3 26 0 1 0 0 0 3000 3 8 8 1
3 27 0 1 0 0 0 3000 2 12 12 8
3 28 0 1 0 0 0 3000 3 5 5 12
3 29 1 1 1 0 0 505 1 12 12 5
3 30 0 1 0 0 0 3000 3 13 13 12
