1 1 0 1 0 0 0 3000 1 5 5 0
1 2 0 1 0 0 0 3000 3 14 14 5
1 3 0 1 0 0 0 3000 2 12 12 14
1 4 0 1 0 0 0 3000 2 7 7 12
1 5 1 1 1 0 0 499 1 12 12 7
1 6 0 1 0 0 0 3000 2 14 14 12
1 7 0 0 0 0 1 638 2 7 7 14
1 8 0 1 0 0 0 3000 2 8 8 7
1 9 0 1 0 0 0 3000 3 8 8 8
1 10 1 1 1 0 0 340 1 8 8 8
1 11 1 1 1 0 0 503 1 8 8 8
1 12 1 1 1 0 0 387 1 8 8 8
1 13 0 1 0 0 0 3000 2 9 9 8
1 14 1 1 1 0 0 802 1 8 8 9
1 15 0 1 0 0 0 3000 2 14 14 8
1 16 0 1 0 0 0 3000 3 6 6 14
1 17 0 1 0 0 0 3000 3 9 9 6
1 18 0 1 0 0 0 3000 3 11 11 9
1 19 1 1 1 0 0 325 1 9 9 11
1 20 0 1 0 0 0 3000 3 13 13 9
2 1 0 1 0 0 0 3000 3 12 12 13
2 2 0 1 0 0 0 3000 1 4 4 12
2 3 1 1 1 0 0 400 1 12 12 4
2 4 0 1 0 0 0 3000 3 5 5 12
2 5 0 1 0 0 0 3000 3 10 10 5
2 6 1 1 1 0 0 840 1 5 5 10
2 7 1 1 1 0 0 566 1 10 10 5
2 8 0 1 0 0 0 3000 2 8 8 10
2 9 1 0 0 1 0 3000 1 10 10 8
2 10 0 0 0 0 1 537 2 10 10 10
2 11 0 1 0 0 0 3000 3 3 3 10
2 12 1 1 1 0 0 421 1 10 10 3
2 13 0 1 0 0 0 3000 2 1 1 10
2 14 0 1 0 0 0 3000 3 5 5 1
2 15 1 1 1 0 0 818 1 1 1 5
2 16 0 1 0 0 0 3000 2 7 7 1
2 17 1 1 1 0 0 703 1 1 1 7
2 18 0 1 0 0 0 3000 2 1 1 1
2 19 1 1 1 0 0 337 1 1 1 1
2 20 0 1 0 0 0 3000 3 12 12 1
2 21 0 1 0 0 0 3000 3 14 14 12
2 22 0 1 0 0 0 3000 3 15 15 14
2 23 0 1 0 0 0 3000 2 8 8 15
2 24 0 1 0 0 0 3000 2 5 5 8
2 25 1 1 1 0 0 498 1 8 8 5
2 26 1 1 1 0 0 1922 1 5 5 8
2 27 1 1 1 0 0 666 1 8 8 5
2 28 0 1 0 0 0 3000 3 11 11 8
2 29 0 1 0 0 0 3000 3 5 5 11
2 30 0 1 0 0 0 3000 2 14 14 5
3 1 0 1 0 0 0 3000 3 6 6 14
3 2 0 1 0 0 0 3000 3 5 5 6
3 3 1 1 1 0 0 505 1 6 6 5
3 4 0 1 0 0 0 3000 3 14 14 6
3 5 1 1 1 0 0 612 1 6 6 14
3 6 0 1 0 0 0 3000 3 8 8 6
3 7 0 1 0 0 0 3000 3 4 4 8
3 8 0 1 0 0 0 3000 2 12 12 4
3 9 1 1 1 0 0 368 1 4 4 12
3 10 0 1 0 0 0 3000 2 6 6 4
3 11 1 1 1 0 0 614 1 4 4 6
3 12 1 0 0 1 0 3000 1 6 6 4
3 13 1 1 1 0 0 112 1 4 4 6
3 14 0 1 0 0 0 3000 3 10 10 4
3 15 1 1 1 0 0 347 1 4 4 10
3 16 0 1 0 0 0 3000 2 2 2 4
3 17 0 1 0 0 0 3000 2 13 13 2
3 18 0 1 0 0 0 3000 3 9 9 13
3 19 0 1 0 0 0 3000 3 14 14 9
3 20 0 1 0 0 0 3000 3 1 1 14
3 21 1 1 1 0 0 341 1 14 14 1
3 22 0 1 0 0 0 3000 3 2 2 14
3 23 0 1 0 0 0 3000 3 2 2 2
3 24 1 1 1 0 0 312 1 2 2 2
3 25 0 1 0 0 0 3000 3 9 9 2
3 26 1 1 1 0 0 370 1 2 2 9
3 27 0 1 0 0 0 3000 3 2 2 2
3 28 1 1 1 0 0 319 1 2 2 2
3 29 0 1 0 0 0 3000 2 6 6 2
3 30 0 1 0 0 0 3000 2 10 10 6
