1 1 0 1 0 0 0 3000 3 5 5 0
1 2 0 1 0 0 0 3000 1 10 10 5
1 3 1 1 1 0 0 401 1 5 5 10
1 4 1 1 1 0 0 427 1 10 10 5
1 5 0 1 0 0 0 3000 3 1 1 10
1 6 1 1 1 0 0 410 1 10 10 1
1 7 0 1 0 0 0 3000 3 11 11 10
1 8 1 1 1 0 0 407 1 10 10 11
1 9 0 1 0 0 0 3000 2 2 2 10
1 10 1 1 1 0 0 395 1 10 10 2
1 11 0 1 0 0 0 3000 2 11 11 10
1 12 0 1 0 0 0 3000 3 7 7 11
1 13 0 1 0 0 0 3000 2 15 15 7
1 14 0 1 0 0 0 3000 3 3 3 15
1 15 0 1 0 0 0 3000 3 2 2 3
1 16 1 1 1 0 0 392 1 3 3 2
1 17 0 1 0 0 0 3000 3 6 6 3
1 18 1 1 1 0 0 370 1 3 3 6
1 19 0 1 0 0 0 3000 2 12 12 3
1 20 1 1 1 0 0 329 1 3 3 12
2 1 0 1 0 0 0 3000 2 9 9 3
2 2 0 1 0 0 0 3000 3 6 6 9
2 3 1 1 1 0 0 371 1 9 9 6
2 4 0 1 0 0 0 3000 2 3 3 9
2 5 1 1 1 0 0 376 1 9 9 3
2 6 1 1 1 0 0 393 1 3 3 9
2 7 0 1 0 0 0 3000 2 10 10 3
2 8 0 1 0 0 0 3000 3 11 11 10
2 9 1 1 1 0 0 408 1 10 10 11
2 10 0 1 0 0 0 3000 3 4 4 10
2 11 0 1 0 0 0 3000 2 12 12 4
2 12 0 1 0 0 0 3000 3 11 11 12
2 13 0 1 0 0 0 3000 3 13 13 11
2 14 1 1 1 0 0 409 1 11 11 13
2 15 1 1 1 0 0 497 1 13 13 11
2 16 1 1 1 0 0 525 1 11 11 13
2 17 0 1 0 0 0 3000 2 6 6 11
2 18 1 1 1 0 0 386 1 11 11 6
2 19 0 1 0 0 0 3000 2 4 4 11
2 20 0 1 0 0 0 3000 2 4 4 4
2 21 0 1 0 0 0 3000 3 11 11 4
2 22 0 1 0 0 0 3000 3 10 10 11
2 23 0 1 0 0 0 3000 2 4 4 10
2 24 0 1 0 0 0 3000 3 13 13 4
2 25 0 1 0 0 0 3000 3 11 11 13
2 26 0 1 0 0 0 3000 2 6 6 11
2 27 0 1 0 0 0 3000 3 13 13 6
2 28 1 1 1 0 0 399 1 6 6 13
2 29 1 1 1 0 0 374 1 13 13 6
2 30 0 1 0 0 0 3000 2 3 3 13
3 1 0 1 0 0 0 3000 2 9 9 3
3 2 0 1 0 0 0 3000 1 11 11 9
3 3 0 1 0 0 0 3000 2 2 2 11
3 4 0 1 0 0 0 3000 2 1 1 2
3 5 0 1 0 0 0 3000 2 15 15 1
3 6 1 1 1 0 0 360 1 1 1 15
3 7 0 1 0 0 0 3000 3 14 14 1
3 8 0 1 0 0 0 3000 3 8 8 14
3 9 1 1 1 0 0 421 1 14 14 8
3 10 0 1 0 0 0 3000 2 1 1 14
3 11 0 1 0 0 0 3000 3 10 10 1
3 12 0 1 0 0 0 3000 2 12 12 10
3 13 1 1 1 0 0 402 1 10 10 12
3 14 1 1 1 0 0 461 1 12 12 10
3 15 1 1 1 0 0 380 1 10 10 12
3 16 0 1 0 0 0 3000 3 4 4 10
3 17 0 1 0 0 0 3000 2 15 15 4
3 18 1 1 1 0 0 406 1 4 4 15
3 19 1 1 1 0 0 413 1 15 15 4
3 20 0 1 0 0 0 3000 2 8 8 15
3 21 0 1 0 0 0 3000 2 10 10 8
3 22 0 1 0 0 0 3000 3 5 5 10
3 23 0 1 0 0 0 3000 2 6 6 5
3 24 0 1 0 0 0 3000 3 10 10 6
3 25 0 1 0 0 0 3000 2 5 5 10
3 26 0 1 0 0 0 3000 2 11 11 5
3 27 0 1 0 0 0 3000 3 11 11 11
3 28 0 1 0 0 0 3000 3 5 5 11
3 29 1 1 1 0 0 492 1 11 11 5
3 30 1 1 1 0 0 488 1 5 5 11
