1 1 0 1 0 0 0 3000 3 1 1 0
1 2 0 1 0 0 0 3000 1 13 13 1
1 3 0 1 0 0 0 3000 3 5 5 13
1 4 1 0 0 1 0 3000 1 13 13 5
1 5 0 0 0 0 1 782 2 13 13 13
1 6 0 1 0 0 0 3000 2 15 15 13
1 7 1 1 1 0 0 1343 1 13 13 15
1 8 0 1 0 0 0 3000 2 7 7 13
1 9 0 1 0 0 0 3000 2 8 8 7
1 10 1 1 1 0 0 898 1 7 7 8
1 11 0 1 0 0 0 3000 3 10 10 7
1 12 1 1 1 0 0 1220 1 7 7 10
1 13 0 1 0 0 0 3000 2 7 7 7
1 14 0 1 0 0 0 3000 3 13 13 7
1 15 0 0 0 0 1 897 3 13 13 13
1 16 0 1 0 0 0 3000 3 2 2 13
1 17 0 0 0 0 1 680 3 7 7 2
1 18 0 1 0 0 0 3000 2 14 14 7
1 19 1 1 1 0 0 616 1 7 7 14
1 20 0 1 0 0 0 3000 3 13 13 7
2 1 0 1 0 0 0 3000 3 8 8 13
2 2 0 1 0 0 0 3000 3 14 14 8
2 3 1 1 1 0 0 529 1 8 8 14
2 4 0 1 0 0 0 3000 3 8 8 8
2 5 0 1 0 0 0 3000 2 9 9 8
2 6 1 1 1 0 0 758 1 8 8 9
2 7 0 1 0 0 0 3000 2 6 6 8
2 8 1 0 0 1 0 3000 1 8 8 6
2 9 0 1 0 0 0 3000 2 1 1 8
2 10 1 1 1 0 0 552 1 8 8 1
2 11 0 1 0 0 0 3000 2 5 5 8
2 12 1 1 1 0 0 499 1 8 8 5
2 13 0 0 0 0 1 1469 3 8 8 8
2 14 0 1 0 0 0 3000 2 3 3 8
2 15 0 1 0 0 0 3000 2 13 13 3
2 16 0 1 0 0 0 3000 2 10 10 13
2 17 1 1 1 0 0 868 1 13 13 10
2 18 0 1 0 0 0 3000 3 9 9 13
2 19 1 0 0 1 0 3000 1 13 13 9
2 20 1 1 1 0 0 806 1 9 9 13
2 21 0 1 0 0 0 3000 3 7 7 9
2 22 0 0 0 0 1 532 3 13 13 7
2 23 0 1 0 0 0 3000 2 5 5 13
2 24 0 0 0 0 1 602 2 15 15 5
2 25 1 0 0 1 0 3000 1 5 5 15
2 26 1 1 1 0 0 827 1 15 15 5
2 27 0 1 0 0 0 3000 2 10 10 15
2 28 0 1 0 0 0 3000 3 8 8 10
2 29 0 1 0 0 0 3000 3 1 1 8
2 30 0 1 0 0 0 3000 3 9 9 1
3 1 0 1 0 0 0 3000 3 5 5 9
3 2 0 1 0 0 0 3000 3 4 4 5
3 3 0 1 0 0 0 3000 3 2 2 4
3 4 0 1 0 0 0 3000 2 10 10 2
3 5 1 1 1 0 0 1812 1 2 2 10
3 6 0 1 0 0 0 3000 2 12 12 2
3 7 0 1 0 0 0 3000 3 9 9 12
3 8 0 1 0 0 0 3000 2 13 13 9
3 9 1 1 1 0 0 929 1 9 9 13
3 10 1 1 1 0 0 891 1 13 13 9
3 11 0 1 0 0 0 3000 3 3 3 13
3 12 0 0 0 0 1 526 3 7 7 3
3 13 0 1 0 0 0 3000 2 1 1 7
3 14 0 0 0 0 1 1031 3 8 8 1
3 15 0 1 0 0 0 3000 3 14 14 8
3 16 1 1 1 0 0 492 1 8 8 14
3 17 0 1 0 0 0 3000 2 15 15 8
3 18 0 1 0 0 0 3000 3 3 3 15
3 19 0 0 0 0 1 812 3 10 10 3
3 20 1 1 1 0 0 804 1 3 3 10
3 21 1 1 1 0 0 836 1 10 10 3
3 22 0 1 0 0 0 3000 3 15 15 10
3 23 0 1 0 0 0 3000 2 3 3 15
3 24 0 1 0 0 0 3000 2 14 14 3
3 25 0 1 0 0 0 3000 2 2 2 14
3 26 1 1 1 0 0 704 1 14 14 2
3 27 1 0 0 1 0 3000 1 2 2 14
3 28 0 1 0 0 0 3000 3 15 15 2
3 29 1 1 1 0 0 579 1 2 2 15
3 30 0 1 0 0 0 3000 2 7 7 2
