1 1 0 1 0 0 0 3000 3 3 3 0
1 2 0 1 0 0 0 3000 3 1 1 3
1 3 1 0 0 1 0 3000 1 3 3 1
1 4 1 0 0 1 0 3000 1 1 1 3
1 5 1 0 0 1 0 3000 1 3 3 1
1 6 0 1 0 0 0 3000 3 5 5 3
1 7 0 1 0 0 0 3000 3 5 5 5
1 8 1 0 0 1 0 3000 1 5 5 5
1 9 1 0 0 1 0 3000 1 5 5 5
1 10 1 0 0 1 0 3000 1 5 5 5
1 11 0 1 0 0 0 3000 3 6 6 5
1 12 0 1 0 0 0 3000 3 2 2 6
1 13 0 1 0 0 0 3000 3 4 4 2
1 14 0 1 0 0 0 3000 2 6 6 4
1 15 0 0 0 0 1 341 3 15 15 6
1 16 0 1 0 0 0 3000 3 12 12 15
1 17 0 1 0 0 0 3000 2 14 14 12
1 18 0 1 0 0 0 3000 3 3 3 14
1 19 0 1 0 0 0 3000 3 2 2 3
1 20 0 1 0 0 0 3000 2 11 11 2
2 1 0 1 0 0 0 3000 1 6 6 11
2 2 0 0 0 0 1 432 1 4 4 6
2 3 0 0 0 0 1 474 2 8 8 4
2 4 1 1 1 0 0 293 1 4 4 8
2 5 1 1 1 0 0 526 1 8 8 4
2 6 0 0 0 0 1 274 2 9 9 8
2 7 0 0 0 0 1 282 3 13 13 9
2 8 1 1 1 0 0 413 1 9 9 13
2 9 1 1 1 0 0 550 1 13 13 9
2 10 1 0 0 1 0 3000 1 9 9 13
2 11 1 1 1 0 0 299 1 13 13 9
2 12 1 1 1 0 0 264 1 9 9 13
2 13 0 0 0 0 1 258 2 14 14 9
2 14 0 0 0 0 1 222 2 2 2 14
2 15 0 0 0 0 1 652 3 12 12 2
2 16 0 0 0 0 1 311 2 10 10 12
2 17 0 1 0 0 0 3000 2 5 5 10
2 18 0 0 0 0 1 348 3 14 14 5
2 19 1 1 1 0 0 264 1 5 5 14
2 20 0 0 0 0 1 307 2 11 11 5
2 21 0 0 0 0 1 280 3 12 12 11
2 22 1 1 1 0 0 295 1 11 11 12
2 23 0 0 0 0 1 400 3 7 7 11
2 24 0 0 0 0 1 500 3 9 9 7
2 25 1 1 1 0 0 254 1 7 7 9
2 26 1 1 1 0 0 624 1 9 9 7
2 27 0 0 0 0 1 435 3 10 10 9
2 28 0 0 0 0 1 614 3 13 13 10
2 29 0 0 0 0 1 620 3 1 1 13
2 30 0 1 0 0 0 3000 3 14 14 1
3 1 0 0 0 0 1 948 2 13 13 14
3 2 0 0 0 0 1 343 1 8 8 13
3 3 1 1 1 0 0 249 1 13 13 8
3 4 0 1 0 0 0 3000 3 5 5 13
3 5 0 0 0 0 1 211 3 7 7 5
3 6 1 1 1 0 0 1262 1 5 5 7
3 7 0 0 0 0 1 667 2 15 15 5
3 8 1 1 1 0 0 357 1 5 5 15
3 9 0 1 0 0 0 3000 3 1 1 5
3 10 1 1 1 0 0 299 1 5 5 1
3 11 0 1 0 0 0 3000 2 13 13 5
3 12 0 0 0 0 1 276 2 13 13 13
3 13 0 0 0 0 1 466 3 12 12 13
3 14 0 0 0 0 1 381 2 10 10 12
3 15 0 0 0 0 1 500 2 11 11 10
3 16 1 1 1 0 0 369 1 10 10 11
3 17 1 1 1 0 0 363 1 11 11 10
3 18 1 1 1 0 0 2967 1 10 10 11
3 19 0 0 0 0 1 1064 2 12 12 10
3 20 0 1 0 0 0 3000 3 4 4 12
3 21 0 0 0 0 1 576 2 14 14 4
3 22 0 0 0 0 1 2524 2 11 11 14
3 23 0 1 0 0 0 3000 3 12 12 11
3 24 0 1 0 0 0 3000 2 7 7 12
3 25 0 0 0 0 1 411 2 5 5 7
3 26 0 0 0 0 1 882 2 4 4 5
3 27 0 0 0 0 1 1023 3 15 15 4
3 28 0 0 0 0 1 534 3 8 8 15
3 29 0 0 0 0 1 2707 3 6 6 8
3 30 1 1 1 0 0 1256 1 8 8 6
