1 1 0 1 0 0 0 3000 2 12 12 0
1 2 0 1 0 0 0 3000 2 3 3 12
1 3 0 1 0 0 0 3000 3 11 11 3
1 4 0 1 0 0 0 3000 3 9 9 11
1 5 0 1 0 0 0 3000 2 8 8 9
1 6 1 1 1 0 0 817 1 9 9 8
1 7 0 1 0 0 0 3000 3 6 6 9
1 8 0 1 0 0 0 3000 3 11 11 6
1 9 1 1 1 0 0 873 1 6 6 11
1 10 0 1 0 0 0 3000 2 9 9 6
1 11 0 1 0 0 0 3000 2 11 11 9
1 12 0 1 0 0 0 3000 3 8 8 11
1 13 0 1 0 0 0 3000 3 5 5 8
1 14 1 1 1 0 0 490 1 8 8 5
1 15 0 1 0 0 0 3000 2 10 10 8
1 16 0 1 0 0 0 3000 2 2 2 10
1 17 0 1 0 0 0 3000 2 1 1 2
1 18 1 1 1 0 0 462 1 2 2 1
1 19 0 1 0 0 0 3000 2 13 13 2
1 20 1 0 0 1 0 3000 1 2 2 13
2 1 0 1 0 0 0 3000 2 5 5 2
2 2 0 1 0 0 0 3000 2 13 13 5
2 3 0 1 0 0 0 3000 3 6 6 13
2 4 0 1 0 0 0 3000 2 5 5 6
2 5 1 1 1 0 0 1103 1 6 6 5
2 6 0 1 0 0 0 3000 3 1 1 6
2 7 1 1 1 0 0 639 1 6 6 1
2 8 0 1 0 0 0 3000 3 6 6 6
2 9 1 0 0 1 0 3000 1 6 6 6
2 10 0 1 0 0 0 3000 2 12 12 6
2 11 0 1 0 0 0 3000 3 5 5 12
2 12 1 1 1 0 0 452 1 12 12 5
2 13 0 1 0 0 0 3000 2 6 6 12
2 14 0 1 0 0 0 3000 3 8 8 6
2 15 0 1 0 0 0 3000 3 15 15 8
2 16 0 1 0 0 0 3000 3 4 4 15
2 17 1 1 1 0 0 475 1 15 15 4
2 18 0 1 0 0 0 3000 3 9 9 15
2 19 1 0 0 1 0 3000 1 15 15 9
2 20 0 1 0 0 0 3000 3 1 1 15
2 21 1 1 1 0 0 418 1 15 15 1
2 22 0 1 0 0 0 3000 3 10 10 15
2 23 0 1 0 0 0 3000 3 7 7 10
2 24 0 1 0 0 0 3000 3 1 1 7
2 25 0 1 0 0 0 3000 3 10 10 1
2 26 0 1 0 0 0 3000 2 6 6 10
2 27 1 1 1 0 0 664 1 10 10 6
2 28 0 1 0 0 0 3000 2 14 14 10
2 29 1 1 1 0 0 691 1 10 10 14
2 30 1 1 1 0 0 1172 1 14 14 10
3 1 0 1 0 0 0 3000 1 14 14 14
3 2 0 1 0 0 0 3000 1 13 13 14
3 3 1 1 1 0 0 456 1 14 14 13
3 4 1 1 1 0 0 1016 1 13 13 14
3 5 1 1 1 0 0 728 1 14 14 13
3 6 0 1 0 0 0 3000 3 12 12 14
3 7 0 1 0 0 0 3000 3 13 13 12
3 8 1 1 1 0 0 689 1 12 12 13
3 9 1 1 1 0 0 1119 1 13 13 12
3 10 0 1 0 0 0 3000 2 7 7 13
3 11 0 1 0 0 0 3000 3 15 15 7
3 12 0 1 0 0 0 3000 2 6 6 15
3 13 0 1 0 0 0 3000 3 3 3 6
3 14 0 1 0 0 0 3000 2 9 9 3
3 15 1 1 1 0 0 471 1 3 3 9
3 16 0 0 0 0 1 888 3 6 6 3
3 17 1 1 1 0 0 767 1 3 3 6
3 18 0 1 0 0 0 3000 2 11 11 3
3 19 0 0 0 0 1 678 3 11 11 11
3 20 1 0 0 1 0 3000 1 11 11 11
3 21 1 1 1 0 0 684 1 11 11 11
3 22 1 0 0 1 0 3000 1 11 11 11
3 23 1 0 0 1 0 3000 1 11 11 11
3 24 0 1 0 0 0 3000 3 14 14 11
3 25 0 1 0 0 0 3000 3 12 12 14
3 26 1 1 1 0 0 418 1 14 14 12
3 27 0 1 0 0 0 3000 2 3 3 14
3 28 0 1 0 0 0 3000 2 13 13 3
3 29 1 1 1 0 0 568 1 3 3 13
3 30 0 1 0 0 0 3000 2 5 5 3
