1 1 0 1 0 0 0 3000 1 6 6 0
1 2 0 1 0 0 0 3000 2 13 13 6
1 3 0 1 0 0 0 3000 3 14 14 13
1 4 0 1 0 0 0 3000 3 15 15 14
1 5 1 1 1 0 0 1707 1 14 14 15
1 6 0 1 0 0 0 3000 3 5 5 14
1 7 0 1 0 0 0 3000 2 3 3 5
1 8 0 1 0 0 0 3000 2 8 8 3
1 9 1 1 1 0 0 592 1 3 3 8
1 10 0 1 0 0 0 3000 3 15 15 3
1 11 0 1 0 0 0 3000 2 9 9 15
1 12 1 1 1 0 0 481 1 15 15 9
1 13 0 1 0 0 0 3000 3 3 3 15
1 14 0 1 0 0 0 3000 2 13 13 3
1 15 0 1 0 0 0 3000 2 8 8 13
1 16 0 0 0 0 1 792 3 8 8 8
1 17 0 1 0 0 0 3000 3 2 2 8
1 18 0 1 0 0 0 3000 3 6 6 2
1 19 1 1 1 0 0 596 1 2 2 6
1 20 0 1 0 0 0 3000 3 8 8 2
2 1 0 1 0 0 0 3000 3 5 5 8
2 2 0 1 0 0 0 3000 1 14 14 5
2 3 1 1 1 0 0 534 1 5 5 14
2 4 0 1 0 0 0 3000 2 5 5 5
2 5 1 1 1 0 0 1024 1 5 5 5
2 6 1 0 0 1 0 3000 1 5 5 5
2 7 0 1 0 0 0 3000 3 1 1 5
2 8 0 1 0 0 0 3000 2 3 3 1
2 9 0 1 0 0 0 3000 2 10 10 3
2 10 1 1 1 0 0 512 1 3 3 10
2 11 0 0 0 0 1 1077 3 3 3 3
2 12 0 1 0 0 0 3000 3 2 2 3
2 13 0 1 0 0 0 3000 3 14 14 2
2 14 1 1 1 0 0 415 1 2 2 14
2 15 0 1 0 0 0 3000 3 3 3 2
2 16 0 1 0 0 0 3000 2 11 11 3
2 17 0 1 0 0 0 3000 3 13 13 11
2 18 0 1 0 0 0 3000 3 7 7 13
2 19 1 1 1 0 0 922 1 13 13 7
2 20 1 0 0 1 0 3000 1 7 7 13
2 21 0 1 0 0 0 3000 2 5 5 7
2 22 0 1 0 0 0 3000 3 11 11 5
2 23 0 1 0 0 0 3000 2 8 8 11
2 24 1 1 1 0 0 595 1 11 11 8
2 25 0 1 0 0 0 3000 3 9 9 11
2 26 1 1 1 0 0 421 1 11 11 9
2 27 0 1 0 0 0 3000 2 7 7 11
2 28 1 1 1 0 0 663 1 11 11 7
2 29 1 1 1 0 0 872 1 7 7 11
2 30 0 1 0 0 0 3000 2 6 6 7
3 1 0 1 0 0 0 3000 2 15 15 6
3 2 0 1 0 0 0 3000 3 4 4 15
3 3 0 1 0 0 0 3000 2 6 6 4
3 4 0 1 0 0 0 3000 3 9 9 6
3 5 0 0 0 0 1 697 3 9 9 9
3 6 0 1 0 0 0 3000 3 12 12 9
3 7 0 1 0 0 0 3000 3 5 5 12
3 8 0 1 0 0 0 3000 2 7 7 5
3 9 0 1 0 0 0 3000 2 15 15 7
3 10 0 0 0 0 1 638 3 4 4 15
3 11 0 1 0 0 0 3000 2 8 8 4
3 12 1 1 1 0 0 431 1 4 4 8
3 13 0 1 0 0 0 3000 3 13 13 4
3 14 1 1 1 0 0 673 1 4 4 13
3 15 0 1 0 0 0 3000 2 12 12 4
3 16 1 1 1 0 0 673 1 4 4 12
3 17 0 0 0 0 1 728 2 4 4 4
3 18 1 1 1 0 0 795 1 4 4 4
3 19 0 1 0 0 0 3000 2 7 7 4
3 20 0 1 0 0 0 3000 3 3 3 7
3 21 0 1 0 0 0 3000 3 2 2 3
3 22 0 1 0 0 0 3000 3 10 10 2
3 23 0 1 0 0 0 3000 2 13 13 10
3 24 0 1 0 0 0 3000 2 6 6 13
3 25 0 1 0 0 0 3000 3 6 6 6
3 26 1 1 1 0 0 636 1 6 6 6
3 27 0 1 0 0 0 3000 2 7 7 6
3 28 1 1 1 0 0 532 1 6 6 7
3 29 0 1 0 0 0 3000 3 10 10 6
3 30 0 1 0 0 0 3000 3 9 9 10
