1 1 0 1 0 0 0 3000 1 8 8 0
1 2 0 1 0 0 0 3000 2 2 2 8
1 3 0 1 0 0 0 3000 2 3 3 2
1 4 0 1 0 0 0 3000 2 12 12 3
1 5 0 1 0 0 0 3000 2 4 4 12
1 6 1 1 1 0 0 452 1 12 12 4
1 7 0 1 0 0 0 3000 3 14 14 12
1 8 0 1 0 0 0 3000 2 8 8 14
1 9 0 1 0 0 0 3000 2 3 3 8
1 10 1 1 1 0 0 1087 1 8 8 3
1 11 0 1 0 0 0 3000 2 11 11 8
1 12 0 1 0 0 0 3000 3 5 5 11
1 13 1 1 1 0 0 471 1 11 11 5
1 14 1 1 1 0 0 1119 1 5 5 11
1 15 1 1 1 0 0 580 1 11 11 5
1 16 0 0 0 0 1 995 3 11 11 11
1 17 0 1 0 0 0 3000 3 14 14 11
1 18 1 1 1 0 0 554 1 11 11 14
1 19 0 1 0 0 0 3000 3 10 10 11
1 20 0 1 0 0 0 3000 2 10 10 10
2 1 0 1 0 0 0 3000 3 8 8 10
2 2 0 1 0 0 0 3000 2 9 9 8
2 3 1 1 1 0 0 440 1 8 8 9
2 4 1 1 1 0 0 445 1 9 9 8
2 5 0 1 0 0 0 3000 2 4 4 9
2 6 0 1 0 0 0 3000 2 6 6 4
2 7 0 1 0 0 0 3000 2 12 12 6
2 8 1 1 1 0 0 423 1 6 6 12
2 9 0 1 0 0 0 3000 2 6 6 6
2 10 0 0 0 0 1 430 3 12 12 6
2 11 0 1 0 0 0 3000 3 8 8 12
2 12 0 1 0 0 0 3000 2 8 8 8
2 13 1 1 1 0 0 998 1 8 8 8
2 14 0 1 0 0 0 3000 3 6 6 8
2 15 1 1 1 0 0 441 1 8 8 6
2 16 1 1 1 0 0 737 1 6 6 8
2 17 0 1 0 0 0 3000 2 1 1 6
2 18 0 1 0 0 0 3000 3 5 5 1
2 19 0 1 0 0 0 3000 2 10 10 5
2 20 0 1 0 0 0 3000 3 1 1 10
2 21 0 1 0 0 0 3000 2 7 7 1
2 22 0 1 0 0 0 3000 3 15 15 7
2 23 0 1 0 0 0 3000 3 8 8 15
2 24 0 1 0 0 0 3000 2 14 14 8
2 25 0 1 0 0 0 3000 2 9 9 14
2 26 0 1 0 0 0 3000 2 2 2 9
2 27 0 1 0 0 0 3000 3 7 7 2
2 28 0 1 0 0 0 3000 3 7 7 7
2 29 1 1 1 0 0 541 1 7 7 7
2 30 0 1 0 0 0 3000 2 13 13 7
3 1 0 1 0 0 0 3000 3 11 11 13
3 2 0 1 0 0 0 3000 1 12 12 11
3 3 1 1 1 0 0 438 1 11 11 12
3 4 0 1 0 0 0 3000 3 2 2 11
3 5 0 1 0 0 0 3000 2 1 1 2
3 6 0 1 0 0 0 3000 2 5 5 1
3 7 0 1 0 0 0 3000 3 8 8 5
3 8 1 1 1 0 0 425 1 5 5 8
3 9 1 1 1 0 0 484 1 8 8 5
3 10 0 1 0 0 0 3000 2 6 6 8
3 11 1 1 1 0 0 473 1 8 8 6
3 12 0 1 0 0 0 3000 2 4 4 8
3 13 1 1 1 0 0 438 1 8 8 4
3 14 0 1 0 0 0 3000 3 5 5 8
3 15 1 1 1 0 0 421 1 8 8 5
3 16 0 1 0 0 0 3000 3 1 1 8
3 17 0 1 0 0 0 3000 2 4 4 1
3 18 1 1 1 0 0 403 1 1 1 4
3 19 0 1 0 0 0 3000 3 8 8 1
3 20 0 1 0 0 0 3000 2 5 5 8
3 21 0 1 0 0 0 3000 3 11 11 5
3 22 1 1 1 0 0 419 1 5 5 11
3 23 1 1 1 0 0 812 1 11 11 5
3 24 0 1 0 0 0 3000 3 7 7 11
3 25 1 1 1 0 0 407 1 11 11 7
3 26 1 1 1 0 0 491 1 7 7 11
3 27 0 1 0 0 0 3000 3 1 1 7
3 28 0 1 0 0 0 3000 3 2 2 1
3 29 1 1 1 0 0 398 1 1 1 2
3 30 1 1 1 0 0 442 1 2 2 1
