1 1 0 1 0 0 0 3000 1 15 15 0
1 2 0 1 0 0 0 3000 1 4 4 15
1 3 0 1 0 0 0 3000 2 14 14 4
1 4 0 1 0 0 0 3000 2 5 5 14
1 5 0 1 0 0 0 3000 2 11 11 5
1 6 0 1 0 0 0 3000 3 12 12 11
1 7 1 1 1 0 0 894 1 11 11 12
1 8 0 1 0 0 0 3000 3 8 8 11
1 9 0 1 0 0 0 3000 3 2 2 8
1 10 1 1 1 0 0 416 1 8 8 2
1 11 0 1 0 0 0 3000 2 8 8 8
1 12 1 1 1 0 0 894 1 8 8 8
1 13 1 1 1 0 0 730 1 8 8 8
1 14 0 1 0 0 0 3000 2 4 4 8
1 15 0 1 0 0 0 3000 2 10 10 4
1 16 0 1 0 0 0 3000 3 7 7 10
1 17 1 1 1 0 0 507 1 10 10 7
1 18 1 1 1 0 0 1529 1 7 7 10
1 19 0 1 0 0 0 3000 2 14 14 7
1 20 0 1 0 0 0 3000 3 2 2 14
2 1 0 1 0 0 0 3000 1 15 15 2
2 2 0 1 0 0 0 3000 2 11 11 15
2 3 0 1 0 0 0 3000 3 8 8 11
2 4 1 1 1 0 0 669 1 11 11 8
2 5 0 1 0 0 0 3000 2 2 2 11
2 6 1 0 0 1 0 3000 1 11 11 2
2 7 1 1 1 0 0 1217 1 2 2 11
2 8 1 1 1 0 0 1013 1 11 11 2
2 9 0 1 0 0 0 3000 2 3 3 11
2 10 1 1 1 0 0 701 1 11 11 3
2 11 0 1 0 0 0 3000 3 5 5 11
2 12 0 1 0 0 0 3000 3 13 13 5
2 13 1 0 0 1 0 3000 1 5 5 13
2 14 0 1 0 0 0 3000 3 1 1 5
2 15 0 1 0 0 0 3000 2 15 15 1
2 16 0 1 0 0 0 3000 3 9 9 15
2 17 1 1 1 0 0 668 1 15 15 9
2 18 0 1 0 0 0 3000 3 2 2 15
2 19 0 1 0 0 0 3000 3 3 3 2
2 20 1 1 1 0 0 400 1 2 2 3
2 21 0 1 0 0 0 3000 3 11 11 2
2 22 0 0 0 0 1 765 2 3 3 11
2 23 0 1 0 0 0 3000 3 6 6 3
2 24 1 1 1 0 0 1717 1 3 3 6
2 25 0 1 0 0 0 3000 2 15 15 3
2 26 0 1 0 0 0 3000 2 12 12 15
2 27 0 1 0 0 0 3000 3 8 8 12
2 28 0 1 0 0 0 3000 3 3 3 8
2 29 0 1 0 0 0 3000 2 3 3 3
2 30 0 1 0 0 0 3000 2 10 10 3
3 1 0 1 0 0 0 3000 1 8 8 10
3 2 0 1 0 0 0 3000 3 4 4 8
3 3 0 1 0 0 0 3000 3 6 6 4
3 4 0 1 0 0 0 3000 2 9 9 6
3 5 0 1 0 0 0 3000 2 3 3 9
3 6 0 1 0 0 0 3000 3 10 10 3
3 7 1 1 1 0 0 451 1 3 3 10
3 8 0 1 0 0 0 3000 3 12 12 3
3 9 0 1 0 0 0 3000 2 6 6 12
3 10 1 1 1 0 0 461 1 12 12 6
3 11 1 1 1 0 0 639 1 6 6 12
3 12 0 1 0 0 0 3000 3 9 9 6
3 13 0 0 0 0 1 658 2 10 10 9
3 14 0 1 0 0 0 3000 3 4 4 10
3 15 1 1 1 0 0 510 1 10 10 4
3 16 1 0 0 1 0 3000 1 4 4 10
3 17 0 1 0 0 0 3000 2 15 15 4
3 18 0 1 0 0 0 3000 2 11 11 15
3 19 1 0 0 1 0 3000 1 15 15 11
3 20 0 1 0 0 0 3000 3 7 7 15
3 21 0 1 0 0 0 3000 3 7 7 7
3 22 1 1 1 0 0 875 1 7 7 7
3 23 0 1 0 0 0 3000 2 3 3 7
3 24 0 1 0 0 0 3000 3 9 9 3
3 25 0 1 0 0 0 3000 3 5 5 9
3 26 0 1 0 0 0 3000 2 2 2 5
3 27 1 1 1 0 0 421 1 5 5 2
3 28 1 1 1 0 0 1122 1 2 2 5
3 29 0 1 0 0 0 3000 3 8 8 2
3 30 0 1 0 0 0 3000 3 10 10 8
