1 1 0 1 0 0 0 3000 2 9 9 0
1 2 0 1 0 0 0 3000 3 12 12 9
1 3 1 0 0 1 0 3000 1 9 9 12
1 4 0 1 0 0 0 3000 2 9 9 9
1 5 1 0 0 1 0 3000 1 9 9 9
1 6 0 1 0 0 0 3000 2 8 8 9
1 7 0 1 0 0 0 3000 2 7 7 8
1 8 0 1 0 0 0 3000 3 3 3 7
1 9 0 0 0 0 1 992 3 10 10 3
1 10 0 1 0 0 0 3000 3 5 5 10
1 11 0 1 0 0 0 3000 3 7 7 5
1 12 0 1 0 0 0 3000 3 2 2 7
1 13 1 0 0 1 0 3000 1 7 7 2
1 14 0 0 0 0 1 959 3 10 10 7
1 15 0 1 0 0 0 3000 3 12 12 10
1 16 0 1 0 0 0 3000 2 11 11 12
1 17 0 1 0 0 0 3000 3 6 6 11
1 18 1 0 0 1 0 3000 1 11 11 6
1 19 0 1 0 0 0 3000 3 9 9 11
1 20 0 1 0 0 0 3000 2 8 8 9
2 1 0 0 0 0 1 1692 2 10 10 8
2 2 0 1 0 0 0 3000 2 13 13 10
2 3 0 1 0 0 0 3000 3 4 4 13
2 4 0 1 0 0 0 3000 3 11 11 4
2 5 0 1 0 0 0 3000 3 12 12 11
2 6 1 0 0 1 0 3000 1 11 11 12
2 7 0 1 0 0 0 3000 3 6 6 11
2 8 1 0 0 1 0 3000 1 11 11 6
2 9 1 0 0 1 0 3000 1 6 6 11
2 10 0 1 0 0 0 3000 3 2 2 6
2 11 1 0 0 1 0 3000 1 6 6 2
2 12 1 0 0 1 0 3000 1 2 2 6
2 13 0 1 0 0 0 3000 3 3 3 2
2 14 0 1 0 0 0 3000 2 8 8 3
2 15 0 1 0 0 0 3000 2 5 5 8
2 16 1 0 0 1 0 3000 1 8 8 5
2 17 1 0 0 1 0 3000 1 5 5 8
2 18 0 1 0 0 0 3000 3 12 12 5
2 19 0 1 0 0 0 3000 3 12 12 12
2 20 0 1 0 0 0 3000 2 1 1 12
2 21 0 1 0 0 0 3000 2 13 13 1
2 22 0 1 0 0 0 3000 2 12 12 13
2 23 0 1 0 0 0 3000 3 11 11 12
2 24 0 1 0 0 0 3000 2 15 15 11
2 25 1 0 0 1 0 3000 1 11 11 15
2 26 1 0 0 1 0 3000 1 15 15 11
2 27 0 1 0 0 0 3000 2 6 6 15
2 28 0 1 0 0 0 3000 2 12 12 6
2 29 1 0 0 1 0 3000 1 6 6 12
2 30 0 1 0 0 0 3000 2 7 7 6
3 1 0 1 0 0 0 3000 3 8 8 7
3 2 0 1 0 0 0 3000 1 5 5 8
3 3 1 0 0 1 0 3000 1 8 8 5
3 4 0 1 0 0 0 3000 3 9 9 8
3 5 0 1 0 0 0 3000 3 9 9 9
3 6 0 1 0 0 0 3000 2 3 3 9
3 7 1 0 0 1 0 3000 1 9 9 3
3 8 0 1 0 0 0 3000 3 4 4 9
3 9 0 1 0 0 0 3000 3 5 5 4
3 10 0 1 0 0 0 3000 2 3 3 5
3 11 0 1 0 0 0 3000 3 15 15 3
3 12 1 0 0 1 0 3000 1 3 3 15
3 13 0 1 0 0 0 3000 3 8 8 3
3 14 0 1 0 0 0 3000 3 1 1 8
3 15 0 1 0 0 0 3000 2 12 12 1
3 16 0 1 0 0 0 3000 2 4 4 12
3 17 0 1 0 0 0 3000 3 6 6 4
3 18 0 1 0 0 0 3000 2 1 1 6
3 19 1 0 0 1 0 3000 1 6 6 1
3 20 0 0 0 0 1 940 3 10 10 6
3 21 0 1 0 0 0 3000 2 7 7 10
3 22 0 1 0 0 0 3000 3 6 6 7
3 23 0 1 0 0 0 3000 3 3 3 6
3 24 1 0 0 1 0 3000 1 6 6 3
3 25 0 1 0 0 0 3000 2 12 12 6
3 26 0 1 0 0 0 3000 2 9 9 12
3 27 0 1 0 0 0 3000 3 5 5 9
3 28 0 1 0 0 0 3000 3 8 8 5
3 29 0 1 0 0 0 3000 3 8 8 8
3 30 0 1 0 0 0 3000 2 1 1 8
