1 1 0 1 0 0 0 3000 2 3 3 0
1 2 0 1 0 0 0 3000 3 4 4 3
1 3 1 0 0 1 0 3000 1 3 3 4
1 4 0 1 0 0 0 3000 2 2 2 3
1 5 1 1 1 0 0 2365 1 3 3 2
1 6 1 1 1 0 0 2707 1 2 2 3
1 7 1 1 1 0 0 1195 1 3 3 2
1 8 0 1 0 0 0 3000 2 12 12 3
1 9 0 1 0 0 0 3000 3 7 7 12
1 10 1 1 1 0 0 483 1 12 12 7
1 11 1 1 1 0 0 578 1 7 7 12
1 12 1 1 1 0 0 435 1 12 12 7
1 13 0 1 0 0 0 3000 3 1 1 12
1 14 0 1 0 0 0 3000 2 2 2 1
1 15 1 1 1 0 0 470 1 1 1 2
1 16 0 1 0 0 0 3000 2 7 7 1
1 17 1 1 1 0 0 443 1 1 1 7
1 18 0 1 0 0 0 3000 3 13 13 1
1 19 1 1 1 0 0 438 1 1 1 13
1 20 0 1 0 0 0 3000 3 11 11 1
2 1 0 1 0 0 0 3000 1 4 4 11
2 2 0 1 0 0 0 3000 1 3 3 4
2 3 0 1 0 0 0 3000 2 12 12 3
2 4 1 1 1 0 0 1092 1 3 3 12
2 5 0 1 0 0 0 3000 3 7 7 3
2 6 0 1 0 0 0 3000 3 5 5 7
2 7 0 1 0 0 0 3000 2 6 6 5
2 8 0 1 0 0 0 3000 3 2 2 6
2 9 0 1 0 0 0 3000 2 5 5 2
2 10 1 1 1 0 0 517 1 2 2 5
2 11 1 1 1 0 0 455 1 5 5 2
2 12 0 1 0 0 0 3000 3 7 7 5
2 13 0 1 0 0 0 3000 3 1 1 7
2 14 1 1 1 0 0 433 1 7 7 1
2 15 0 0 0 0 1 1196 2 7 7 7
2 16 1 1 1 0 0 955 1 7 7 7
2 17 0 1 0 0 0 3000 2 9 9 7
2 18 0 1 0 0 0 3000 3 3 3 9
2 19 0 1 0 0 0 3000 3 5 5 3
2 20 0 1 0 0 0 3000 2 12 12 5
2 21 0 1 0 0 0 3000 3 6 6 12
2 22 1 1 1 0 0 838 1 12 12 6
2 23 0 1 0 0 0 3000 2 7 7 12
2 24 0 1 0 0 0 3000 3 13 13 7
2 25 0 1 0 0 0 3000 3 15 15 13
2 26 0 1 0 0 0 3000 3 4 4 15
2 27 0 1 0 0 0 3000 2 12 12 4
2 28 0 1 0 0 0 3000 3 8 8 12
2 29 1 1 1 0 0 617 1 12 12 8
2 30 1 1 1 0 0 1067 1 8 8 12
3 1 0 1 0 0 0 3000 1 13 13 8
3 2 0 1 0 0 0 3000 1 6 6 13
3 3 1 1 1 0 0 481 1 13 13 6
3 4 1 1 1 0 0 423 1 6 6 13
3 5 1 1 1 0 0 515 1 13 13 6
3 6 1 1 1 0 0 465 1 6 6 13
3 7 0 1 0 0 0 3000 3 11 11 6
3 8 0 1 0 0 0 3000 2 13 13 11
3 9 0 1 0 0 0 3000 3 9 9 13
3 10 1 1 1 0 0 478 1 13 13 9
3 11 0 1 0 0 0 3000 2 3 3 13
3 12 0 1 0 0 0 3000 3 11 11 3
3 13 0 1 0 0 0 3000 2 13 13 11
3 14 0 1 0 0 0 3000 2 8 8 13
3 15 0 1 0 0 0 3000 2 14 14 8
3 16 0 1 0 0 0 3000 2 11 11 14
3 17 0 1 0 0 0 3000 3 4 4 11
3 18 0 1 0 0 0 3000 3 7 7 4
3 19 0 1 0 0 0 3000 2 5 5 7
3 20 1 1 1 0 0 516 1 7 7 5
3 21 1 1 1 0 0 704 1 5 5 7
3 22 1 1 1 0 0 538 1 7 7 5
3 23 1 1 1 0 0 485 1 5 5 7
3 24 0 1 0 0 0 3000 2 13 13 5
3 25 1 1 1 0 0 459 1 5 5 13
3 26 0 1 0 0 0 3000 2 9 9 5
3 27 0 1 0 0 0 3000 3 2 2 9
3 28 0 1 0 0 0 3000 2 5 5 2
3 29 0 1 0 0 0 3000 2 12 12 5
3 30 0 1 0 0 0 3000 2 11 11 12
