1 1 0 1 0 0 0 3000 3 2 2 0
1 2 0 0 0 0 1 1417 1 12 12 2
1 3 0 0 0 0 1 919 3 6 6 12
1 4 0 0 0 0 1 2269 2 5 5 6
1 5 0 0 0 0 1 343 3 14 14 5
1 6 1 1 1 0 0 362 1 5 5 14
1 7 0 0 0 0 1 207 3 9 9 5
1 8 0 0 0 0 1 344 3 11 11 9
1 9 0 0 0 0 1 2101 3 6 6 11
1 10 0 1 0 0 0 3000 2 1 1 6
1 11 0 0 0 0 1 623 3 5 5 1
1 12 0 0 0 0 1 251 2 2 2 5
1 13 0 0 0 0 1 31 3 12 12 2
1 14 0 0 0 0 1 290 2 14 14 12
1 15 1 0 0 1 0 3000 1 12 12 14
1 16 0 0 0 0 1 98 3 15 15 12
1 17 1 1 1 0 0 358 1 12 12 15
1 18 0 0 0 0 1 69 3 12 12 12
1 19 0 0 0 0 1 373 3 7 7 12
1 20 1 1 1 0 0 647 1 12 12 7
2 1 0 0 0 0 1 2349 1 13 13 12
2 2 0 0 0 0 1 129 1 6 6 13
2 3 1 1 1 0 0 5 1 13 13 6
2 4 0 0 0 0 1 227 2 10 10 13
2 5 0 0 0 0 1 161 3 8 8 10
2 6 0 0 0 0 1 918 3 12 12 8
2 7 1 1 1 0 0 394 1 8 8 12
2 8 1 1 1 0 0 118 1 12 12 8
2 9 0 0 0 0 1 212 3 7 7 12
2 10 0 0 0 0 1 58 2 9 9 7
2 11 0 0 0 0 1 277 2 8 8 9
2 12 1 1 1 0 0 422 1 9 9 8
2 13 1 1 1 0 0 279 1 8 8 9
2 14 0 0 0 0 1 0 2 8 8 8
2 15 0 0 0 0 1 176 2 12 12 8
2 16 0 0 0 0 1 777 3 2 2 12
2 17 0 0 0 0 1 84 2 2 2 2
2 18 0 0 0 0 1 243 2 8 8 2
2 19 0 0 0 0 1 98 2 7 7 8
2 20 0 0 0 0 1 359 3 2 2 7
2 21 1 1 1 0 0 320 1 7 7 2
2 22 0 0 0 0 1 36 2 6 6 7
2 23 1 1 1 0 0 651 1 7 7 6
2 24 1 1 1 0 0 349 1 6 6 7
2 25 0 0 0 0 1 300 3 11 11 6
2 26 0 0 0 0 1 409 2 8 8 11
2 27 0 0 0 0 1 397 2 1 1 8
2 28 0 0 0 0 1 267 2 6 6 1
2 29 1 1 1 0 0 208 1 1 1 6
2 30 1 1 1 0 0 329 1 6 6 1
3 1 0 0 0 0 1 416 3 12 12 6
3 2 0 0 0 0 1 299 2 11 11 12
3 3 1 1 1 0 0 201 1 12 12 11
3 4 1 1 1 0 0 268 1 11 11 12
3 5 0 0 0 0 1 19 2 11 11 11
3 6 1 1 1 0 0 273 1 11 11 11
3 7 0 0 0 0 1 76 2 10 10 11
3 8 1 1 1 0 0 275 1 11 11 10
3 9 0 0 0 0 1 135 2 5 5 11
3 10 0 0 0 0 1 304 2 5 5 5
3 11 0 0 0 0 1 957 3 15 15 5
3 12 0 0 0 0 1 817 2 15 15 15
3 13 1 1 1 0 0 260 1 15 15 15
3 14 1 1 1 0 0 217 1 15 15 15
3 15 0 0 0 0 1 1166 2 10 10 15
3 16 0 0 0 0 1 161 3 9 9 10
3 17 0 0 0 0 1 623 2 3 3 9
3 18 0 0 0 0 1 553 3 6 6 3
3 19 0 0 0 0 1 477 2 6 6 6
3 20 0 0 0 0 1 355 3 9 9 6
3 21 0 0 0 0 1 222 2 11 11 9
3 22 1 1 1 0 0 125 1 9 9 11
3 23 1 1 1 0 0 221 1 11 11 9
3 24 0 0 0 0 1 125 2 10 10 11
3 25 0 0 0 0 1 115 2 2 2 10
3 26 0 0 0 0 1 327 2 1 1 2
3 27 0 0 0 0 1 9 2 15 15 1
3 28 0 0 0 0 1 115 2 2 2 15
3 29 1 1 1 0 0 137 1 15 15 2
3 30 1 1 1 0 0 195 1 2 2 15
