1 1 0 1 0 0 0 3000 2 1 1 0
1 2 0 1 0 0 0 3000 2 12 12 1
1 3 0 1 0 0 0 3000 3 12 12 12
1 4 0 1 0 0 0 3000 2 2 2 12
1 5 0 1 0 0 0 3000 3 5 5 2
1 6 0 1 0 0 0 3000 3 13 13 5
1 7 0 1 0 0 0 3000 2 1 1 13
1 8 0 1 0 0 0 3000 2 6 6 1
1 9 0 1 0 0 0 3000 3 10 10 6
1 10 0 1 0 0 0 3000 3 15 15 10
1 11 1 1 1 0 0 2052 1 10 10 15
1 12 1 0 0 1 0 3000 1 15 15 10
1 13 0 1 0 0 0 3000 2 4 4 15
1 14 1 0 0 1 0 3000 1 15 15 4
1 15 0 1 0 0 0 3000 3 9 9 15
1 16 1 0 0 1 0 3000 1 15 15 9
1 17 0 1 0 0 0 3000 3 10 10 15
1 18 0 1 0 0 0 3000 3 5 5 10
1 19 1 1 1 0 0 1349 1 10 10 5
1 20 0 1 0 0 0 3000 3 14 14 10
2 1 0 1 0 0 0 3000 3 15 15 14
2 2 0 1 0 0 0 3000 2 12 12 15
2 3 0 1 0 0 0 3000 2 9 9 12
2 4 0 1 0 0 0 3000 2 13 13 9
2 5 0 1 0 0 0 3000 3 13 13 13
2 6 0 1 0 0 0 3000 3 3 3 13
2 7 0 1 0 0 0 3000 3 9 9 3
2 8 0 1 0 0 0 3000 2 1 1 9
2 9 1 0 0 1 0 3000 1 9 9 1
2 10 1 0 0 1 0 3000 1 1 1 9
2 11 1 0 0 1 0 3000 1 9 9 1
2 12 0 1 0 0 0 3000 3 5 5 9
2 13 0 1 0 0 0 3000 3 12 12 5
2 14 0 1 0 0 0 3000 2 2 2 12
2 15 0 1 0 0 0 3000 3 11 11 2
2 16 0 1 0 0 0 3000 3 14 14 11
2 17 0 1 0 0 0 3000 2 15 15 14
2 18 0 1 0 0 0 3000 3 7 7 15
2 19 0 1 0 0 0 3000 3 4 4 7
2 20 1 0 0 1 0 3000 1 7 7 4
2 21 1 0 0 1 0 3000 1 4 4 7
2 22 0 1 0 0 0 3000 3 6 6 4
2 23 0 1 0 0 0 3000 3 12 12 6
2 24 1 0 0 1 0 3000 1 6 6 12
2 25 1 0 0 1 0 3000 1 12 12 6
2 26 1 0 0 1 0 3000 1 6 6 12
2 27 0 1 0 0 0 3000 2 10 10 6
2 28 0 1 0 0 0 3000 3 11 11 10
2 29 0 1 0 0 0 3000 3 14 14 11
2 30 0 1 0 0 0 3000 2 3 3 14
3 1 0 1 0 0 0 3000 2 6 6 3
3 2 0 1 0 0 0 3000 2 11 11 6
3 3 0 1 0 0 0 3000 2 11 11 11
3 4 1 0 0 1 0 3000 1 11 11 11
3 5 1 0 0 1 0 3000 1 11 11 11
3 6 1 0 0 1 0 3000 1 11 11 11
3 7 1 0 0 1 0 3000 1 11 11 11
3 8 0 1 0 0 0 3000 3 12 12 11
3 9 0 1 0 0 0 3000 2 4 4 12
3 10 0 1 0 0 0 3000 3 7 7 4
3 11 1 0 0 1 0 3000 1 4 4 7
3 12 1 0 0 1 0 3000 1 7 7 4
3 13 1 0 0 1 0 3000 1 4 4 7
3 14 1 0 0 1 0 3000 1 7 7 4
3 15 0 1 0 0 0 3000 3 6 6 7
3 16 0 1 0 0 0 3000 2 15 15 6
3 17 1 0 0 1 0 3000 1 6 6 15
3 18 1 0 0 1 0 3000 1 15 15 6
3 19 0 1 0 0 0 3000 3 8 8 15
3 20 0 1 0 0 0 3000 2 2 2 8
3 21 0 1 0 0 0 3000 3 12 12 2
3 22 0 1 0 0 0 3000 3 13 13 12
3 23 1 0 0 1 0 3000 1 12 12 13
3 24 0 1 0 0 0 3000 3 6 6 12
3 25 1 0 0 1 0 3000 1 12 12 6
3 26 0 1 0 0 0 3000 2 13 13 12
3 27 1 0 0 1 0 3000 1 12 12 13
3 28 1 0 0 1 0 3000 1 13 13 12
3 29 1 0 0 1 0 3000 1 12 12 13
3 30 1 0 0 1 0 3000 1 13 13 12
