1 1 0 0 0 0 1 1368 1 7 7 0
1 2 0 0 0 0 1 742 3 9 9 7
1 3 0 0 0 0 1 1084 2 8 8 9
1 4 0 0 0 0 1 455 3 13 13 8
1 5 1 1 1 0 0 487 1 8 8 13
1 6 1 0 0 1 0 3000 1 13 13 8
1 7 0 0 0 0 1 365 2 3 3 13
1 8 1 1 1 0 0 481 1 13 13 3
1 9 1 1 1 0 0 537 1 3 3 13
1 10 0 0 0 0 1 462 3 12 12 3
1 11 0 0 0 0 1 602 3 2 2 12
1 12 1 0 0 1 0 3000 1 12 12 2
1 13 1 1 1 0 0 527 1 2 2 12
1 14 0 1 0 0 0 3000 3 10 10 2
1 15 0 0 0 0 1 526 2 13 13 10
1 16 1 1 1 0 0 444 1 10 10 13
1 17 1 1 1 0 0 765 1 13 13 10
1 18 1 1 1 0 0 382 1 10 10 13
1 19 0 0 0 0 1 267 2 3 3 10
1 20 0 0 0 0 1 271 2 1 1 3
2 1 0 1 0 0 0 3000 3 4 4 1
2 2 0 0 0 0 1 833 1 4 4 4
2 3 0 0 0 0 1 284 2 15 15 4
2 4 0 0 0 0 1 442 3 3 3 15
2 5 1 1 1 0 0 466 1 15 15 3
2 6 1 1 1 0 0 478 1 3 3 15
2 7 0 0 0 0 1 292 3 1 1 3
2 8 0 0 0 0 1 427 3 2 2 1
2 9 0 0 0 0 1 342 3 11 11 2
2 10 0 0 0 0 1 432 2 5 5 11
2 11 1 1 1 0 0 465 1 11 11 5
2 12 1 1 1 0 0 597 1 5 5 11
2 13 1 1 1 0 0 302 1 11 11 5
2 14 1 1 1 0 0 462 1 5 5 11
2 15 1 1 1 0 0 307 1 11 11 5
2 16 0 0 0 0 1 236 2 11 11 11
2 17 0 0 0 0 1 2342 2 1 1 11
2 18 0 0 0 0 1 1199 3 10 10 1
2 19 0 0 0 0 1 370 2 4 4 10
2 20 1 1 1 0 0 611 1 10 10 4
2 21 1 1 1 0 0 350 1 4 4 10
2 22 1 1 1 0 0 452 1 10 10 4
2 23 0 0 0 0 1 335 3 3 3 10
2 24 0 0 0 0 1 395 3 12 12 3
2 25 1 1 1 0 0 334 1 3 3 12
2 26 1 1 1 0 0 293 1 12 12 3
2 27 0 0 0 0 1 245 3 15 15 12
2 28 0 0 0 0 1 266 3 8 8 15
2 29 0 0 0 0 1 282 2 7 7 8
2 30 1 1 1 0 0 244 1 8 8 7
3 1 0 0 0 0 1 989 1 2 2 8
3 2 0 0 0 0 1 302 1 13 13 2
3 3 0 0 0 0 1 321 2 14 14 13
3 4 0 0 0 0 1 301 2 4 4 14
3 5 1 1 1 0 0 451 1 14 14 4
3 6 0 0 0 0 1 525 3 10 10 14
3 7 0 0 0 0 1 428 2 11 11 10
3 8 1 1 1 0 0 370 1 10 10 11
3 9 1 1 1 0 0 309 1 11 11 10
3 10 0 0 0 0 1 370 2 14 14 11
3 11 0 0 0 0 1 272 2 10 10 14
3 12 0 0 0 0 1 316 3 8 8 10
3 13 1 1 1 0 0 337 1 10 10 8
3 14 0 0 0 0 1 260 3 2 2 10
3 15 0 0 0 0 1 203 3 14 14 2
3 16 0 0 0 0 1 314 3 9 9 14
3 17 1 1 1 0 0 346 1 14 14 9
3 18 1 1 1 0 0 318 1 9 9 14
3 19 0 0 0 0 1 269 3 8 8 9
3 20 0 0 0 0 1 284 3 15 15 8
3 21 0 0 0 0 1 260 2 3 3 15
3 22 0 0 0 0 1 198 3 4 4 3
3 23 0 0 0 0 1 193 3 9 9 4
3 24 0 0 0 0 1 322 2 3 3 9
3 25 1 1 1 0 0 253 1 9 9 3
3 26 0 0 0 0 1 291 3 2 2 9
3 27 0 0 0 0 1 509 2 2 2 2
3 28 1 0 0 1 0 3000 1 2 2 2
3 29 0 0 0 0 1 320 3 6 6 2
3 30 0 0 0 0 1 350 2 4 4 6
