1 1 0 1 0 0 0 3000 1 4 4 0
1 2 0 1 0 0 0 3000 1 7 7 4
1 3 0 1 0 0 0 3000 3 12 12 7
1 4 1 0 0 1 0 3000 1 7 7 12
1 5 1 1 1 0 0 521 1 12 12 7
1 6 1 0 0 1 0 3000 1 7 7 12
1 7 1 0 0 1 0 3000 1 12 12 7
1 8 1 1 1 0 0 477 1 7 7 12
1 9 1 0 0 1 0 3000 1 12 12 7
1 10 0 1 0 0 0 3000 2 13 13 12
1 11 0 1 0 0 0 3000 2 9 9 13
1 12 1 1 1 0 0 598 1 13 13 9
1 13 0 1 0 0 0 3000 3 12 12 13
1 14 1 0 0 1 0 3000 1 13 13 12
1 15 1 1 1 0 0 992 1 12 12 13
1 16 0 1 0 0 0 3000 2 8 8 12
1 17 1 1 1 0 0 517 1 12 12 8
1 18 0 1 0 0 0 3000 3 2 2 12
1 19 0 1 0 0 0 3000 3 8 8 2
1 20 0 1 0 0 0 3000 3 9 9 8
2 1 0 1 0 0 0 3000 1 1 1 9
2 2 0 1 0 0 0 3000 1 13 13 1
2 3 0 1 0 0 0 3000 2 3 3 13
2 4 0 1 0 0 0 3000 2 6 6 3
2 5 0 1 0 0 0 3000 2 10 10 6
2 6 1 1 1 0 0 452 1 6 6 10
2 7 1 1 1 0 0 579 1 10 10 6
2 8 0 1 0 0 0 3000 3 9 9 10
2 9 0 1 0 0 0 3000 2 14 14 9
2 10 1 1 1 0 0 465 1 9 9 14
2 11 0 1 0 0 0 3000 2 8 8 9
2 12 0 1 0 0 0 3000 3 7 7 8
2 13 1 1 1 0 0 426 1 8 8 7
2 14 0 1 0 0 0 3000 2 13 13 8
2 15 0 1 0 0 0 3000 2 11 11 13
2 16 0 1 0 0 0 3000 3 4 4 11
2 17 1 1 1 0 0 435 1 11 11 4
2 18 0 1 0 0 0 3000 3 11 11 11
2 19 1 0 0 1 0 3000 1 11 11 11
2 20 0 0 0 0 1 514 3 12 12 11
2 21 0 1 0 0 0 3000 3 14 14 12
2 22 0 1 0 0 0 3000 3 3 3 14
2 23 0 1 0 0 0 3000 3 3 3 3
2 24 0 1 0 0 0 3000 3 13 13 3
2 25 0 1 0 0 0 3000 2 9 9 13
2 26 0 1 0 0 0 3000 3 8 8 9
2 27 0 1 0 0 0 3000 2 4 4 8
2 28 1 1 1 0 0 444 1 8 8 4
2 29 1 1 1 0 0 477 1 4 4 8
2 30 0 1 0 0 0 3000 2 6 6 4
3 1 0 1 0 0 0 3000 2 10 10 6
3 2 0 1 0 0 0 3000 3 5 5 10
3 3 0 1 0 0 0 3000 3 15 15 5
3 4 0 1 0 0 0 3000 3 6 6 15
3 5 0 1 0 0 0 3000 2 12 12 6
3 6 1 1 1 0 0 480 1 6 6 12
3 7 0 1 0 0 0 3000 3 3 3 6
3 8 0 1 0 0 0 3000 2 7 7 3
3 9 0 1 0 0 0 3000 2 5 5 7
3 10 0 1 0 0 0 3000 2 8 8 5
3 11 0 1 0 0 0 3000 3 12 12 8
3 12 1 1 1 0 0 644 1 8 8 12
3 13 0 1 0 0 0 3000 3 1 1 8
3 14 0 1 0 0 0 3000 2 4 4 1
3 15 0 1 0 0 0 3000 2 15 15 4
3 16 0 0 0 0 1 666 3 15 15 15
3 17 0 1 0 0 0 3000 2 7 7 15
3 18 0 1 0 0 0 3000 2 10 10 7
3 19 1 1 1 0 0 452 1 7 7 10
3 20 0 1 0 0 0 3000 3 15 15 7
3 21 0 1 0 0 0 3000 2 4 4 15
3 22 0 1 0 0 0 3000 2 11 11 4
3 23 1 1 1 0 0 790 1 4 4 11
3 24 1 1 1 0 0 528 1 11 11 4
3 25 0 1 0 0 0 3000 3 13 13 11
3 26 1 1 1 0 0 537 1 11 11 13
3 27 1 0 0 1 0 3000 1 13 13 11
3 28 1 1 1 0 0 1123 1 11 11 13
3 29 0 1 0 0 0 3000 2 1 1 11
3 30 0 1 0 0 0 3000 2 3 3 1
