1 1 0 1 0 0 0 3000 1 11 11 0
1 2 0 1 0 0 0 3000 2 5 5 11
1 3 0 1 0 0 0 3000 3 14 14 5
1 4 1 1 1 0 0 1390 1 5 5 14
1 5 0 1 0 0 0 3000 3 3 3 5
1 6 1 1 1 0 0 869 1 5 5 3
1 7 0 1 0 0 0 3000 3 6 6 5
1 8 0 1 0 0 0 3000 3 12 12 6
1 9 0 1 0 0 0 3000 3 11 11 12
1 10 1 0 0 1 0 3000 1 12 12 11
1 11 0 1 0 0 0 3000 3 5 5 12
1 12 0 1 0 0 0 3000 3 15 15 5
1 13 0 1 0 0 0 3000 3 2 2 15
1 14 1 1 1 0 0 1181 1 15 15 2
1 15 1 1 1 0 0 1080 1 2 2 15
1 16 0 1 0 0 0 3000 2 3 3 2
1 17 0 0 0 0 1 802 2 15 15 3
1 18 0 1 0 0 0 3000 2 15 15 15
1 19 1 1 1 0 0 591 1 15 15 15
1 20 0 1 0 0 0 3000 2 8 8 15
2 1 0 1 0 0 0 3000 2 13 13 8
2 2 0 1 0 0 0 3000 3 15 15 13
2 3 0 1 0 0 0 3000 2 15 15 15
2 4 1 1 1 0 0 596 1 15 15 15
2 5 0 1 0 0 0 3000 3 8 8 15
2 6 0 1 0 0 0 3000 3 6 6 8
2 7 0 1 0 0 0 3000 3 7 7 6
2 8 0 1 0 0 0 3000 2 3 3 7
2 9 0 1 0 0 0 3000 2 1 1 3
2 10 0 1 0 0 0 3000 3 15 15 1
2 11 1 1 1 0 0 903 1 1 1 15
2 12 0 1 0 0 0 3000 3 8 8 1
2 13 0 1 0 0 0 3000 2 2 2 8
2 14 0 1 0 0 0 3000 2 1 1 2
2 15 1 1 1 0 0 560 1 2 2 1
2 16 0 1 0 0 0 3000 2 5 5 2
2 17 1 1 1 0 0 797 1 2 2 5
2 18 1 1 1 0 0 614 1 5 5 2
2 19 0 1 0 0 0 3000 2 4 4 5
2 20 1 0 0 1 0 3000 1 5 5 4
2 21 1 1 1 0 0 524 1 4 4 5
2 22 0 1 0 0 0 3000 2 8 8 4
2 23 1 0 0 1 0 3000 1 4 4 8
2 24 1 1 1 0 0 595 1 8 8 4
2 25 0 1 0 0 0 3000 3 12 12 8
2 26 0 1 0 0 0 3000 3 4 4 12
2 27 0 1 0 0 0 3000 2 1 1 4
2 28 1 1 1 0 0 855 1 4 4 1
2 29 0 1 0 0 0 3000 3 13 13 4
2 30 0 1 0 0 0 3000 2 5 5 13
3 1 0 1 0 0 0 3000 3 11 11 5
3 2 0 1 0 0 0 3000 3 10 10 11
3 3 1 1 1 0 0 1280 1 11 11 10
3 4 0 1 0 0 0 3000 2 12 12 11
3 5 0 1 0 0 0 3000 3 5 5 12
3 6 0 1 0 0 0 3000 2 6 6 5
3 7 0 1 0 0 0 3000 3 12 12 6
3 8 0 0 0 0 1 852 3 12 12 12
3 9 0 1 0 0 0 3000 3 8 8 12
3 10 1 1 1 0 0 818 1 12 12 8
3 11 0 0 0 0 1 1264 2 6 6 12
3 12 1 0 0 1 0 3000 1 12 12 6
3 13 0 1 0 0 0 3000 2 15 15 12
3 14 0 1 0 0 0 3000 3 14 14 15
3 15 0 1 0 0 0 3000 2 9 9 14
3 16 0 1 0 0 0 3000 2 9 9 9
3 17 0 1 0 0 0 3000 2 8 8 9
3 18 1 1 1 0 0 1123 1 9 9 8
3 19 0 1 0 0 0 3000 3 14 14 9
3 20 0 1 0 0 0 3000 3 11 11 14
3 21 0 1 0 0 0 3000 2 2 2 11
3 22 0 1 0 0 0 3000 2 8 8 2
3 23 0 1 0 0 0 3000 3 13 13 8
3 24 0 1 0 0 0 3000 2 7 7 13
3 25 0 1 0 0 0 3000 3 3 3 7
3 26 1 1 1 0 0 827 1 7 7 3
3 27 0 0 0 0 1 1178 3 11 11 7
3 28 1 1 1 0 0 473 1 7 7 11
3 29 0 1 0 0 0 3000 2 2 2 7
3 30 0 1 0 0 0 3000 3 3 3 2
