1 1 0 1 0 0 0 3000 3 13 13 0
1 2 0 1 0 0 0 3000 2 3 3 13
1 3 1 1 1 0 0 511 1 13 13 3
1 4 0 1 0 0 0 3000 2 7 7 13
1 5 0 1 0 0 0 3000 3 10 10 7
1 6 0 1 0 0 0 3000 3 3 3 10
1 7 0 1 0 0 0 3000 2 1 1 3
1 8 1 1 1 0 0 526 1 3 3 1
1 9 1 1 1 0 0 860 1 1 1 3
1 10 1 1 1 0 0 592 1 3 3 1
1 11 0 1 0 0 0 3000 3 15 15 3
1 12 1 1 1 0 0 675 1 3 3 15
1 13 1 1 1 0 0 446 1 15 15 3
1 14 0 0 0 0 1 580 3 1 1 15
1 15 1 0 0 1 0 3000 1 15 15 1
1 16 1 1 1 0 0 398 1 1 1 15
1 17 0 1 0 0 0 3000 3 13 13 1
1 18 0 1 0 0 0 3000 3 2 2 13
1 19 1 1 1 0 0 774 1 13 13 2
1 20 0 1 0 0 0 3000 2 11 11 13
2 1 0 1 0 0 0 3000 3 10 10 11
2 2 0 1 0 0 0 3000 2 12 12 10
2 3 0 1 0 0 0 3000 2 8 8 12
2 4 0 1 0 0 0 3000 3 10 10 8
2 5 0 1 0 0 0 3000 2 14 14 10
2 6 1 1 1 0 0 408 1 10 10 14
2 7 0 1 0 0 0 3000 3 4 4 10
2 8 1 1 1 0 0 645 1 10 10 4
2 9 0 0 0 0 1 489 3 14 14 10
2 10 0 1 0 0 0 3000 2 13 13 14
2 11 0 1 0 0 0 3000 3 7 7 13
2 12 0 1 0 0 0 3000 3 9 9 7
2 13 0 1 0 0 0 3000 3 6 6 9
2 14 0 1 0 0 0 3000 2 2 2 6
2 15 0 1 0 0 0 3000 3 4 4 2
2 16 1 1 1 0 0 459 1 2 2 4
2 17 0 1 0 0 0 3000 3 14 14 2
2 18 0 1 0 0 0 3000 2 15 15 14
2 19 0 0 0 0 1 505 2 15 15 15
2 20 0 1 0 0 0 3000 3 1 1 15
2 21 1 1 1 0 0 400 1 15 15 1
2 22 1 1 1 0 0 600 1 1 1 15
2 23 0 1 0 0 0 3000 2 8 8 1
2 24 1 1 1 0 0 365 1 1 1 8
2 25 1 1 1 0 0 472 1 8 8 1
2 26 0 1 0 0 0 3000 2 13 13 8
2 27 0 1 0 0 0 3000 2 6 6 13
2 28 0 1 0 0 0 3000 2 2 2 6
2 29 0 1 0 0 0 3000 2 13 13 2
2 30 0 1 0 0 0 3000 3 9 9 13
3 1 0 1 0 0 0 3000 3 4 4 9
3 2 0 1 0 0 0 3000 3 1 1 4
3 3 0 1 0 0 0 3000 3 14 14 1
3 4 0 1 0 0 0 3000 2 7 7 14
3 5 0 1 0 0 0 3000 3 1 1 7
3 6 0 1 0 0 0 3000 2 3 3 1
3 7 0 1 0 0 0 3000 2 12 12 3
3 8 1 1 1 0 0 416 1 3 3 12
3 9 0 1 0 0 0 3000 2 10 10 3
3 10 1 1 1 0 0 1018 1 3 3 10
3 11 0 1 0 0 0 3000 3 7 7 3
3 12 0 1 0 0 0 3000 3 11 11 7
3 13 0 1 0 0 0 3000 2 13 13 11
3 14 0 1 0 0 0 3000 3 1 1 13
3 15 1 1 1 0 0 401 1 13 13 1
3 16 1 1 1 0 0 576 1 1 1 13
3 17 0 0 0 0 1 634 3 1 1 1
3 18 1 0 0 1 0 3000 1 1 1 1
3 19 0 1 0 0 0 3000 3 10 10 1
3 20 1 1 1 0 0 452 1 1 1 10
3 21 0 1 0 0 0 3000 3 5 5 1
3 22 0 1 0 0 0 3000 2 7 7 5
3 23 0 1 0 0 0 3000 2 4 4 7
3 24 0 1 0 0 0 3000 2 3 3 4
3 25 0 1 0 0 0 3000 2 1 1 3
3 26 0 1 0 0 0 3000 2 10 10 1
3 27 1 1 1 0 0 465 1 1 1 10
3 28 0 1 0 0 0 3000 3 7 7 1
3 29 0 1 0 0 0 3000 3 8 8 7
3 30 1 1 1 0 0 404 1 7 7 8
