1 1 0 1 0 0 0 3000 3 2 2 0
1 2 0 0 0 0 1 1031 3 10 10 2
1 3 1 0 0 1 0 3000 1 2 2 10
1 4 1 0 0 1 0 3000 1 10 10 2
1 5 0 1 0 0 0 3000 2 11 11 10
1 6 0 1 0 0 0 3000 2 15 15 11
1 7 0 1 0 0 0 3000 3 1 1 15
1 8 0 1 0 0 0 3000 2 9 9 1
1 9 0 1 0 0 0 3000 3 5 5 9
1 10 0 1 0 0 0 3000 3 12 12 5
1 11 1 1 1 0 0 684 1 5 5 12
1 12 1 0 0 1 0 3000 1 12 12 5
1 13 1 1 1 0 0 586 1 5 5 12
1 14 0 1 0 0 0 3000 3 5 5 5
1 15 0 0 0 0 1 427 2 6 6 5
1 16 0 0 0 0 1 800 2 1 1 6
1 17 0 1 0 0 0 3000 3 13 13 1
1 18 1 1 1 0 0 818 1 1 1 13
1 19 0 0 0 0 1 1211 3 11 11 1
1 20 1 1 1 0 0 629 1 1 1 11
2 1 0 1 0 0 0 3000 1 14 14 1
2 2 0 1 0 0 0 3000 3 9 9 14
2 3 0 1 0 0 0 3000 2 11 11 9
2 4 1 1 1 0 0 613 1 9 9 11
2 5 1 1 1 0 0 698 1 11 11 9
2 6 0 1 0 0 0 3000 3 15 15 11
2 7 0 1 0 0 0 3000 2 14 14 15
2 8 0 0 0 0 1 635 3 6 6 14
2 9 0 1 0 0 0 3000 3 3 3 6
2 10 1 1 1 0 0 557 1 6 6 3
2 11 0 1 0 0 0 3000 3 8 8 6
2 12 0 1 0 0 0 3000 2 2 2 8
2 13 0 1 0 0 0 3000 2 1 1 2
2 14 0 1 0 0 0 3000 3 12 12 1
2 15 0 0 0 0 1 537 3 10 10 12
2 16 0 0 0 0 1 534 3 10 10 10
2 17 1 1 1 0 0 439 1 10 10 10
2 18 0 0 0 0 1 858 3 9 9 10
2 19 0 1 0 0 0 3000 3 7 7 9
2 20 0 0 0 0 1 633 2 8 8 7
2 21 0 0 0 0 1 485 2 6 6 8
2 22 1 1 1 0 0 463 1 8 8 6
2 23 1 1 1 0 0 590 1 6 6 8
2 24 1 1 1 0 0 683 1 8 8 6
2 25 1 1 1 0 0 572 1 6 6 8
2 26 0 1 0 0 0 3000 3 4 4 6
2 27 0 0 0 0 1 824 2 9 9 4
2 28 0 1 0 0 0 3000 3 2 2 9
2 29 0 1 0 0 0 3000 3 11 11 2
2 30 0 0 0 0 1 482 3 8 8 11
3 1 0 1 0 0 0 3000 3 12 12 8
3 2 0 1 0 0 0 3000 1 4 4 12
3 3 0 1 0 0 0 3000 2 9 9 4
3 4 1 1 1 0 0 618 1 4 4 9
3 5 0 1 0 0 0 3000 3 4 4 4
3 6 1 1 1 0 0 517 1 4 4 4
3 7 0 0 0 0 1 682 3 11 11 4
3 8 0 0 0 0 1 739 3 7 7 11
3 9 0 0 0 0 1 514 2 4 4 7
3 10 0 0 0 0 1 510 2 6 6 4
3 11 0 0 0 0 1 615 3 12 12 6
3 12 0 1 0 0 0 3000 2 2 2 12
3 13 0 1 0 0 0 3000 2 5 5 2
3 14 0 1 0 0 0 3000 3 14 14 5
3 15 0 0 0 0 1 502 3 3 3 14
3 16 0 0 0 0 1 685 3 2 2 3
3 17 0 1 0 0 0 3000 3 14 14 2
3 18 1 1 1 0 0 452 1 2 2 14
3 19 1 0 0 1 0 3000 1 14 14 2
3 20 0 1 0 0 0 3000 3 15 15 14
3 21 0 0 0 0 1 438 3 4 4 15
3 22 0 1 0 0 0 3000 3 13 13 4
3 23 1 1 1 0 0 486 1 4 4 13
3 24 0 1 0 0 0 3000 3 8 8 4
3 25 0 1 0 0 0 3000 3 3 3 8
3 26 1 1 1 0 0 515 1 8 8 3
3 27 1 1 1 0 0 1136 1 3 3 8
3 28 1 1 1 0 0 746 1 8 8 3
3 29 0 1 0 0 0 3000 2 14 14 8
3 30 0 0 0 0 1 486 2 13 13 14
