1 1 0 1 0 0 0 3000 2 2 2 0
1 2 0 1 0 0 0 3000 3 14 14 2
1 3 1 0 0 1 0 3000 1 2 2 14
1 4 1 0 0 1 0 3000 1 14 14 2
1 5 0 1 0 0 0 3000 2 12 12 14
1 6 1 0 0 1 0 3000 1 14 14 12
1 7 1 0 0 1 0 3000 1 12 12 14
1 8 0 1 0 0 0 3000 2 15 15 12
1 9 1 0 0 1 0 3000 1 12 12 15
1 10 1 0 0 1 0 3000 1 15 15 12
1 11 1 0 0 1 0 3000 1 12 12 15
1 12 1 0 0 1 0 3000 1 15 15 12
1 13 0 1 0 0 0 3000 3 1 1 15
1 14 0 1 0 0 0 3000 3 13 13 1
1 15 0 1 0 0 0 3000 2 12 12 13
1 16 0 1 0 0 0 3000 3 8 8 12
1 17 1 0 0 1 0 3000 1 12 12 8
1 18 0 1 0 0 0 3000 3 12 12 12
1 19 1 0 0 1 0 3000 1 12 12 12
1 20 0 1 0 0 0 3000 2 2 2 12
2 1 0 1 0 0 0 3000 3 4 4 2
2 2 0 0 0 0 1 1809 2 11 11 4
2 3 1 0 0 1 0 3000 1 4 4 11
2 4 0 0 0 0 1 787 3 2 2 4
2 5 1 0 0 1 0 3000 1 4 4 2
2 6 0 1 0 0 0 3000 2 1 1 4
2 7 0 1 0 0 0 3000 2 8 8 1
2 8 0 0 0 0 1 1483 3 13 13 8
2 9 0 1 0 0 0 3000 3 3 3 13
2 10 0 1 0 0 0 3000 2 9 9 3
2 11 0 1 0 0 0 3000 2 15 15 9
2 12 1 1 1 0 0 1050 1 9 9 15
2 13 0 1 0 0 0 3000 3 10 10 9
2 14 1 1 1 0 0 1127 1 9 9 10
2 15 0 1 0 0 0 3000 2 15 15 9
2 16 1 1 1 0 0 651 1 9 9 15
2 17 0 1 0 0 0 3000 3 2 2 9
2 18 0 1 0 0 0 3000 2 12 12 2
2 19 0 1 0 0 0 3000 3 8 8 12
2 20 0 1 0 0 0 3000 2 14 14 8
2 21 1 1 1 0 0 992 1 8 8 14
2 22 0 1 0 0 0 3000 2 12 12 8
2 23 1 1 1 0 0 1085 1 8 8 12
2 24 0 1 0 0 0 3000 2 2 2 8
2 25 1 1 1 0 0 643 1 8 8 2
2 26 0 1 0 0 0 3000 3 5 5 8
2 27 0 1 0 0 0 3000 3 13 13 5
2 28 1 1 1 0 0 1024 1 5 5 13
2 29 0 1 0 0 0 3000 2 14 14 5
2 30 0 0 0 0 1 1662 2 3 3 14
3 1 0 1 0 0 0 3000 2 8 8 3
3 2 0 1 0 0 0 3000 3 15 15 8
3 3 1 1 1 0 0 576 1 8 8 15
3 4 0 1 0 0 0 3000 2 11 11 8
3 5 0 1 0 0 0 3000 2 6 6 11
3 6 1 1 1 0 0 495 1 11 11 6
3 7 0 1 0 0 0 3000 2 10 10 11
3 8 0 1 0 0 0 3000 2 9 9 10
3 9 0 1 0 0 0 3000 2 7 7 9
3 10 0 1 0 0 0 3000 2 3 3 7
3 11 0 1 0 0 0 3000 2 13 13 3
3 12 0 1 0 0 0 3000 3 2 2 13
3 13 0 0 0 0 1 896 3 2 2 2
3 14 0 1 0 0 0 3000 2 6 6 2
3 15 0 1 0 0 0 3000 2 15 15 6
3 16 1 1 1 0 0 682 1 6 6 15
3 17 0 1 0 0 0 3000 2 5 5 6
3 18 1 1 1 0 0 483 1 6 6 5
3 19 0 1 0 0 0 3000 2 10 10 6
3 20 0 1 0 0 0 3000 3 2 2 10
3 21 0 0 0 0 1 754 3 6 6 2
3 22 0 0 0 0 1 776 3 10 10 6
3 23 1 1 1 0 0 1034 1 6 6 10
3 24 0 1 0 0 0 3000 2 8 8 6
3 25 0 1 0 0 0 3000 2 13 13 8
3 26 0 1 0 0 0 3000 3 3 3 13
3 27 1 1 1 0 0 1312 1 13 13 3
3 28 1 1 1 0 0 1083 1 3 3 13
3 29 1 1 1 0 0 1427 1 13 13 3
3 30 0 1 0 0 0 3000 3 8 8 13
