1 1 0 1 0 0 0 3000 3 11 11 0
1 2 0 1 0 0 0 3000 3 11 11 11
1 3 0 1 0 0 0 3000 3 9 9 11
1 4 0 1 0 0 0 3000 3 9 9 9
1 5 1 0 0 1 0 3000 1 9 9 9
1 6 0 1 0 0 0 3000 3 12 12 9
1 7 1 0 0 1 0 3000 1 9 9 12
1 8 0 1 0 0 0 3000 3 13 13 9
1 9 1 0 0 1 0 3000 1 9 9 13
1 10 0 1 0 0 0 3000 3 12 12 9
1 11 0 1 0 0 0 3000 3 11 11 12
1 12 0 0 0 0 1 524 2 10 10 11
1 13 1 0 0 1 0 3000 1 11 11 10
1 14 1 0 0 1 0 3000 1 10 10 11
1 15 0 1 0 0 0 3000 2 2 2 10
1 16 1 1 1 0 0 519 1 10 10 2
1 17 0 1 0 0 0 3000 3 8 8 10
1 18 0 1 0 0 0 3000 2 1 1 8
1 19 0 1 0 0 0 3000 2 15 15 1
1 20 0 1 0 0 0 3000 2 12 12 15
2 1 0 1 0 0 0 3000 2 6 6 12
2 2 0 1 0 0 0 3000 1 14 14 6
2 3 0 1 0 0 0 3000 3 10 10 14
2 4 0 1 0 0 0 3000 2 10 10 10
2 5 0 1 0 0 0 3000 2 5 5 10
2 6 1 0 0 1 0 3000 1 10 10 5
2 7 0 1 0 0 0 3000 3 1 1 10
2 8 0 1 0 0 0 3000 2 2 2 1
2 9 1 0 0 1 0 3000 1 1 1 2
2 10 0 1 0 0 0 3000 3 8 8 1
2 11 1 0 0 1 0 3000 1 1 1 8
2 12 0 0 0 0 1 670 2 1 1 1
2 13 0 0 0 0 1 613 3 6 6 1
2 14 0 1 0 0 0 3000 2 11 11 6
2 15 0 1 0 0 0 3000 3 9 9 11
2 16 0 1 0 0 0 3000 2 14 14 9
2 17 0 1 0 0 0 3000 3 11 11 14
2 18 0 1 0 0 0 3000 2 1 1 11
2 19 1 0 0 1 0 3000 1 11 11 1
2 20 0 0 0 0 1 515 3 8 8 11
2 21 0 0 0 0 1 352 2 6 6 8
2 22 1 0 0 1 0 3000 1 8 8 6
2 23 0 1 0 0 0 3000 2 9 9 8
2 24 0 1 0 0 0 3000 2 12 12 9
2 25 0 1 0 0 0 3000 2 3 3 12
2 26 1 0 0 1 0 3000 1 12 12 3
2 27 0 0 0 0 1 635 3 4 4 12
2 28 1 1 1 0 0 537 1 12 12 4
2 29 1 0 0 1 0 3000 1 4 4 12
2 30 0 0 0 0 1 1565 3 3 3 4
3 1 0 1 0 0 0 3000 2 6 6 3
3 2 0 1 0 0 0 3000 3 4 4 6
3 3 0 1 0 0 0 3000 2 5 5 4
3 4 0 1 0 0 0 3000 3 13 13 5
3 5 0 1 0 0 0 3000 3 11 11 13
3 6 0 1 0 0 0 3000 3 5 5 11
3 7 0 1 0 0 0 3000 3 14 14 5
3 8 0 0 0 0 1 546 3 8 8 14
3 9 1 1 1 0 0 678 1 14 14 8
3 10 0 1 0 0 0 3000 2 14 14 14
3 11 0 0 0 0 1 670 3 8 8 14
3 12 0 0 0 0 1 596 2 12 12 8
3 13 0 0 0 0 1 1333 2 10 10 12
3 14 1 1 1 0 0 579 1 12 12 10
3 15 0 0 0 0 1 878 2 15 15 12
3 16 0 0 0 0 1 500 2 10 10 15
3 17 0 0 0 0 1 749 3 2 2 10
3 18 0 0 0 0 1 473 2 5 5 2
3 19 1 1 1 0 0 665 1 2 2 5
3 20 0 1 0 0 0 3000 2 4 4 2
3 21 0 0 0 0 1 463 2 1 1 4
3 22 0 0 0 0 1 443 2 1 1 1
3 23 1 1 1 0 0 490 1 1 1 1
3 24 0 0 0 0 1 547 2 12 12 1
3 25 1 0 0 1 0 3000 1 1 1 12
3 26 1 1 1 0 0 483 1 12 12 1
3 27 0 0 0 0 1 542 3 15 15 12
3 28 1 1 1 0 0 235 1 12 12 15
3 29 1 0 0 1 0 3000 1 15 15 12
3 30 1 1 1 0 0 551 1 12 12 15
