1 1 0 1 0 0 0 3000 2 11 11 0
1 2 0 1 0 0 0 3000 1 9 9 11
1 3 1 1 1 0 0 504 1 11 11 9
1 4 0 1 0 0 0 3000 3 13 13 11
1 5 0 1 0 0 0 3000 3 4 4 13
1 6 0 1 0 0 0 3000 2 11 11 4
1 7 1 1 1 0 0 471 1 4 4 11
1 8 0 1 0 0 0 3000 2 10 10 4
1 9 0 1 0 0 0 3000 2 14 14 10
1 10 1 1 1 0 0 711 1 10 10 14
1 11 1 1 1 0 0 743 1 14 14 10
1 12 0 1 0 0 0 3000 3 6 6 14
1 13 0 1 0 0 0 3000 2 12 12 6
1 14 1 1 1 0 0 637 1 6 6 12
1 15 1 1 1 0 0 565 1 12 12 6
1 16 1 1 1 0 0 561 1 6 6 12
1 17 0 1 0 0 0 3000 2 9 9 6
1 18 0 1 0 0 0 3000 3 15 15 9
1 19 1 1 1 0 0 495 1 9 9 15
1 20 0 1 0 0 0 3000 2 3 3 9
2 1 0 1 0 0 0 3000 3 14 14 3
2 2 0 1 0 0 0 3000 1 9 9 14
2 3 0 1 0 0 0 3000 3 4 4 9
2 4 0 1 0 0 0 3000 2 1 1 4
2 5 0 1 0 0 0 3000 2 10 10 1
2 6 0 1 0 0 0 3000 3 2 2 10
2 7 1 1 1 0 0 880 1 10 10 2
2 8 1 1 1 0 0 463 1 2 2 10
2 9 1 1 1 0 0 488 1 10 10 2
2 10 0 1 0 0 0 3000 3 9 9 10
2 11 0 1 0 0 0 3000 2 14 14 9
2 12 0 1 0 0 0 3000 2 10 10 14
2 13 0 1 0 0 0 3000 3 13 13 10
2 14 1 1 1 0 0 617 1 10 10 13
2 15 1 1 1 0 0 444 1 13 13 10
2 16 0 1 0 0 0 3000 3 14 14 13
2 17 1 0 0 1 0 3000 1 13 13 14
2 18 0 1 0 0 0 3000 2 15 15 13
2 19 1 0 0 1 0 3000 1 13 13 15
2 20 0 1 0 0 0 3000 3 8 8 13
2 21 0 1 0 0 0 3000 3 1 1 8
2 22 0 1 0 0 0 3000 3 2 2 1
2 23 0 1 0 0 0 3000 2 10 10 2
2 24 0 1 0 0 0 3000 3 9 9 10
2 25 0 1 0 0 0 3000 3 11 11 9
2 26 1 1 1 0 0 656 1 9 9 11
2 27 0 0 0 0 1 540 2 9 9 9
2 28 0 1 0 0 0 3000 3 5 5 9
2 29 0 1 0 0 0 3000 2 10 10 5
2 30 0 1 0 0 0 3000 3 6 6 10
3 1 0 1 0 0 0 3000 3 13 13 6
3 2 0 1 0 0 0 3000 3 4 4 13
3 3 1 1 1 0 0 975 1 13 13 4
3 4 1 1 1 0 0 506 1 4 4 13
3 5 0 1 0 0 0 3000 2 7 7 4
3 6 0 1 0 0 0 3000 3 14 14 7
3 7 1 1 1 0 0 563 1 7 7 14
3 8 0 1 0 0 0 3000 2 10 10 7
3 9 0 0 0 0 1 540 2 14 14 10
3 10 0 1 0 0 0 3000 3 6 6 14
3 11 0 1 0 0 0 3000 2 4 4 6
3 12 0 1 0 0 0 3000 3 4 4 4
3 13 0 1 0 0 0 3000 2 11 11 4
3 14 1 1 1 0 0 400 1 4 4 11
3 15 0 1 0 0 0 3000 3 6 6 4
3 16 1 1 1 0 0 373 1 4 4 6
3 17 0 1 0 0 0 3000 2 2 2 4
3 18 1 1 1 0 0 470 1 4 4 2
3 19 1 1 1 0 0 495 1 2 2 4
3 20 0 1 0 0 0 3000 3 13 13 2
3 21 0 1 0 0 0 3000 3 7 7 13
3 22 1 1 1 0 0 735 1 13 13 7
3 23 0 1 0 0 0 3000 2 4 4 13
3 24 1 1 1 0 0 475 1 13 13 4
3 25 0 1 0 0 0 3000 2 9 9 13
3 26 1 1 1 0 0 602 1 13 13 9
3 27 1 1 1 0 0 587 1 9 9 13
3 28 0 1 0 0 0 3000 2 15 15 9
3 29 0 1 0 0 0 3000 2 6 6 15
3 30 0 1 0 0 0 3000 3 9 9 6
