1 1 0 1 0 0 0 3000 2 3 3 0
1 2 0 1 0 0 0 3000 1 8 8 3
1 3 0 1 0 0 0 3000 2 12 12 8
1 4 0 1 0 0 0 3000 3 2 2 12
1 5 0 1 0 0 0 3000 3 7 7 2
1 6 0 1 0 0 0 3000 2 9 9 7
1 7 0 1 0 0 0 3000 2 10 10 9
1 8 0 1 0 0 0 3000 3 3 3 10
1 9 0 1 0 0 0 3000 3 5 5 3
1 10 0 0 0 0 1 575 2 5 5 5
1 11 0 1 0 0 0 3000 2 6 6 5
1 12 1 1 1 0 0 637 1 5 5 6
1 13 0 0 0 0 1 770 2 10 10 5
1 14 0 1 0 0 0 3000 2 15 15 10
1 15 1 1 1 0 0 721 1 10 10 15
1 16 0 1 0 0 0 3000 2 3 3 10
1 17 1 1 1 0 0 575 1 10 10 3
1 18 0 1 0 0 0 3000 3 9 9 10
1 19 1 1 1 0 0 701 1 10 10 9
1 20 0 1 0 0 0 3000 3 8 8 10
2 1 0 1 0 0 0 3000 1 15 15 8
2 2 0 1 0 0 0 3000 3 7 7 15
2 3 1 1 1 0 0 514 1 15 15 7
2 4 1 1 1 0 0 708 1 7 7 15
2 5 0 1 0 0 0 3000 2 7 7 7
2 6 0 1 0 0 0 3000 3 5 5 7
2 7 0 1 0 0 0 3000 2 1 1 5
2 8 0 1 0 0 0 3000 3 3 3 1
2 9 0 1 0 0 0 3000 2 7 7 3
2 10 0 1 0 0 0 3000 3 13 13 7
2 11 0 1 0 0 0 3000 3 5 5 13
2 12 0 1 0 0 0 3000 2 4 4 5
2 13 1 1 1 0 0 1208 1 5 5 4
2 14 0 1 0 0 0 3000 2 9 9 5
2 15 0 1 0 0 0 3000 2 7 7 9
2 16 0 1 0 0 0 3000 2 5 5 7
2 17 1 1 1 0 0 670 1 7 7 5
2 18 1 1 1 0 0 834 1 5 5 7
2 19 0 1 0 0 0 3000 2 14 14 5
2 20 0 1 0 0 0 3000 3 4 4 14
2 21 0 1 0 0 0 3000 3 2 2 4
2 22 0 1 0 0 0 3000 2 15 15 2
2 23 1 1 1 0 0 521 1 2 2 15
2 24 1 1 1 0 0 841 1 15 15 2
2 25 0 1 0 0 0 3000 3 13 13 15
2 26 1 1 1 0 0 451 1 15 15 13
2 27 0 1 0 0 0 3000 3 9 9 15
2 28 1 1 1 0 0 636 1 15 15 9
2 29 0 1 0 0 0 3000 2 7 7 15
2 30 0 1 0 0 0 3000 3 9 9 7
3 1 0 1 0 0 0 3000 1 15 15 9
3 2 0 1 0 0 0 3000 3 14 14 15
3 3 1 1 1 0 0 761 1 15 15 14
3 4 0 1 0 0 0 3000 2 7 7 15
3 5 1 0 0 1 0 3000 1 15 15 7
3 6 0 1 0 0 0 3000 2 1 1 15
3 7 1 1 1 0 0 550 1 15 15 1
3 8 0 1 0 0 0 3000 2 5 5 15
3 9 0 1 0 0 0 3000 3 9 9 5
3 10 1 1 1 0 0 771 1 5 5 9
3 11 1 0 0 1 0 3000 1 9 9 5
3 12 0 1 0 0 0 3000 3 15 15 9
3 13 1 1 1 0 0 452 1 9 9 15
3 14 1 1 1 0 0 726 1 15 15 9
3 15 1 1 1 0 0 1083 1 9 9 15
3 16 1 1 1 0 0 624 1 15 15 9
3 17 0 1 0 0 0 3000 2 15 15 15
3 18 1 1 1 0 0 492 1 15 15 15
3 19 1 1 1 0 0 720 1 15 15 15
3 20 0 1 0 0 0 3000 2 8 8 15
3 21 0 1 0 0 0 3000 2 11 11 8
3 22 0 1 0 0 0 3000 2 5 5 11
3 23 0 1 0 0 0 3000 3 7 7 5
3 24 0 1 0 0 0 3000 3 12 12 7
3 25 1 1 1 0 0 1046 1 7 7 12
3 26 0 0 0 0 1 772 3 5 5 7
3 27 1 1 1 0 0 601 1 7 7 5
3 28 0 1 0 0 0 3000 2 15 15 7
3 29 1 1 1 0 0 639 1 7 7 15
3 30 0 1 0 0 0 3000 3 9 9 7
