1 1 0 1 0 0 0 3000 2 12 12 0
1 2 0 1 0 0 0 3000 2 13 13 12
1 3 1 1 1 0 0 1020 1 12 12 13
1 4 1 0 0 1 0 3000 1 13 13 12
1 5 1 0 0 1 0 3000 1 12 12 13
1 6 1 1 1 0 0 755 1 13 13 12
1 7 0 1 0 0 0 3000 2 7 7 13
1 8 1 1 1 0 0 928 1 13 13 7
1 9 1 1 1 0 0 490 1 7 7 13
1 10 1 1 1 0 0 431 1 13 13 7
1 11 1 1 1 0 0 372 1 7 7 13
1 12 0 1 0 0 0 3000 2 4 4 7
1 13 0 1 0 0 0 3000 2 3 3 4
1 14 0 1 0 0 0 3000 2 14 14 3
1 15 1 1 1 0 0 389 1 3 3 14
1 16 1 1 1 0 0 455 1 14 14 3
1 17 1 1 1 0 0 333 1 3 3 14
1 18 0 1 0 0 0 3000 2 12 12 3
1 19 1 1 1 0 0 399 1 3 3 12
1 20 0 1 0 0 0 3000 2 10 10 3
2 1 0 1 0 0 0 3000 3 1 1 10
2 2 0 1 0 0 0 3000 3 2 2 1
2 3 0 1 0 0 0 3000 2 8 8 2
2 4 0 1 0 0 0 3000 2 11 11 8
2 5 0 1 0 0 0 3000 3 12 12 11
2 6 1 1 1 0 0 434 1 11 11 12
2 7 1 0 0 1 0 3000 1 12 12 11
2 8 0 1 0 0 0 3000 3 8 8 12
2 9 1 1 1 0 0 388 1 12 12 8
2 10 1 1 1 0 0 310 1 8 8 12
2 11 1 1 1 0 0 321 1 12 12 8
2 12 1 1 1 0 0 333 1 8 8 12
2 13 0 1 0 0 0 3000 3 1 1 8
2 14 1 1 1 0 0 409 1 8 8 1
2 15 1 1 1 0 0 401 1 1 1 8
2 16 1 1 1 0 0 395 1 8 8 1
2 17 1 1 1 0 0 361 1 1 1 8
2 18 0 1 0 0 0 3000 3 2 2 1
2 19 0 1 0 0 0 3000 3 2 2 2
2 20 0 1 0 0 0 3000 2 3 3 2
2 21 1 1 1 0 0 338 1 2 2 3
2 22 1 1 1 0 0 407 1 3 3 2
2 23 0 1 0 0 0 3000 3 8 8 3
2 24 1 1 1 0 0 345 1 3 3 8
2 25 0 1 0 0 0 3000 3 5 5 3
2 26 0 1 0 0 0 3000 3 7 7 5
2 27 0 1 0 0 0 3000 3 13 13 7
2 28 0 1 0 0 0 3000 3 8 8 13
2 29 0 1 0 0 0 3000 3 9 9 8
2 30 0 1 0 0 0 3000 2 13 13 9
3 1 0 1 0 0 0 3000 2 15 15 13
3 2 0 1 0 0 0 3000 3 6 6 15
3 3 0 1 0 0 0 3000 3 4 4 6
3 4 0 1 0 0 0 3000 2 7 7 4
3 5 1 1 1 0 0 355 1 4 4 7
3 6 0 1 0 0 0 3000 2 3 3 4
3 7 1 1 1 0 0 489 1 4 4 3
3 8 0 1 0 0 0 3000 2 11 11 4
3 9 0 1 0 0 0 3000 2 8 8 11
3 10 0 1 0 0 0 3000 2 10 10 8
3 11 0 1 0 0 0 3000 3 9 9 10
3 12 0 1 0 0 0 3000 3 4 4 9
3 13 0 1 0 0 0 3000 3 10 10 4
3 14 0 1 0 0 0 3000 3 12 12 10
3 15 0 1 0 0 0 3000 3 8 8 12
3 16 0 1 0 0 0 3000 2 4 4 8
3 17 0 1 0 0 0 3000 3 9 9 4
3 18 0 1 0 0 0 3000 3 11 11 9
3 19 0 1 0 0 0 3000 2 4 4 11
3 20 0 1 0 0 0 3000 3 14 14 4
3 21 0 1 0 0 0 3000 2 8 8 14
3 22 0 1 0 0 0 3000 3 11 11 8
3 23 1 1 1 0 0 414 1 8 8 11
3 24 1 1 1 0 0 523 1 11 11 8
3 25 0 1 0 0 0 3000 2 4 4 11
3 26 0 1 0 0 0 3000 3 1 1 4
3 27 0 1 0 0 0 3000 2 9 9 1
3 28 1 1 1 0 0 395 1 1 1 9
3 29 0 1 0 0 0 3000 3 7 7 1
3 30 1 1 1 0 0 316 1 1 1 7
