1 1 0 1 0 0 0 3000 2 8 8 0
1 2 0 1 0 0 0 3000 3 15 15 8
1 3 1 1 1 0 0 165 1 8 8 15
1 4 0 0 0 0 1 552 2 13 13 8
1 5 0 1 0 0 0 3000 2 11 11 13
1 6 0 0 0 0 1 585 3 11 11 11
1 7 0 0 0 0 1 739 2 8 8 11
1 8 0 0 0 0 1 496 2 8 8 8
1 9 0 1 0 0 0 3000 2 2 2 8
1 10 0 1 0 0 0 3000 3 9 9 2
1 11 1 1 1 0 0 683 1 2 2 9
1 12 0 1 0 0 0 3000 2 3 3 2
1 13 1 1 1 0 0 538 1 2 2 3
1 14 0 1 0 0 0 3000 2 13 13 2
1 15 0 1 0 0 0 3000 2 4 4 13
1 16 0 1 0 0 0 3000 3 3 3 4
1 17 1 0 0 1 0 3000 1 4 4 3
1 18 0 0 0 0 1 375 3 13 13 4
1 19 0 1 0 0 0 3000 2 10 10 13
1 20 0 1 0 0 0 3000 2 15 15 10
2 1 0 1 0 0 0 3000 1 11 11 15
2 2 0 1 0 0 0 3000 1 8 8 11
2 3 0 1 0 0 0 3000 2 9 9 8
2 4 0 1 0 0 0 3000 2 1 1 9
2 5 0 1 0 0 0 3000 2 12 12 1
2 6 1 1 1 0 0 499 1 1 1 12
2 7 0 1 0 0 0 3000 2 14 14 1
2 8 0 1 0 0 0 3000 3 14 14 14
2 9 0 1 0 0 0 3000 2 11 11 14
2 10 0 1 0 0 0 3000 2 6 6 11
2 11 0 1 0 0 0 3000 3 14 14 6
2 12 1 1 1 0 0 402 1 6 6 14
2 13 0 1 0 0 0 3000 2 15 15 6
2 14 1 0 0 1 0 3000 1 6 6 15
2 15 0 1 0 0 0 3000 3 2 2 6
2 16 0 0 0 0 1 692 2 14 14 2
2 17 0 0 0 0 1 657 3 14 14 14
2 18 0 1 0 0 0 3000 3 10 10 14
2 19 0 1 0 0 0 3000 3 15 15 10
2 20 1 1 1 0 0 407 1 10 10 15
2 21 1 0 0 1 0 3000 1 15 15 10
2 22 1 1 1 0 0 1305 1 10 10 15
2 23 0 1 0 0 0 3000 2 3 3 10
2 24 0 1 0 0 0 3000 2 11 11 3
2 25 1 0 0 1 0 3000 1 3 3 11
2 26 0 1 0 0 0 3000 2 9 9 3
2 27 0 1 0 0 0 3000 2 10 10 9
2 28 0 1 0 0 0 3000 3 10 10 10
2 29 0 1 0 0 0 3000 3 12 12 10
2 30 1 0 0 1 0 3000 1 10 10 12
3 1 0 1 0 0 0 3000 2 10 10 10
3 2 0 1 0 0 0 3000 3 15 15 10
3 3 0 1 0 0 0 3000 3 7 7 15
3 4 0 1 0 0 0 3000 3 1 1 7
3 5 0 1 0 0 0 3000 2 4 4 1
3 6 1 1 1 0 0 1034 1 1 1 4
3 7 0 1 0 0 0 3000 2 13 13 1
3 8 0 1 0 0 0 3000 3 4 4 13
3 9 0 0 0 0 1 887 3 2 2 4
3 10 1 1 1 0 0 1147 1 4 4 2
3 11 1 0 0 1 0 3000 1 2 2 4
3 12 1 1 1 0 0 1427 1 4 4 2
3 13 0 1 0 0 0 3000 3 3 3 4
3 14 0 1 0 0 0 3000 3 6 6 3
3 15 0 1 0 0 0 3000 3 11 11 6
3 16 0 1 0 0 0 3000 3 14 14 11
3 17 0 1 0 0 0 3000 3 15 15 14
3 18 0 0 0 0 1 1153 2 7 7 15
3 19 1 1 1 0 0 692 1 15 15 7
3 20 0 1 0 0 0 3000 2 6 6 15
3 21 0 1 0 0 0 3000 3 12 12 6
3 22 0 0 0 0 1 865 3 2 2 12
3 23 0 1 0 0 0 3000 3 5 5 2
3 24 0 1 0 0 0 3000 2 12 12 5
3 25 0 1 0 0 0 3000 3 10 10 12
3 26 1 0 0 1 0 3000 1 12 12 10
3 27 0 1 0 0 0 3000 2 8 8 12
3 28 1 0 0 1 0 3000 1 12 12 8
3 29 0 1 0 0 0 3000 3 15 15 12
3 30 0 1 0 0 0 3000 2 4 4 15
