1 1 0 1 0 0 0 3000 3 5 5 0
1 2 0 1 0 0 0 3000 3 6 6 5
1 3 0 1 0 0 0 3000 3 1 1 6
1 4 0 1 0 0 0 3000 2 8 8 1
1 5 1 1 1 0 0 706 1 1 1 8
1 6 0 1 0 0 0 3000 3 7 7 1
1 7 0 1 0 0 0 3000 3 15 15 7
1 8 1 1 1 0 0 733 1 7 7 15
1 9 0 1 0 0 0 3000 3 7 7 7
1 10 1 1 1 0 0 755 1 7 7 7
1 11 1 1 1 0 0 983 1 7 7 7
1 12 0 1 0 0 0 3000 2 12 12 7
1 13 0 1 0 0 0 3000 3 12 12 12
1 14 1 1 1 0 0 501 1 12 12 12
1 15 0 1 0 0 0 3000 3 3 3 12
1 16 1 1 1 0 0 710 1 12 12 3
1 17 0 1 0 0 0 3000 2 1 1 12
1 18 0 1 0 0 0 3000 3 14 14 1
1 19 1 1 1 0 0 446 1 1 1 14
1 20 0 1 0 0 0 3000 3 11 11 1
2 1 0 1 0 0 0 3000 1 5 5 11
2 2 0 1 0 0 0 3000 1 10 10 5
2 3 0 1 0 0 0 3000 3 12 12 10
2 4 0 1 0 0 0 3000 3 6 6 12
2 5 0 1 0 0 0 3000 2 13 13 6
2 6 1 1 1 0 0 640 1 6 6 13
2 7 0 1 0 0 0 3000 3 12 12 6
2 8 0 1 0 0 0 3000 2 8 8 12
2 9 0 1 0 0 0 3000 3 4 4 8
2 10 0 1 0 0 0 3000 3 15 15 4
2 11 1 1 1 0 0 549 1 4 4 15
2 12 0 1 0 0 0 3000 2 4 4 4
2 13 1 1 1 0 0 1173 1 4 4 4
2 14 0 1 0 0 0 3000 2 14 14 4
2 15 1 1 1 0 0 530 1 4 4 14
2 16 0 1 0 0 0 3000 2 15 15 4
2 17 0 1 0 0 0 3000 2 5 5 15
2 18 1 1 1 0 0 419 1 15 15 5
2 19 0 1 0 0 0 3000 2 7 7 15
2 20 0 1 0 0 0 3000 3 2 2 7
2 21 0 1 0 0 0 3000 2 12 12 2
2 22 0 1 0 0 0 3000 2 13 13 12
2 23 0 1 0 0 0 3000 2 1 1 13
2 24 1 1 1 0 0 587 1 13 13 1
2 25 1 1 1 0 0 770 1 1 1 13
2 26 1 1 1 0 0 531 1 13 13 1
2 27 0 1 0 0 0 3000 2 6 6 13
2 28 0 1 0 0 0 3000 2 1 1 6
2 29 1 1 1 0 0 500 1 6 6 1
2 30 0 1 0 0 0 3000 2 8 8 6
3 1 0 1 0 0 0 3000 1 8 8 8
3 2 0 1 0 0 0 3000 3 14 14 8
3 3 1 1 1 0 0 409 1 8 8 14
3 4 0 1 0 0 0 3000 3 13 13 8
3 5 1 1 1 0 0 505 1 8 8 13
3 6 0 1 0 0 0 3000 2 3 3 8
3 7 0 1 0 0 0 3000 2 1 1 3
3 8 1 1 1 0 0 445 1 3 3 1
3 9 0 1 0 0 0 3000 2 12 12 3
3 10 1 1 1 0 0 480 1 3 3 12
3 11 0 1 0 0 0 3000 3 14 14 3
3 12 0 1 0 0 0 3000 2 9 9 14
3 13 1 1 1 0 0 618 1 14 14 9
3 14 0 1 0 0 0 3000 3 12 12 14
3 15 1 1 1 0 0 807 1 14 14 12
3 16 1 1 1 0 0 510 1 12 12 14
3 17 0 1 0 0 0 3000 3 6 6 12
3 18 1 1 1 0 0 587 1 12 12 6
3 19 0 1 0 0 0 3000 2 2 2 12
3 20 0 1 0 0 0 3000 2 2 2 2
3 21 1 1 1 0 0 412 1 2 2 2
3 22 0 1 0 0 0 3000 2 4 4 2
3 23 1 1 1 0 0 1644 1 2 2 4
3 24 0 1 0 0 0 3000 3 11 11 2
3 25 0 1 0 0 0 3000 3 14 14 11
3 26 1 1 1 0 0 454 1 11 11 14
3 27 1 1 1 0 0 597 1 14 14 11
3 28 0 1 0 0 0 3000 3 10 10 14
3 29 0 1 0 0 0 3000 3 11 11 10
3 30 1 1 1 0 0 460 1 10 10 11
