1 1 0 1 0 0 0 3000 1 9 9 0
1 2 0 1 0 0 0 3000 3 2 2 9
1 3 1 0 0 1 0 3000 1 9 9 2
1 4 1 1 1 0 0 379 1 2 2 9
1 5 0 0 0 0 1 330 2 15 15 2
1 6 1 1 1 0 0 481 1 2 2 15
1 7 0 0 0 0 1 567 2 9 9 2
1 8 1 1 1 0 0 466 1 2 2 9
1 9 0 1 0 0 0 3000 3 11 11 2
1 10 1 1 1 0 0 606 1 2 2 11
1 11 0 1 0 0 0 3000 2 7 7 2
1 12 0 1 0 0 0 3000 2 12 12 7
1 13 1 1 1 0 0 506 1 7 7 12
1 14 1 1 1 0 0 674 1 12 12 7
1 15 0 1 0 0 0 3000 3 11 11 12
1 16 0 1 0 0 0 3000 3 14 14 11
1 17 0 0 0 0 1 638 2 7 7 14
1 18 0 1 0 0 0 3000 3 6 6 7
1 19 1 1 1 0 0 579 1 7 7 6
1 20 0 0 0 0 1 591 3 12 12 7
2 1 0 1 0 0 0 3000 1 10 10 12
2 2 0 1 0 0 0 3000 2 1 1 10
2 3 1 1 1 0 0 371 1 10 10 1
2 4 0 1 0 0 0 3000 3 7 7 10
2 5 0 1 0 0 0 3000 3 15 15 7
2 6 0 1 0 0 0 3000 2 5 5 15
2 7 1 1 1 0 0 367 1 15 15 5
2 8 1 1 1 0 0 663 1 5 5 15
2 9 1 1 1 0 0 465 1 15 15 5
2 10 0 1 0 0 0 3000 2 4 4 15
2 11 0 1 0 0 0 3000 3 11 11 4
2 12 1 1 1 0 0 316 1 4 4 11
2 13 1 1 1 0 0 652 1 11 11 4
2 14 1 1 1 0 0 486 1 4 4 11
2 15 0 1 0 0 0 3000 3 5 5 4
2 16 0 1 0 0 0 3000 2 1 1 5
2 17 0 1 0 0 0 3000 2 14 14 1
2 18 1 1 1 0 0 524 1 1 1 14
2 19 0 1 0 0 0 3000 2 7 7 1
2 20 0 0 0 0 1 622 3 5 5 7
2 21 0 1 0 0 0 3000 2 12 12 5
2 22 0 1 0 0 0 3000 3 15 15 12
2 23 0 1 0 0 0 3000 3 10 10 15
2 24 1 1 1 0 0 1102 1 15 15 10
2 25 0 1 0 0 0 3000 3 9 9 15
2 26 0 1 0 0 0 3000 2 4 4 9
2 27 0 1 0 0 0 3000 3 12 12 4
2 28 1 1 1 0 0 525 1 4 4 12
2 29 1 1 1 0 0 1268 1 12 12 4
2 30 1 1 1 0 0 616 1 4 4 12
3 1 0 1 0 0 0 3000 3 1 1 4
3 2 0 1 0 0 0 3000 3 13 13 1
3 3 1 1 1 0 0 360 1 1 1 13
3 4 0 1 0 0 0 3000 3 7 7 1
3 5 1 1 1 0 0 1312 1 1 1 7
3 6 1 1 1 0 0 722 1 7 7 1
3 7 1 1 1 0 0 633 1 1 1 7
3 8 0 1 0 0 0 3000 2 5 5 1
3 9 0 1 0 0 0 3000 2 12 12 5
3 10 0 1 0 0 0 3000 2 2 2 12
3 11 1 1 1 0 0 416 1 12 12 2
3 12 1 1 1 0 0 505 1 2 2 12
3 13 1 1 1 0 0 385 1 12 12 2
3 14 0 1 0 0 0 3000 3 1 1 12
3 15 0 1 0 0 0 3000 3 15 15 1
3 16 1 1 1 0 0 474 1 1 1 15
3 17 0 1 0 0 0 3000 2 4 4 1
3 18 0 1 0 0 0 3000 3 6 6 4
3 19 0 1 0 0 0 3000 3 10 10 6
3 20 1 1 1 0 0 397 1 6 6 10
3 21 0 1 0 0 0 3000 2 13 13 6
3 22 1 1 1 0 0 472 1 6 6 13
3 23 0 1 0 0 0 3000 2 5 5 6
3 24 1 1 1 0 0 1562 1 6 6 5
3 25 1 1 1 0 0 502 1 5 5 6
3 26 0 1 0 0 0 3000 2 11 11 5
3 27 0 1 0 0 0 3000 3 1 1 11
3 28 0 1 0 0 0 3000 3 1 1 1
3 29 0 1 0 0 0 3000 2 2 2 1
3 30 1 1 1 0 0 531 1 1 1 2
