1 1 0 1 0 0 0 3000 1 8 8 0
1 2 0 1 0 0 0 3000 3 15 15 8
1 3 0 1 0 0 0 3000 3 11 11 15
1 4 0 1 0 0 0 3000 3 9 9 11
1 5 1 1 1 0 0 896 1 11 11 9
1 6 0 1 0 0 0 3000 2 6 6 11
1 7 1 1 1 0 0 576 1 11 11 6
1 8 0 1 0 0 0 3000 3 4 4 11
1 9 0 1 0 0 0 3000 3 15 15 4
1 10 1 1 1 0 0 459 1 4 4 15
1 11 0 1 0 0 0 3000 2 6 6 4
1 12 0 1 0 0 0 3000 2 7 7 6
1 13 1 1 1 0 0 443 1 6 6 7
1 14 0 1 0 0 0 3000 2 14 14 6
1 15 1 0 0 1 0 3000 1 6 6 14
1 16 0 1 0 0 0 3000 3 3 3 6
1 17 0 1 0 0 0 3000 2 9 9 3
1 18 0 1 0 0 0 3000 3 13 13 9
1 19 1 1 1 0 0 379 1 9 9 13
1 20 0 1 0 0 0 3000 2 2 2 9
2 1 0 1 0 0 0 3000 3 11 11 2
2 2 0 1 0 0 0 3000 2 11 11 11
2 3 0 1 0 0 0 3000 3 2 2 11
2 4 1 1 1 0 0 369 1 11 11 2
2 5 1 1 1 0 0 763 1 2 2 11
2 6 1 1 1 0 0 1381 1 11 11 2
2 7 0 1 0 0 0 3000 2 11 11 11
2 8 0 1 0 0 0 3000 3 1 1 11
2 9 1 1 1 0 0 459 1 11 11 1
2 10 0 1 0 0 0 3000 2 9 9 11
2 11 1 1 1 0 0 436 1 11 11 9
2 12 1 1 1 0 0 929 1 9 9 11
2 13 1 1 1 0 0 836 1 11 11 9
2 14 1 1 1 0 0 666 1 9 9 11
2 15 0 1 0 0 0 3000 2 13 13 9
2 16 1 1 1 0 0 318 1 9 9 13
2 17 1 1 1 0 0 425 1 13 13 9
2 18 1 1 1 0 0 395 1 9 9 13
2 19 0 1 0 0 0 3000 2 6 6 9
2 20 1 1 1 0 0 355 1 9 9 6
2 21 0 1 0 0 0 3000 3 2 2 9
2 22 0 1 0 0 0 3000 2 15 15 2
2 23 0 1 0 0 0 3000 2 13 13 15
2 24 1 1 1 0 0 467 1 15 15 13
2 25 0 1 0 0 0 3000 3 9 9 15
2 26 0 1 0 0 0 3000 3 5 5 9
2 27 0 1 0 0 0 3000 2 8 8 5
2 28 0 1 0 0 0 3000 2 15 15 8
2 29 1 1 1 0 0 334 1 8 8 15
2 30 0 1 0 0 0 3000 3 11 11 8
3 1 0 1 0 0 0 3000 2 12 12 11
3 2 0 1 0 0 0 3000 3 5 5 12
3 3 1 1 1 0 0 551 1 12 12 5
3 4 0 1 0 0 0 3000 3 15 15 12
3 5 0 1 0 0 0 3000 3 2 2 15
3 6 1 1 1 0 0 327 1 15 15 2
3 7 1 1 1 0 0 490 1 2 2 15
3 8 1 1 1 0 0 470 1 15 15 2
3 9 1 1 1 0 0 360 1 2 2 15
3 10 0 1 0 0 0 3000 2 14 14 2
3 11 1 1 1 0 0 317 1 2 2 14
3 12 1 1 1 0 0 339 1 14 14 2
3 13 0 1 0 0 0 3000 3 8 8 14
3 14 0 1 0 0 0 3000 2 4 4 8
3 15 0 1 0 0 0 3000 3 7 7 4
3 16 0 1 0 0 0 3000 2 14 14 7
3 17 1 1 1 0 0 365 1 7 7 14
3 18 0 1 0 0 0 3000 2 11 11 7
3 19 1 1 1 0 0 340 1 7 7 11
3 20 0 1 0 0 0 3000 3 15 15 7
3 21 0 1 0 0 0 3000 3 13 13 15
3 22 0 1 0 0 0 3000 3 14 14 13
3 23 0 1 0 0 0 3000 2 5 5 14
3 24 0 1 0 0 0 3000 2 11 11 5
3 25 1 1 1 0 0 387 1 5 5 11
3 26 1 1 1 0 0 489 1 11 11 5
3 27 0 1 0 0 0 3000 2 9 9 11
3 28 0 1 0 0 0 3000 2 1 1 9
3 29 0 1 0 0 0 3000 3 1 1 1
3 30 0 1 0 0 0 3000 3 14 14 1
