1 1 0 1 0 0 0 3000 2 2 2 0
1 2 0 1 0 0 0 3000 2 13 13 2
1 3 1 0 0 1 0 3000 1 2 2 13
1 4 0 1 0 0 0 3000 2 15 15 2
1 5 1 0 0 1 0 3000 1 2 2 15
1 6 0 1 0 0 0 3000 3 8 8 2
1 7 0 1 0 0 0 3000 2 1 1 8
1 8 0 1 0 0 0 3000 2 11 11 1
1 9 0 1 0 0 0 3000 3 3 3 11
1 10 0 1 0 0 0 3000 2 4 4 3
1 11 0 1 0 0 0 3000 2 1 1 4
1 12 0 1 0 0 0 3000 3 1 1 1
1 13 0 1 0 0 0 3000 3 9 9 1
1 14 0 1 0 0 0 3000 2 4 4 9
1 15 1 1 1 0 0 147 1 9 9 4
1 16 1 1 1 0 0 1320 1 4 4 9
1 17 0 0 0 0 1 1743 3 2 2 4
1 18 1 1 1 0 0 1496 1 4 4 2
1 19 0 0 0 0 1 1009 3 4 4 4
1 20 1 1 1 0 0 1477 1 4 4 4
2 1 0 1 0 0 0 3000 2 15 15 4
2 2 0 1 0 0 0 3000 2 5 5 15
2 3 1 1 1 0 0 1819 1 15 15 5
2 4 0 1 0 0 0 3000 2 12 12 15
2 5 0 1 0 0 0 3000 2 10 10 12
2 6 0 1 0 0 0 3000 2 6 6 10
2 7 0 1 0 0 0 3000 3 8 8 6
2 8 1 1 1 0 0 1527 1 6 6 8
2 9 0 1 0 0 0 3000 3 7 7 6
2 10 0 1 0 0 0 3000 3 14 14 7
2 11 1 1 1 0 0 1254 1 7 7 14
2 12 1 1 1 0 0 1892 1 14 14 7
2 13 0 1 0 0 0 3000 2 9 9 14
2 14 1 1 1 0 0 773 1 14 14 9
2 15 0 1 0 0 0 3000 2 11 11 14
2 16 0 1 0 0 0 3000 3 1 1 11
2 17 0 1 0 0 0 3000 2 2 2 1
2 18 1 1 1 0 0 1089 1 1 1 2
2 19 1 1 1 0 0 1095 1 2 2 1
2 20 0 1 0 0 0 3000 2 8 8 2
2 21 0 0 0 0 1 882 3 14 14 8
2 22 0 0 0 0 1 1767 2 10 10 14
2 23 0 0 0 0 1 1198 3 7 7 10
2 24 0 0 0 0 1 1046 3 14 14 7
2 25 1 1 1 0 0 809 1 7 7 14
2 26 1 1 1 0 0 806 1 14 14 7
2 27 0 1 0 0 0 3000 3 5 5 14
2 28 1 1 1 0 0 1126 1 14 14 5
2 29 0 1 0 0 0 3000 2 11 11 14
2 30 0 0 0 0 1 744 2 2 2 11
3 1 0 1 0 0 0 3000 1 15 15 2
3 2 0 1 0 0 0 3000 3 14 14 15
3 3 0 1 0 0 0 3000 3 3 3 14
3 4 0 1 0 0 0 3000 2 1 1 3
3 5 1 1 1 0 0 823 1 3 3 1
3 6 1 1 1 0 0 792 1 1 1 3
3 7 0 1 0 0 0 3000 2 10 10 1
3 8 0 1 0 0 0 3000 2 7 7 10
3 9 0 1 0 0 0 3000 2 2 2 7
3 10 0 1 0 0 0 3000 2 10 10 2
3 11 1 1 1 0 0 1335 1 2 2 10
3 12 0 1 0 0 0 3000 3 9 9 2
3 13 0 1 0 0 0 3000 3 12 12 9
3 14 0 1 0 0 0 3000 2 5 5 12
3 15 0 0 0 0 1 2422 3 14 14 5
3 16 0 0 0 0 1 2142 3 14 14 14
3 17 0 1 0 0 0 3000 3 4 4 14
3 18 0 1 0 0 0 3000 2 2 2 4
3 19 1 1 1 0 0 809 1 4 4 2
3 20 0 1 0 0 0 3000 2 13 13 4
3 21 1 1 1 0 0 839 1 4 4 13
3 22 0 1 0 0 0 3000 2 11 11 4
3 23 0 1 0 0 0 3000 2 3 3 11
3 24 1 1 1 0 0 870 1 11 11 3
3 25 0 1 0 0 0 3000 2 6 6 11
3 26 0 0 0 0 1 965 3 6 6 6
3 27 1 1 1 0 0 916 1 6 6 6
3 28 0 1 0 0 0 3000 3 10 10 6
3 29 0 1 0 0 0 3000 2 14 14 10
3 30 0 0 0 0 1 2059 2 6 6 14
