1 1 0 1 0 0 0 3000 2 8 8 0
1 2 0 1 0 0 0 3000 3 2 2 8
1 3 1 0 0 1 0 3000 1 8 8 2
1 4 0 1 0 0 0 3000 2 8 8 8
1 5 0 1 0 0 0 3000 2 1 1 8
1 6 0 1 0 0 0 3000 2 11 11 1
1 7 0 1 0 0 0 3000 3 3 3 11
1 8 0 1 0 0 0 3000 3 4 4 3
1 9 1 1 1 0 0 1352 1 3 3 4
1 10 1 1 1 0 0 577 1 4 4 3
1 11 0 1 0 0 0 3000 3 7 7 4
1 12 0 0 0 0 1 920 2 9 9 7
1 13 0 1 0 0 0 3000 2 13 13 9
1 14 0 0 0 0 1 537 3 5 5 13
1 15 0 1 0 0 0 3000 3 12 12 5
1 16 0 1 0 0 0 3000 3 14 14 12
1 17 1 0 0 1 0 3000 1 12 12 14
1 18 0 1 0 0 0 3000 3 2 2 12
1 19 1 0 0 1 0 3000 1 12 12 2
1 20 0 1 0 0 0 3000 2 8 8 12
2 1 0 1 0 0 0 3000 3 8 8 8
2 2 0 0 0 0 1 2872 2 13 13 8
2 3 1 1 1 0 0 1089 1 8 8 13
2 4 0 0 0 0 1 481 3 3 3 8
2 5 1 1 1 0 0 1088 1 8 8 3
2 6 0 1 0 0 0 3000 3 11 11 8
2 7 0 0 0 0 1 2164 2 9 9 11
2 8 1 1 1 0 0 602 1 11 11 9
2 9 1 1 1 0 0 980 1 9 9 11
2 10 0 0 0 0 1 461 3 14 14 9
2 11 0 0 0 0 1 773 2 8 8 14
2 12 0 0 0 0 1 1458 3 6 6 8
2 13 1 1 1 0 0 2550 1 8 8 6
2 14 1 1 1 0 0 1552 1 6 6 8
2 15 1 1 1 0 0 1023 1 8 8 6
2 16 0 0 0 0 1 446 3 13 13 8
2 17 0 0 0 0 1 1036 2 10 10 13
2 18 0 0 0 0 1 1458 2 3 3 10
2 19 0 0 0 0 1 1067 3 7 7 3
2 20 1 1 1 0 0 926 1 3 3 7
2 21 1 1 1 0 0 654 1 7 7 3
2 22 0 0 0 0 1 730 3 13 13 7
2 23 1 1 1 0 0 746 1 7 7 13
2 24 0 0 0 0 1 593 3 12 12 7
2 25 0 0 0 0 1 563 3 6 6 12
2 26 0 0 0 0 1 561 3 6 6 6
2 27 0 0 0 0 1 794 3 14 14 6
2 28 0 0 0 0 1 1132 2 10 10 14
2 29 1 1 1 0 0 1320 1 14 14 10
2 30 1 1 1 0 0 999 1 10 10 14
3 1 0 0 0 0 1 1554 3 15 15 10
3 2 0 1 0 0 0 3000 3 4 4 15
3 3 1 1 1 0 0 1630 1 15 15 4
3 4 1 1 1 0 0 1153 1 4 4 15
3 5 0 0 0 0 1 1229 2 7 7 4
3 6 1 1 1 0 0 3420 1 4 4 7
3 7 0 0 0 0 1 1112 2 14 14 4
3 8 0 0 0 0 1 826 2 11 11 14
3 9 0 0 0 0 1 1149 2 2 2 11
3 10 0 0 0 0 1 1218 2 5 5 2
3 11 1 1 1 0 0 949 1 2 2 5
3 12 1 1 1 0 0 866 1 5 5 2
3 13 1 1 1 0 0 636 1 2 2 5
3 14 0 0 0 0 1 611 2 14 14 2
3 15 0 0 0 0 1 579 2 3 3 14
3 16 0 0 0 0 1 657 2 11 11 3
3 17 1 1 1 0 0 845 1 3 3 11
3 18 1 1 1 0 0 1094 1 11 11 3
3 19 0 0 0 0 1 1331 2 12 12 11
3 20 0 0 0 0 1 550 3 13 13 12
3 21 1 1 1 0 0 546 1 12 12 13
3 22 0 0 0 0 1 915 3 12 12 12
3 23 0 0 0 0 1 956 2 15 15 12
3 24 0 0 0 0 1 633 2 13 13 15
3 25 0 0 0 0 1 839 3 14 14 13
3 26 0 0 0 0 1 162 2 7 7 14
3 27 0 0 0 0 1 1117 2 11 11 7
3 28 0 0 0 0 1 316 3 12 12 11
3 29 0 0 0 0 1 882 3 13 13 12
3 30 0 0 0 0 1 809 2 3 3 13
