1 1 0 1 0 0 0 3000 3 8 8 0
1 2 0 1 0 0 0 3000 2 7 7 8
1 3 0 1 0 0 0 3000 2 11 11 7
1 4 0 1 0 0 0 3000 2 12 12 11
1 5 0 1 0 0 0 3000 2 7 7 12
1 6 0 1 0 0 0 3000 3 13 13 7
1 7 1 1 1 0 0 977 1 7 7 13
1 8 0 1 0 0 0 3000 3 6 6 7
1 9 1 1 1 0 0 1012 1 7 7 6
1 10 1 1 1 0 0 847 1 6 6 7
1 11 1 1 1 0 0 1217 1 7 7 6
1 12 0 1 0 0 0 3000 2 9 9 7
1 13 0 1 0 0 0 3000 3 5 5 9
1 14 0 0 0 0 1 953 2 10 10 5
1 15 0 1 0 0 0 3000 3 15 15 10
1 16 0 1 0 0 0 3000 3 4 4 15
1 17 0 0 0 0 1 1146 3 10 10 4
1 18 0 1 0 0 0 3000 3 2 2 10
1 19 1 0 0 1 0 3000 1 10 10 2
1 20 1 0 0 1 0 3000 1 2 2 10
2 1 0 1 0 0 0 3000 1 4 4 2
2 2 0 1 0 0 0 3000 1 7 7 4
2 3 0 1 0 0 0 3000 2 1 1 7
2 4 1 1 1 0 0 583 1 7 7 1
2 5 0 1 0 0 0 3000 3 7 7 7
2 6 0 1 0 0 0 3000 3 10 10 7
2 7 0 1 0 0 0 3000 2 3 3 10
2 8 0 1 0 0 0 3000 3 4 4 3
2 9 1 1 1 0 0 1094 1 3 3 4
2 10 1 1 1 0 0 904 1 4 4 3
2 11 1 1 1 0 0 732 1 3 3 4
2 12 0 1 0 0 0 3000 3 9 9 3
2 13 1 1 1 0 0 601 1 3 3 9
2 14 1 1 1 0 0 807 1 9 9 3
2 15 1 1 1 0 0 678 1 3 3 9
2 16 0 1 0 0 0 3000 2 6 6 3
2 17 1 1 1 0 0 581 1 3 3 6
2 18 0 1 0 0 0 3000 3 14 14 3
2 19 0 1 0 0 0 3000 3 6 6 14
2 20 0 1 0 0 0 3000 3 15 15 6
2 21 0 1 0 0 0 3000 2 9 9 15
2 22 0 1 0 0 0 3000 3 11 11 9
2 23 0 0 0 0 1 731 2 3 3 11
2 24 0 1 0 0 0 3000 3 13 13 3
2 25 1 1 1 0 0 730 1 3 3 13
2 26 0 1 0 0 0 3000 3 4 4 3
2 27 0 1 0 0 0 3000 2 11 11 4
2 28 0 1 0 0 0 3000 3 1 1 11
2 29 0 1 0 0 0 3000 2 13 13 1
2 30 0 1 0 0 0 3000 3 12 12 13
3 1 0 1 0 0 0 3000 3 14 14 12
3 2 0 1 0 0 0 3000 1 9 9 14
3 3 0 1 0 0 0 3000 3 12 12 9
3 4 1 1 1 0 0 1033 1 9 9 12
3 5 0 1 0 0 0 3000 2 1 1 9
3 6 1 1 1 0 0 793 1 9 9 1
3 7 1 1 1 0 0 648 1 1 1 9
3 8 0 1 0 0 0 3000 3 6 6 1
3 9 0 1 0 0 0 3000 2 14 14 6
3 10 0 1 0 0 0 3000 2 3 3 14
3 11 1 1 1 0 0 589 1 14 14 3
3 12 0 1 0 0 0 3000 2 11 11 14
3 13 0 0 0 0 1 780 3 3 3 11
3 14 1 1 1 0 0 747 1 11 11 3
3 15 0 1 0 0 0 3000 3 7 7 11
3 16 1 1 1 0 0 702 1 11 11 7
3 17 1 1 1 0 0 1172 1 7 7 11
3 18 1 1 1 0 0 505 1 11 11 7
3 19 0 1 0 0 0 3000 3 6 6 11
3 20 0 1 0 0 0 3000 2 5 5 6
3 21 0 0 0 0 1 568 3 5 5 5
3 22 0 1 0 0 0 3000 3 4 4 5
3 23 1 1 1 0 0 517 1 5 5 4
3 24 1 1 1 0 0 710 1 4 4 5
3 25 0 1 0 0 0 3000 2 1 1 4
3 26 1 1 1 0 0 1217 1 4 4 1
3 27 1 0 0 1 0 3000 1 1 1 4
3 28 0 0 0 0 1 1604 2 15 15 1
3 29 1 1 1 0 0 1181 1 1 1 15
3 30 0 1 0 0 0 3000 2 13 13 1
