1 1 0 1 0 0 0 3000 2 15 15 0
1 2 0 1 0 0 0 3000 1 8 8 15
1 3 0 1 0 0 0 3000 2 9 9 8
1 4 0 1 0 0 0 3000 3 6 6 9
1 5 0 1 0 0 0 3000 3 5 5 6
1 6 0 1 0 0 0 3000 2 3 3 5
1 7 0 1 0 0 0 3000 2 4 4 3
1 8 1 1 1 0 0 710 1 3 3 4
1 9 0 1 0 0 0 3000 2 6 6 3
1 10 0 0 0 0 1 895 2 5 5 6
1 11 0 1 0 0 0 3000 2 12 12 5
1 12 0 1 0 0 0 3000 2 3 3 12
1 13 1 1 1 0 0 377 1 12 12 3
1 14 1 1 1 0 0 486 1 3 3 12
1 15 0 1 0 0 0 3000 2 2 2 3
1 16 0 1 0 0 0 3000 2 8 8 2
1 17 0 1 0 0 0 3000 2 7 7 8
1 18 0 1 0 0 0 3000 2 5 5 7
1 19 1 1 1 0 0 443 1 7 7 5
1 20 1 1 1 0 0 705 1 5 5 7
2 1 0 1 0 0 0 3000 3 15 15 5
2 2 0 1 0 0 0 3000 2 9 9 15
2 3 1 1 1 0 0 502 1 15 15 9
2 4 1 1 1 0 0 531 1 9 9 15
2 5 0 1 0 0 0 3000 2 1 1 9
2 6 0 1 0 0 0 3000 2 12 12 1
2 7 0 1 0 0 0 3000 3 4 4 12
2 8 0 1 0 0 0 3000 3 15 15 4
2 9 0 1 0 0 0 3000 2 7 7 15
2 10 0 1 0 0 0 3000 2 14 14 7
2 11 0 1 0 0 0 3000 3 1 1 14
2 12 0 1 0 0 0 3000 2 9 9 1
2 13 0 0 0 0 1 549 2 14 14 9
2 14 0 1 0 0 0 3000 2 1 1 14
2 15 0 1 0 0 0 3000 2 11 11 1
2 16 0 1 0 0 0 3000 2 15 15 11
2 17 0 1 0 0 0 3000 3 6 6 15
2 18 0 1 0 0 0 3000 2 9 9 6
2 19 1 1 1 0 0 514 1 6 6 9
2 20 1 1 1 0 0 1017 1 9 9 6
2 21 0 1 0 0 0 3000 2 9 9 9
2 22 1 1 1 0 0 392 1 9 9 9
2 23 1 1 1 0 0 511 1 9 9 9
2 24 0 1 0 0 0 3000 2 2 2 9
2 25 1 0 0 1 0 3000 1 9 9 2
2 26 0 1 0 0 0 3000 3 5 5 9
2 27 1 1 1 0 0 494 1 9 9 5
2 28 1 1 1 0 0 657 1 5 5 9
2 29 0 1 0 0 0 3000 3 10 10 5
2 30 1 1 1 0 0 432 1 5 5 10
3 1 0 1 0 0 0 3000 2 15 15 5
3 2 0 1 0 0 0 3000 2 12 12 15
3 3 1 0 0 1 0 3000 1 15 15 12
3 4 0 1 0 0 0 3000 2 7 7 15
3 5 1 1 1 0 0 385 1 15 15 7
3 6 1 1 1 0 0 472 1 7 7 15
3 7 0 1 0 0 0 3000 3 14 14 7
3 8 0 1 0 0 0 3000 3 12 12 14
3 9 0 1 0 0 0 3000 2 4 4 12
3 10 0 1 0 0 0 3000 2 1 1 4
3 11 0 1 0 0 0 3000 2 7 7 1
3 12 0 1 0 0 0 3000 3 10 10 7
3 13 1 1 1 0 0 550 1 7 7 10
3 14 0 1 0 0 0 3000 3 9 9 7
3 15 0 1 0 0 0 3000 3 1 1 9
3 16 0 1 0 0 0 3000 2 14 14 1
3 17 0 1 0 0 0 3000 2 13 13 14
3 18 0 1 0 0 0 3000 3 9 9 13
3 19 0 1 0 0 0 3000 2 10 10 9
3 20 1 1 1 0 0 466 1 9 9 10
3 21 0 1 0 0 0 3000 2 9 9 9
3 22 1 1 1 0 0 656 1 9 9 9
3 23 1 1 1 0 0 705 1 9 9 9
3 24 0 1 0 0 0 3000 3 1 1 9
3 25 0 1 0 0 0 3000 2 13 13 1
3 26 0 1 0 0 0 3000 2 10 10 13
3 27 0 1 0 0 0 3000 3 8 8 10
3 28 0 1 0 0 0 3000 3 15 15 8
3 29 0 1 0 0 0 3000 3 15 15 15
3 30 0 1 0 0 0 3000 3 7 7 15
