1 1 0 1 0 0 0 3000 1 5 5 0
1 2 0 1 0 0 0 3000 3 6 6 5
1 3 0 1 0 0 0 3000 2 2 2 6
1 4 0 1 0 0 0 3000 2 1 1 2
1 5 0 1 0 0 0 3000 2 8 8 1
1 6 0 1 0 0 0 3000 2 3 3 8
1 7 0 0 0 0 1 1132 3 3 3 3
1 8 0 1 0 0 0 3000 3 5 5 3
1 9 0 1 0 0 0 3000 2 6 6 5
1 10 1 1 1 0 0 725 1 5 5 6
1 11 0 1 0 0 0 3000 3 12 12 5
1 12 0 1 0 0 0 3000 3 7 7 12
1 13 0 1 0 0 0 3000 2 13 13 7
1 14 0 1 0 0 0 3000 3 1 1 13
1 15 0 1 0 0 0 3000 2 6 6 1
1 16 0 1 0 0 0 3000 3 11 11 6
1 17 0 1 0 0 0 3000 2 13 13 11
1 18 0 1 0 0 0 3000 2 2 2 13
1 19 0 1 0 0 0 3000 2 5 5 2
1 20 1 1 1 0 0 1101 1 2 2 5
2 1 0 1 0 0 0 3000 1 10 10 2
2 2 0 1 0 0 0 3000 3 11 11 10
2 3 0 1 0 0 0 3000 2 11 11 11
2 4 0 1 0 0 0 3000 2 12 12 11
2 5 0 1 0 0 0 3000 2 5 5 12
2 6 1 1 1 0 0 768 1 12 12 5
2 7 1 1 1 0 0 915 1 5 5 12
2 8 0 1 0 0 0 3000 2 1 1 5
2 9 1 1 1 0 0 844 1 5 5 1
2 10 0 1 0 0 0 3000 3 8 8 5
2 11 0 1 0 0 0 3000 2 10 10 8
2 12 0 1 0 0 0 3000 2 10 10 10
2 13 0 1 0 0 0 3000 3 11 11 10
2 14 0 1 0 0 0 3000 3 9 9 11
2 15 1 1 1 0 0 658 1 11 11 9
2 16 0 1 0 0 0 3000 3 2 2 11
2 17 0 1 0 0 0 3000 2 15 15 2
2 18 1 1 1 0 0 621 1 2 2 15
2 19 0 1 0 0 0 3000 3 8 8 2
2 20 0 1 0 0 0 3000 2 4 4 8
2 21 1 1 1 0 0 1669 1 8 8 4
2 22 0 1 0 0 0 3000 3 1 1 8
2 23 0 1 0 0 0 3000 3 14 14 1
2 24 0 0 0 0 1 967 2 8 8 14
2 25 0 1 0 0 0 3000 3 9 9 8
2 26 1 1 1 0 0 1088 1 8 8 9
2 27 0 1 0 0 0 3000 2 10 10 8
2 28 1 1 1 0 0 820 1 8 8 10
2 29 0 1 0 0 0 3000 3 3 3 8
2 30 0 1 0 0 0 3000 3 15 15 3
3 1 0 1 0 0 0 3000 2 2 2 15
3 2 0 1 0 0 0 3000 3 1 1 2
3 3 0 1 0 0 0 3000 3 10 10 1
3 4 0 1 0 0 0 3000 3 7 7 10
3 5 0 1 0 0 0 3000 3 2 2 7
3 6 0 0 0 0 1 970 2 10 10 2
3 7 0 0 0 0 1 877 2 10 10 10
3 8 1 1 1 0 0 1037 1 10 10 10
3 9 1 0 0 1 0 3000 1 10 10 10
3 10 0 1 0 0 0 3000 3 6 6 10
3 11 1 1 1 0 0 624 1 10 10 6
3 12 0 0 0 0 1 989 3 2 2 10
3 13 1 1 1 0 0 951 1 10 10 2
3 14 1 1 1 0 0 946 1 2 2 10
3 15 1 1 1 0 0 702 1 10 10 2
3 16 0 1 0 0 0 3000 3 12 12 10
3 17 0 0 0 0 1 879 3 2 2 12
3 18 0 1 0 0 0 3000 2 1 1 2
3 19 1 1 1 0 0 459 1 2 2 1
3 20 0 1 0 0 0 3000 2 14 14 2
3 21 0 1 0 0 0 3000 3 15 15 14
3 22 1 1 1 0 0 1356 1 14 14 15
3 23 0 1 0 0 0 3000 2 2 2 14
3 24 0 1 0 0 0 3000 3 9 9 2
3 25 0 0 0 0 1 491 2 14 14 9
3 26 0 1 0 0 0 3000 2 13 13 14
3 27 0 1 0 0 0 3000 2 10 10 13
3 28 0 1 0 0 0 3000 3 6 6 10
3 29 0 1 0 0 0 3000 2 5 5 6
3 30 0 1 0 0 0 3000 2 7 7 5
