1 1 0 1 0 0 0 3000 3 7 7 0
1 2 0 1 0 0 0 3000 2 9 9 7
1 3 0 1 0 0 0 3000 2 13 13 9
1 4 0 0 0 0 1 2829 3 14 14 13
1 5 0 0 0 0 1 586 2 12 12 14
1 6 1 1 1 0 0 282 1 14 14 12
1 7 0 0 0 0 1 270 3 15 15 14
1 8 1 1 1 0 0 124 1 14 14 15
1 9 0 0 0 0 1 182 2 12 12 14
1 10 0 1 0 0 0 3000 2 15 15 12
1 11 0 1 0 0 0 3000 2 14 14 15
1 12 0 0 0 0 1 269 3 5 5 14
1 13 0 0 0 0 1 497 3 2 2 5
1 14 1 0 0 1 0 3000 1 5 5 2
1 15 0 0 0 0 1 264 2 10 10 5
1 16 0 0 0 0 1 321 3 6 6 10
1 17 1 1 1 0 0 14 1 10 10 6
1 18 1 1 1 0 0 13 1 6 6 10
1 19 0 0 0 0 1 180 2 3 3 6
1 20 0 0 0 0 1 709 3 5 5 3
2 1 0 0 0 0 1 2620 2 7 7 5
2 2 0 0 0 0 1 82 3 13 13 7
2 3 0 0 0 0 1 110 2 6 6 13
2 4 1 1 1 0 0 1479 1 13 13 6
2 5 1 1 1 0 0 686 1 6 6 13
2 6 1 1 1 0 0 1485 1 13 13 6
2 7 0 0 0 0 1 144 3 10 10 13
2 8 1 1 1 0 0 20 1 13 13 10
2 9 0 0 0 0 1 63 2 8 8 13
2 10 0 0 0 0 1 112 3 11 11 8
2 11 1 1 1 0 0 191 1 8 8 11
2 12 1 1 1 0 0 54 1 11 11 8
2 13 1 1 1 0 0 72 1 8 8 11
2 14 0 0 0 0 1 2 2 1 1 8
2 15 0 0 0 0 1 321 3 1 1 1
2 16 0 0 0 0 1 19 3 9 9 1
2 17 1 1 1 0 0 197 1 1 1 9
2 18 0 0 0 0 1 55 3 1 1 1
2 19 1 1 1 0 0 158 1 1 1 1
2 20 0 0 0 0 1 53 2 3 3 1
2 21 0 0 0 0 1 151 2 4 4 3
2 22 0 0 0 0 1 24 2 15 15 4
2 23 0 0 0 0 1 54 2 12 12 15
2 24 0 0 0 0 1 21 3 10 10 12
2 25 1 1 1 0 0 101 1 12 12 10
2 26 0 0 0 0 1 9 2 4 4 12
2 27 0 0 0 0 1 297 3 6 6 4
2 28 0 0 0 0 1 277 3 3 3 6
2 29 0 0 0 0 1 267 3 10 10 3
2 30 0 0 0 0 1 283 3 1 1 10
3 1 0 0 0 0 1 484 1 7 7 1
3 2 0 0 0 0 1 292 1 11 11 7
3 3 0 0 0 0 1 267 2 14 14 11
3 4 1 1 1 0 0 239 1 11 11 14
3 5 0 0 0 0 1 263 3 13 13 11
3 6 0 0 0 0 1 268 3 4 4 13
3 7 1 1 1 0 0 272 1 13 13 4
3 8 0 0 0 0 1 416 3 14 14 13
3 9 1 1 1 0 0 257 1 13 13 14
3 10 1 1 1 0 0 267 1 14 14 13
3 11 0 0 0 0 1 276 2 3 3 14
3 12 0 0 0 0 1 282 3 12 12 3
3 13 0 0 0 0 1 225 2 11 11 12
3 14 0 0 0 0 1 271 2 11 11 11
3 15 1 1 1 0 0 276 1 11 11 11
3 16 0 0 0 0 1 272 2 4 4 11
3 17 0 0 0 0 1 438 3 2 2 4
3 18 0 0 0 0 1 240 3 6 6 2
3 19 1 1 1 0 0 275 1 2 2 6
3 20 1 1 1 0 0 308 1 6 6 2
3 21 1 1 1 0 0 185 1 2 2 6
3 22 1 1 1 0 0 135 1 6 6 2
3 23 1 1 1 0 0 29 1 2 2 6
3 24 0 0 0 0 1 318 2 5 5 2
3 25 0 0 0 0 1 268 3 4 4 5
3 26 1 1 1 0 0 234 1 5 5 4
3 27 0 0 0 0 1 287 2 2 2 5
3 28 0 0 0 0 1 347 2 13 13 2
3 29 1 1 1 0 0 291 1 2 2 13
3 30 0 0 0 0 1 306 2 14 14 2
