1 1 0 1 0 0 0 3000 2 5 5 0
1 2 0 1 0 0 0 3000 1 8 8 5
1 3 0 1 0 0 0 3000 2 3 3 8
1 4 1 1 1 0 0 314 1 8 8 3
1 5 1 0 0 1 0 3000 1 3 3 8
1 6 1 1 1 0 0 352 1 8 8 3
1 7 0 0 0 0 1 1420 3 5 5 8
1 8 1 1 1 0 0 365 1 8 8 5
1 9 0 1 0 0 0 3000 3 12 12 8
1 10 0 0 0 0 1 632 2 13 13 12
1 11 0 1 0 0 0 3000 2 4 4 13
1 12 0 0 0 0 1 443 2 8 8 4
1 13 0 1 0 0 0 3000 2 13 13 8
1 14 1 1 1 0 0 333 1 8 8 13
1 15 0 1 0 0 0 3000 2 7 7 8
1 16 1 1 1 0 0 403 1 8 8 7
1 17 1 0 0 1 0 3000 1 7 7 8
1 18 1 1 1 0 0 297 1 8 8 7
1 19 0 1 0 0 0 3000 3 12 12 8
1 20 1 1 1 0 0 342 1 8 8 12
2 1 0 1 0 0 0 3000 2 14 14 8
2 2 0 0 0 0 1 348 2 7 7 14
2 3 0 1 0 0 0 3000 2 7 7 7
2 4 0 0 0 0 1 315 3 6 6 7
2 5 0 1 0 0 0 3000 2 10 10 6
2 6 1 0 0 1 0 3000 1 6 6 10
2 7 0 1 0 0 0 3000 3 15 15 6
2 8 0 1 0 0 0 3000 2 10 10 15
2 9 0 1 0 0 0 3000 3 14 14 10
2 10 1 1 1 0 0 318 1 10 10 14
2 11 0 0 0 0 1 284 2 5 5 10
2 12 0 1 0 0 0 3000 2 5 5 5
2 13 1 1 1 0 0 300 1 5 5 5
2 14 0 1 0 0 0 3000 2 3 3 5
2 15 0 0 0 0 1 380 2 6 6 3
2 16 0 1 0 0 0 3000 2 10 10 6
2 17 0 1 0 0 0 3000 3 1 1 10
2 18 0 0 0 0 1 304 3 13 13 1
2 19 0 0 0 0 1 442 2 10 10 13
2 20 0 0 0 0 1 492 2 3 3 10
2 21 1 1 1 0 0 1019 1 10 10 3
2 22 0 1 0 0 0 3000 2 8 8 10
2 23 0 0 0 0 1 384 3 2 2 8
2 24 1 0 0 1 0 3000 1 8 8 2
2 25 0 0 0 0 1 459 3 10 10 8
2 26 0 1 0 0 0 3000 3 7 7 10
2 27 1 1 1 0 0 642 1 10 10 7
2 28 1 0 0 1 0 3000 1 7 7 10
2 29 1 1 1 0 0 413 1 10 10 7
2 30 1 0 0 1 0 3000 1 7 7 10
3 1 0 1 0 0 0 3000 2 1 1 7
3 2 0 1 0 0 0 3000 1 5 5 1
3 3 1 1 1 0 0 666 1 1 1 5
3 4 1 1 1 0 0 715 1 5 5 1
3 5 0 1 0 0 0 3000 2 12 12 5
3 6 1 1 1 0 0 681 1 5 5 12
3 7 1 1 1 0 0 543 1 12 12 5
3 8 0 1 0 0 0 3000 2 1 1 12
3 9 0 0 0 0 1 371 3 3 3 1
3 10 0 0 0 0 1 431 2 3 3 3
3 11 1 1 1 0 0 651 1 3 3 3
3 12 0 1 0 0 0 3000 3 7 7 3
3 13 0 0 0 0 1 609 2 12 12 7
3 14 0 1 0 0 0 3000 3 9 9 12
3 15 0 1 0 0 0 3000 2 15 15 9
3 16 0 0 0 0 1 650 3 13 13 15
3 17 0 1 0 0 0 3000 2 11 11 13
3 18 1 1 1 0 0 439 1 13 13 11
3 19 0 0 0 0 1 496 2 7 7 13
3 20 0 1 0 0 0 3000 2 8 8 7
3 21 1 1 1 0 0 505 1 7 7 8
3 22 0 0 0 0 1 1954 3 6 6 7
3 23 0 0 0 0 1 822 3 5 5 6
3 24 0 0 0 0 1 834 3 10 10 5
3 25 0 1 0 0 0 3000 3 15 15 10
3 26 1 1 1 0 0 1025 1 10 10 15
3 27 1 1 1 0 0 685 1 15 15 10
3 28 0 1 0 0 0 3000 3 2 2 15
3 29 1 1 1 0 0 612 1 15 15 2
3 30 0 1 0 0 0 3000 3 4 4 15
