1 1 0 1 0 0 0 3000 3 14 14 0
1 2 0 1 0 0 0 3000 1 3 3 14
1 3 0 1 0 0 0 3000 3 10 10 3
1 4 0 1 0 0 0 3000 3 11 11 10
1 5 0 1 0 0 0 3000 2 8 8 11
1 6 0 1 0 0 0 3000 3 2 2 8
1 7 1 1 1 0 0 735 1 8 8 2
1 8 1 1 1 0 0 867 1 2 2 8
1 9 1 1 1 0 0 700 1 8 8 2
1 10 0 1 0 0 0 3000 2 7 7 8
1 11 0 1 0 0 0 3000 3 4 4 7
1 12 1 1 1 0 0 969 1 7 7 4
1 13 1 1 1 0 0 788 1 4 4 7
1 14 0 1 0 0 0 3000 2 14 14 4
1 15 1 1 1 0 0 779 1 4 4 14
1 16 0 0 0 0 1 625 3 4 4 4
1 17 1 1 1 0 0 745 1 4 4 4
1 18 0 1 0 0 0 3000 2 12 12 4
1 19 1 1 1 0 0 732 1 4 4 12
1 20 1 1 1 0 0 712 1 12 12 4
2 1 0 1 0 0 0 3000 1 7 7 12
2 2 0 1 0 0 0 3000 1 8 8 7
2 3 0 1 0 0 0 3000 3 1 1 8
2 4 1 1 1 0 0 625 1 8 8 1
2 5 0 1 0 0 0 3000 2 2 2 8
2 6 0 1 0 0 0 3000 3 11 11 2
2 7 0 1 0 0 0 3000 2 7 7 11
2 8 1 1 1 0 0 844 1 11 11 7
2 9 0 1 0 0 0 3000 3 8 8 11
2 10 0 0 0 0 1 773 2 7 7 8
2 11 0 1 0 0 0 3000 2 10 10 7
2 12 0 1 0 0 0 3000 3 15 15 10
2 13 0 1 0 0 0 3000 2 8 8 15
2 14 1 1 1 0 0 2008 1 15 15 8
2 15 0 1 0 0 0 3000 2 14 14 15
2 16 0 0 0 0 1 346 3 4 4 14
2 17 0 1 0 0 0 3000 2 2 2 4
2 18 0 1 0 0 0 3000 2 8 8 2
2 19 1 0 0 1 0 3000 1 2 2 8
2 20 0 1 0 0 0 3000 3 13 13 2
2 21 0 0 0 0 1 1640 2 8 8 13
2 22 1 1 1 0 0 1494 1 13 13 8
2 23 0 1 0 0 0 3000 2 1 1 13
2 24 0 1 0 0 0 3000 2 14 14 1
2 25 0 1 0 0 0 3000 3 3 3 14
2 26 1 1 1 0 0 477 1 14 14 3
2 27 0 1 0 0 0 3000 3 13 13 14
2 28 0 1 0 0 0 3000 3 2 2 13
2 29 0 1 0 0 0 3000 3 14 14 2
2 30 1 1 1 0 0 995 1 2 2 14
3 1 0 1 0 0 0 3000 3 1 1 2
3 2 0 1 0 0 0 3000 1 6 6 1
3 3 0 1 0 0 0 3000 2 2 2 6
3 4 0 1 0 0 0 3000 3 5 5 2
3 5 1 1 1 0 0 745 1 2 2 5
3 6 1 1 1 0 0 846 1 5 5 2
3 7 0 1 0 0 0 3000 3 13 13 5
3 8 0 1 0 0 0 3000 3 8 8 13
3 9 0 1 0 0 0 3000 2 1 1 8
3 10 0 1 0 0 0 3000 3 2 2 1
3 11 1 1 1 0 0 1029 1 1 1 2
3 12 1 1 1 0 0 608 1 2 2 1
3 13 1 1 1 0 0 886 1 1 1 2
3 14 1 1 1 0 0 901 1 2 2 1
3 15 0 1 0 0 0 3000 2 6 6 2
3 16 0 1 0 0 0 3000 2 12 12 6
3 17 0 1 0 0 0 3000 2 10 10 12
3 18 1 1 1 0 0 472 1 12 12 10
3 19 1 1 1 0 0 743 1 10 10 12
3 20 1 1 1 0 0 918 1 12 12 10
3 21 0 1 0 0 0 3000 3 5 5 12
3 22 1 1 1 0 0 432 1 12 12 5
3 23 0 1 0 0 0 3000 3 2 2 12
3 24 0 1 0 0 0 3000 3 15 15 2
3 25 0 1 0 0 0 3000 3 7 7 15
3 26 0 1 0 0 0 3000 2 1 1 7
3 27 1 1 1 0 0 739 1 7 7 1
3 28 0 1 0 0 0 3000 3 7 7 7
3 29 1 1 1 0 0 649 1 7 7 7
3 30 1 1 1 0 0 508 1 7 7 7
