1 1 0 1 0 0 0 3000 2 10 10 0
1 2 0 1 0 0 0 3000 3 12 12 10
1 3 0 1 0 0 0 3000 2 1 1 12
1 4 1 1 1 0 0 842 1 12 12 1
1 5 0 1 0 0 0 3000 3 5 5 12
1 6 0 1 0 0 0 3000 3 13 13 5
1 7 1 1 1 0 0 890 1 5 5 13
1 8 0 1 0 0 0 3000 2 4 4 5
1 9 1 0 0 1 0 3000 1 5 5 4
1 10 1 1 1 0 0 510 1 4 4 5
1 11 1 0 0 1 0 3000 1 5 5 4
1 12 0 1 0 0 0 3000 3 5 5 5
1 13 0 1 0 0 0 3000 3 8 8 5
1 14 0 1 0 0 0 3000 2 2 2 8
1 15 0 1 0 0 0 3000 3 2 2 2
1 16 0 1 0 0 0 3000 2 6 6 2
1 17 1 1 1 0 0 460 1 2 2 6
1 18 0 1 0 0 0 3000 2 15 15 2
1 19 0 1 0 0 0 3000 2 9 9 15
1 20 0 1 0 0 0 3000 3 6 6 9
2 1 0 1 0 0 0 3000 2 2 2 6
2 2 0 1 0 0 0 3000 2 5 5 2
2 3 1 1 1 0 0 498 1 2 2 5
2 4 0 1 0 0 0 3000 3 7 7 2
2 5 1 0 0 1 0 3000 1 2 2 7
2 6 1 1 1 0 0 515 1 7 7 2
2 7 1 0 0 1 0 3000 1 2 2 7
2 8 0 1 0 0 0 3000 3 6 6 2
2 9 1 1 1 0 0 670 1 2 2 6
2 10 0 1 0 0 0 3000 3 2 2 2
2 11 1 0 0 1 0 3000 1 2 2 2
2 12 1 1 1 0 0 455 1 2 2 2
2 13 0 1 0 0 0 3000 3 13 13 2
2 14 1 0 0 1 0 3000 1 2 2 13
2 15 0 1 0 0 0 3000 2 12 12 2
2 16 0 1 0 0 0 3000 3 12 12 12
2 17 1 1 1 0 0 544 1 12 12 12
2 18 0 1 0 0 0 3000 2 3 3 12
2 19 1 0 0 1 0 3000 1 12 12 3
2 20 0 1 0 0 0 3000 3 7 7 12
2 21 1 1 1 0 0 404 1 12 12 7
2 22 0 1 0 0 0 3000 3 2 2 12
2 23 0 1 0 0 0 3000 2 1 1 2
2 24 0 1 0 0 0 3000 2 14 14 1
2 25 0 1 0 0 0 3000 2 11 11 14
2 26 0 1 0 0 0 3000 3 7 7 11
2 27 0 1 0 0 0 3000 2 3 3 7
2 28 0 1 0 0 0 3000 2 3 3 3
2 29 0 1 0 0 0 3000 3 11 11 3
2 30 1 1 1 0 0 754 1 3 3 11
3 1 0 1 0 0 0 3000 3 1 1 3
3 2 0 1 0 0 0 3000 1 11 11 1
3 3 0 1 0 0 0 3000 2 9 9 11
3 4 0 1 0 0 0 3000 3 14 14 9
3 5 1 1 1 0 0 447 1 9 9 14
3 6 0 1 0 0 0 3000 2 3 3 9
3 7 1 0 0 1 0 3000 1 9 9 3
3 8 1 1 1 0 0 574 1 3 3 9
3 9 1 0 0 1 0 3000 1 9 9 3
3 10 0 1 0 0 0 3000 2 10 10 9
3 11 0 1 0 0 0 3000 2 4 4 10
3 12 0 1 0 0 0 3000 3 6 6 4
3 13 1 1 1 0 0 711 1 4 4 6
3 14 0 1 0 0 0 3000 3 10 10 4
3 15 1 0 0 1 0 3000 1 4 4 10
3 16 0 1 0 0 0 3000 3 1 1 4
3 17 0 1 0 0 0 3000 2 6 6 1
3 18 0 1 0 0 0 3000 2 5 5 6
3 19 0 1 0 0 0 3000 2 10 10 5
3 20 1 1 1 0 0 442 1 5 5 10
3 21 0 1 0 0 0 3000 3 6 6 5
3 22 0 1 0 0 0 3000 2 13 13 6
3 23 1 1 1 0 0 826 1 6 6 13
3 24 0 1 0 0 0 3000 3 8 8 6
3 25 0 1 0 0 0 3000 3 9 9 8
3 26 0 1 0 0 0 3000 3 12 12 9
3 27 0 1 0 0 0 3000 2 10 10 12
3 28 0 1 0 0 0 3000 2 9 9 10
3 29 0 1 0 0 0 3000 2 14 14 9
3 30 1 1 1 0 0 515 1 9 9 14
