1 1 0 1 0 0 0 3000 2 4 4 0
1 2 0 1 0 0 0 3000 1 5 5 4
1 3 0 1 0 0 0 3000 3 13 13 5
1 4 1 1 1 0 0 804 1 5 5 13
1 5 0 1 0 0 0 3000 3 14 14 5
1 6 1 1 1 0 0 543 1 5 5 14
1 7 1 1 1 0 0 1046 1 14 14 5
1 8 0 1 0 0 0 3000 2 15 15 14
1 9 0 1 0 0 0 3000 3 6 6 15
1 10 0 0 0 0 1 631 2 12 12 6
1 11 0 1 0 0 0 3000 3 12 12 12
1 12 0 1 0 0 0 3000 2 3 3 12
1 13 1 1 1 0 0 658 1 12 12 3
1 14 0 0 0 0 1 723 2 5 5 12
1 15 0 1 0 0 0 3000 3 10 10 5
1 16 1 1 1 0 0 640 1 5 5 10
1 17 0 0 0 0 1 944 2 13 13 5
1 18 0 0 0 0 1 680 3 3 3 13
1 19 0 0 0 0 1 509 2 12 12 3
1 20 1 1 1 0 0 559 1 3 3 12
2 1 0 0 0 0 1 1790 1 5 5 3
2 2 0 1 0 0 0 3000 3 2 2 5
2 3 1 1 1 0 0 502 1 5 5 2
2 4 1 1 1 0 0 490 1 2 2 5
2 5 0 1 0 0 0 3000 2 8 8 2
2 6 0 0 0 0 1 628 3 8 8 8
2 7 0 1 0 0 0 3000 2 7 7 8
2 8 0 0 0 0 1 601 3 4 4 7
2 9 1 1 1 0 0 567 1 7 7 4
2 10 0 0 0 0 1 578 3 14 14 7
2 11 1 1 1 0 0 553 1 7 7 14
2 12 1 0 0 1 0 3000 1 14 14 7
2 13 0 0 0 0 1 534 2 5 5 14
2 14 1 1 1 0 0 483 1 14 14 5
2 15 0 0 0 0 1 498 2 7 7 14
2 16 1 1 1 0 0 426 1 14 14 7
2 17 1 1 1 0 0 561 1 7 7 14
2 18 1 1 1 0 0 456 1 14 14 7
2 19 0 0 0 0 1 363 2 11 11 14
2 20 0 0 0 0 1 446 3 13 13 11
2 21 0 0 0 0 1 388 3 8 8 13
2 22 1 1 1 0 0 353 1 13 13 8
2 23 0 0 0 0 1 625 2 6 6 13
2 24 0 0 0 0 1 388 3 6 6 6
2 25 0 0 0 0 1 375 2 4 4 6
2 26 0 0 0 0 1 430 3 11 11 4
2 27 0 0 0 0 1 418 3 10 10 11
2 28 0 0 0 0 1 410 3 10 10 10
2 29 0 0 0 0 1 411 2 13 13 10
2 30 0 0 0 0 1 371 2 7 7 13
3 1 0 1 0 0 0 3000 3 3 3 7
3 2 0 1 0 0 0 3000 2 6 6 3
3 3 0 1 0 0 0 3000 3 8 8 6
3 4 0 1 0 0 0 3000 3 13 13 8
3 5 1 1 1 0 0 608 1 8 8 13
3 6 0 1 0 0 0 3000 3 14 14 8
3 7 0 1 0 0 0 3000 2 6 6 14
3 8 1 1 1 0 0 473 1 14 14 6
3 9 1 1 1 0 0 904 1 6 6 14
3 10 0 1 0 0 0 3000 3 2 2 6
3 11 0 1 0 0 0 3000 2 8 8 2
3 12 1 1 1 0 0 640 1 2 2 8
3 13 0 1 0 0 0 3000 2 4 4 2
3 14 0 1 0 0 0 3000 3 15 15 4
3 15 0 1 0 0 0 3000 3 3 3 15
3 16 1 1 1 0 0 522 1 15 15 3
3 17 1 1 1 0 0 746 1 3 3 15
3 18 1 1 1 0 0 715 1 15 15 3
3 19 0 1 0 0 0 3000 2 7 7 15
3 20 1 1 1 0 0 509 1 15 15 7
3 21 0 1 0 0 0 3000 2 8 8 15
3 22 0 1 0 0 0 3000 3 7 7 8
3 23 0 0 0 0 1 584 3 15 15 7
3 24 0 0 0 0 1 484 2 8 8 15
3 25 1 1 1 0 0 654 1 15 15 8
3 26 0 1 0 0 0 3000 2 3 3 15
3 27 0 1 0 0 0 3000 3 4 4 3
3 28 0 1 0 0 0 3000 2 13 13 4
3 29 1 1 1 0 0 432 1 4 4 13
3 30 0 0 0 0 1 1050 2 8 8 4
