1 1 0 1 0 0 0 3000 1 5 5 0
1 2 0 1 0 0 0 3000 2 1 1 5
1 3 0 1 0 0 0 3000 2 9 9 1
1 4 0 1 0 0 0 3000 3 4 4 9
1 5 0 1 0 0 0 3000 2 5 5 4
1 6 0 1 0 0 0 3000 2 7 7 5
1 7 0 1 0 0 0 3000 3 9 9 7
1 8 0 1 0 0 0 3000 3 14 14 9
1 9 0 1 0 0 0 3000 2 3 3 14
1 10 0 1 0 0 0 3000 2 8 8 3
1 11 0 1 0 0 0 3000 2 13 13 8
1 12 1 0 0 1 0 3000 1 8 8 13
1 13 1 0 0 1 0 3000 1 13 13 8
1 14 0 1 0 0 0 3000 3 15 15 13
1 15 0 0 0 0 1 1261 2 4 4 15
1 16 1 0 0 1 0 3000 1 15 15 4
1 17 1 1 1 0 0 443 1 4 4 15
1 18 1 1 1 0 0 594 1 15 15 4
1 19 1 1 1 0 0 429 1 4 4 15
1 20 0 1 0 0 0 3000 2 3 3 4
2 1 0 1 0 0 0 3000 2 8 8 3
2 2 0 1 0 0 0 3000 2 1 1 8
2 3 0 1 0 0 0 3000 3 11 11 1
2 4 0 1 0 0 0 3000 2 15 15 11
2 5 0 1 0 0 0 3000 2 4 4 15
2 6 0 1 0 0 0 3000 3 5 5 4
2 7 0 1 0 0 0 3000 3 13 13 5
2 8 0 1 0 0 0 3000 2 2 2 13
2 9 0 0 0 0 1 735 3 1 1 2
2 10 0 1 0 0 0 3000 2 13 13 1
2 11 1 0 0 1 0 3000 1 1 1 13
2 12 0 0 0 0 1 567 3 1 1 1
2 13 0 0 0 0 1 588 2 2 2 1
2 14 0 0 0 0 1 624 2 5 5 2
2 15 0 0 0 0 1 573 3 7 7 5
2 16 1 1 1 0 0 514 1 5 5 7
2 17 1 1 1 0 0 576 1 7 7 5
2 18 1 1 1 0 0 573 1 5 5 7
2 19 0 0 0 0 1 563 3 2 2 5
2 20 1 1 1 0 0 495 1 5 5 2
2 21 0 0 0 0 1 667 3 15 15 5
2 22 1 1 1 0 0 528 1 5 5 15
2 23 0 0 0 0 1 490 3 10 10 5
2 24 1 1 1 0 0 519 1 5 5 10
2 25 0 1 0 0 0 3000 3 2 2 5
2 26 0 1 0 0 0 3000 2 11 11 2
2 27 0 1 0 0 0 3000 2 3 3 11
2 28 0 0 0 0 1 650 3 4 4 3
2 29 0 1 0 0 0 3000 2 14 14 4
2 30 1 1 1 0 0 632 1 4 4 14
3 1 0 1 0 0 0 3000 3 13 13 4
3 2 0 1 0 0 0 3000 1 7 7 13
3 3 0 1 0 0 0 3000 3 8 8 7
3 4 1 0 0 1 0 3000 1 7 7 8
3 5 0 1 0 0 0 3000 3 14 14 7
3 6 0 1 0 0 0 3000 2 5 5 14
3 7 1 1 1 0 0 539 1 14 14 5
3 8 1 1 1 0 0 485 1 5 5 14
3 9 0 0 0 0 1 476 3 7 7 5
3 10 1 0 0 1 0 3000 1 5 5 7
3 11 1 1 1 0 0 502 1 7 7 5
3 12 0 1 0 0 0 3000 2 9 9 7
3 13 0 0 0 0 1 540 3 14 14 9
3 14 0 1 0 0 0 3000 3 11 11 14
3 15 1 1 1 0 0 465 1 14 14 11
3 16 0 0 0 0 1 491 3 5 5 14
3 17 0 0 0 0 1 650 2 4 4 5
3 18 1 1 1 0 0 647 1 5 5 4
3 19 1 1 1 0 0 652 1 4 4 5
3 20 0 0 0 0 1 641 2 8 8 4
3 21 0 1 0 0 0 3000 2 9 9 8
3 22 0 0 0 0 1 623 3 2 2 9
3 23 0 0 0 0 1 589 3 7 7 2
3 24 1 1 1 0 0 529 1 2 2 7
3 25 0 0 0 0 1 1190 2 10 10 2
3 26 0 1 0 0 0 3000 2 15 15 10
3 27 0 0 0 0 1 427 3 4 4 15
3 28 0 1 0 0 0 3000 3 12 12 4
3 29 0 0 0 0 1 604 2 10 10 12
3 30 0 0 0 0 1 586 2 4 4 10
