1 1 0 1 0 0 0 3000 3 3 3 0
1 2 0 0 0 0 1 999 2 7 7 3
1 3 1 1 1 0 0 685 1 3 3 7
1 4 0 1 0 0 0 3000 3 14 14 3
1 5 0 1 0 0 0 3000 2 9 9 14
1 6 0 1 0 0 0 3000 2 1 1 9
1 7 0 1 0 0 0 3000 3 12 12 1
1 8 0 0 0 0 1 1891 3 13 13 12
1 9 0 0 0 0 1 1095 3 14 14 13
1 10 1 1 1 0 0 773 1 13 13 14
1 11 1 1 1 0 0 798 1 14 14 13
1 12 0 0 0 0 1 806 2 8 8 14
1 13 0 0 0 0 1 139 2 7 7 8
1 14 0 0 0 0 1 36 3 9 9 7
1 15 0 0 0 0 1 120 2 4 4 9
1 16 0 0 0 0 1 223 3 15 15 4
1 17 0 0 0 0 1 1980 3 2 2 15
1 18 0 0 0 0 1 73 3 14 14 2
1 19 0 0 0 0 1 89 2 3 3 14
1 20 1 1 1 0 0 1402 1 14 14 3
2 1 0 0 0 0 1 1388 3 10 10 14
2 2 0 0 0 0 1 1247 3 10 10 10
2 3 1 1 1 0 0 749 1 10 10 10
2 4 0 0 0 0 1 777 3 13 13 10
2 5 1 1 1 0 0 1105 1 10 10 13
2 6 0 0 0 0 1 1081 3 8 8 10
2 7 0 0 0 0 1 1292 3 1 1 8
2 8 0 0 0 0 1 1254 2 1 1 1
2 9 0 0 0 0 1 905 2 9 9 1
2 10 0 0 0 0 1 804 3 11 11 9
2 11 0 0 0 0 1 275 3 15 15 11
2 12 0 0 0 0 1 626 3 2 2 15
2 13 1 1 1 0 0 541 1 15 15 2
2 14 0 0 0 0 1 703 2 13 13 15
2 15 0 0 0 0 1 278 2 7 7 13
2 16 0 0 0 0 1 88 2 6 6 7
2 17 1 1 1 0 0 13 1 7 7 6
2 18 0 0 0 0 1 268 2 7 7 7
2 19 0 0 0 0 1 178 2 14 14 7
2 20 1 1 1 0 0 748 1 7 7 14
2 21 0 1 0 0 0 3000 3 2 2 7
2 22 1 1 1 0 0 278 1 7 7 2
2 23 0 0 0 0 1 1620 2 12 12 7
2 24 0 0 0 0 1 358 2 13 13 12
2 25 0 0 0 0 1 1126 3 1 1 13
2 26 1 0 0 1 0 3000 1 13 13 1
2 27 1 1 1 0 0 1104 1 1 1 13
2 28 1 1 1 0 0 869 1 13 13 1
2 29 0 0 0 0 1 323 3 4 4 13
2 30 0 0 0 0 1 850 2 8 8 4
3 1 0 0 0 0 1 1045 2 13 13 8
3 2 0 0 0 0 1 174 1 2 2 13
3 3 0 0 0 0 1 144 3 8 8 2
3 4 0 0 0 0 1 1247 2 15 15 8
3 5 1 1 1 0 0 804 1 8 8 15
3 6 0 0 0 0 1 1313 3 8 8 8
3 7 1 1 1 0 0 221 1 8 8 8
3 8 1 1 1 0 0 1076 1 8 8 8
3 9 1 1 1 0 0 549 1 8 8 8
3 10 0 0 0 0 1 494 2 7 7 8
3 11 1 1 1 0 0 31 1 8 8 7
3 12 0 0 0 0 1 97 3 11 11 8
3 13 0 0 0 0 1 285 2 4 4 11
3 14 0 0 0 0 1 1358 2 12 12 4
3 15 1 1 1 0 0 109 1 4 4 12
3 16 0 0 0 0 1 59 2 14 14 4
3 17 1 1 1 0 0 130 1 4 4 14
3 18 0 0 0 0 1 4 2 6 6 4
3 19 1 1 1 0 0 193 1 4 4 6
3 20 0 0 0 0 1 59 3 9 9 4
3 21 1 1 1 0 0 129 1 4 4 9
3 22 0 0 0 0 1 125 3 12 12 4
3 23 1 1 1 0 0 174 1 4 4 12
3 24 1 1 1 0 0 60 1 12 12 4
3 25 0 0 0 0 1 216 3 9 9 12
3 26 1 1 1 0 0 4 1 12 12 9
3 27 1 1 1 0 0 247 1 9 9 12
3 28 0 0 0 0 1 77 2 3 3 9
3 29 0 0 0 0 1 249 2 15 15 3
3 30 1 1 1 0 0 460 1 3 3 15
