1 1 0 1 0 0 0 3000 2 7 7 0
1 2 0 0 0 0 1 1280 2 10 10 7
1 3 0 1 0 0 0 3000 2 6 6 10
1 4 1 1 1 0 0 552 1 10 10 6
1 5 0 1 0 0 0 3000 3 15 15 10
1 6 0 0 0 0 1 584 2 14 14 15
1 7 0 1 0 0 0 3000 2 6 6 14
1 8 1 0 0 1 0 3000 1 14 14 6
1 9 0 1 0 0 0 3000 2 8 8 14
1 10 0 1 0 0 0 3000 3 9 9 8
1 11 0 1 0 0 0 3000 3 2 2 9
1 12 1 0 0 1 0 3000 1 9 9 2
1 13 1 0 0 1 0 3000 1 2 2 9
1 14 0 1 0 0 0 3000 2 5 5 2
1 15 1 0 0 1 0 3000 1 2 2 5
1 16 0 1 0 0 0 3000 3 1 1 2
1 17 0 1 0 0 0 3000 2 1 1 1
1 18 0 1 0 0 0 3000 3 5 5 1
1 19 0 1 0 0 0 3000 2 15 15 5
1 20 0 1 0 0 0 3000 2 7 7 15
2 1 0 1 0 0 0 3000 1 8 8 7
2 2 0 1 0 0 0 3000 2 5 5 8
2 3 0 1 0 0 0 3000 3 3 3 5
2 4 0 1 0 0 0 3000 2 13 13 3
2 5 0 1 0 0 0 3000 3 4 4 13
2 6 0 0 0 0 1 622 2 2 2 4
2 7 1 0 0 1 0 3000 1 4 4 2
2 8 0 1 0 0 0 3000 2 4 4 4
2 9 0 1 0 0 0 3000 2 8 8 4
2 10 0 1 0 0 0 3000 2 13 13 8
2 11 1 0 0 1 0 3000 1 8 8 13
2 12 0 1 0 0 0 3000 2 14 14 8
2 13 0 1 0 0 0 3000 2 5 5 14
2 14 0 1 0 0 0 3000 2 15 15 5
2 15 0 1 0 0 0 3000 2 3 3 15
2 16 1 0 0 1 0 3000 1 15 15 3
2 17 0 1 0 0 0 3000 2 1 1 15
2 18 0 1 0 0 0 3000 3 11 11 1
2 19 0 1 0 0 0 3000 2 3 3 11
2 20 1 1 1 0 0 692 1 11 11 3
2 21 0 1 0 0 0 3000 3 7 7 11
2 22 0 1 0 0 0 3000 3 13 13 7
2 23 0 1 0 0 0 3000 2 5 5 13
2 24 1 0 0 1 0 3000 1 13 13 5
2 25 0 1 0 0 0 3000 2 14 14 13
2 26 0 1 0 0 0 3000 3 5 5 14
2 27 0 1 0 0 0 3000 3 3 3 5
2 28 1 0 0 1 0 3000 1 5 5 3
2 29 0 1 0 0 0 3000 2 8 8 5
2 30 0 1 0 0 0 3000 2 11 11 8
3 1 0 1 0 0 0 3000 3 10 10 11
3 2 0 1 0 0 0 3000 2 7 7 10
3 3 1 1 1 0 0 772 1 10 10 7
3 4 0 1 0 0 0 3000 2 12 12 10
3 5 0 0 0 0 1 763 2 12 12 12
3 6 0 1 0 0 0 3000 3 11 11 12
3 7 0 1 0 0 0 3000 3 1 1 11
3 8 0 0 0 0 1 749 3 1 1 1
3 9 0 1 0 0 0 3000 2 3 3 1
3 10 0 0 0 0 1 1337 2 3 3 3
3 11 0 1 0 0 0 3000 2 9 9 3
3 12 0 1 0 0 0 3000 3 7 7 9
3 13 0 1 0 0 0 3000 3 6 6 7
3 14 0 1 0 0 0 3000 2 12 12 6
3 15 0 1 0 0 0 3000 2 11 11 12
3 16 0 1 0 0 0 3000 2 8 8 11
3 17 0 1 0 0 0 3000 3 12 12 8
3 18 0 1 0 0 0 3000 2 11 11 12
3 19 1 0 0 1 0 3000 1 12 12 11
3 20 0 1 0 0 0 3000 3 14 14 12
3 21 0 1 0 0 0 3000 2 4 4 14
3 22 0 1 0 0 0 3000 2 7 7 4
3 23 0 1 0 0 0 3000 2 9 9 7
3 24 0 1 0 0 0 3000 2 8 8 9
3 25 1 0 0 1 0 3000 1 9 9 8
3 26 1 0 0 1 0 3000 1 8 8 9
3 27 1 0 0 1 0 3000 1 9 9 8
3 28 0 1 0 0 0 3000 3 1 1 9
3 29 0 1 0 0 0 3000 2 7 7 1
3 30 0 1 0 0 0 3000 3 14 14 7
