1 1 0 1 0 0 0 3000 1 6 6 0
1 2 0 1 0 0 0 3000 2 13 13 6
1 3 0 1 0 0 0 3000 2 4 4 13
1 4 0 0 0 0 1 720 3 6 6 4
1 5 1 1 1 0 0 212 1 4 4 6
1 6 0 1 0 0 0 3000 2 15 15 4
1 7 0 0 0 0 1 384 3 2 2 15
1 8 1 1 1 0 0 451 1 15 15 2
1 9 0 1 0 0 0 3000 3 10 10 15
1 10 0 0 0 0 1 608 3 10 10 10
1 11 0 1 0 0 0 3000 2 3 3 10
1 12 1 1 1 0 0 333 1 10 10 3
1 13 0 1 0 0 0 3000 2 13 13 10
1 14 1 0 0 1 0 3000 1 10 10 13
1 15 1 1 1 0 0 380 1 13 13 10
1 16 0 1 0 0 0 3000 3 4 4 13
1 17 0 1 0 0 0 3000 3 6 6 4
1 18 0 1 0 0 0 3000 2 10 10 6
1 19 0 1 0 0 0 3000 2 5 5 10
1 20 1 1 1 0 0 421 1 10 10 5
2 1 0 1 0 0 0 3000 3 6 6 10
2 2 0 1 0 0 0 3000 2 9 9 6
2 3 0 1 0 0 0 3000 3 11 11 9
2 4 1 1 1 0 0 418 1 9 9 11
2 5 0 1 0 0 0 3000 2 4 4 9
2 6 0 1 0 0 0 3000 2 14 14 4
2 7 0 1 0 0 0 3000 2 12 12 14
2 8 0 1 0 0 0 3000 3 7 7 12
2 9 1 1 1 0 0 609 1 12 12 7
2 10 0 1 0 0 0 3000 3 4 4 12
2 11 0 1 0 0 0 3000 3 5 5 4
2 12 1 0 0 1 0 3000 1 4 4 5
2 13 1 1 1 0 0 469 1 5 5 4
2 14 0 1 0 0 0 3000 3 11 11 5
2 15 0 1 0 0 0 3000 2 11 11 11
2 16 0 1 0 0 0 3000 2 9 9 11
2 17 1 1 1 0 0 332 1 11 11 9
2 18 0 1 0 0 0 3000 3 8 8 11
2 19 1 1 1 0 0 553 1 11 11 8
2 20 0 1 0 0 0 3000 3 3 3 11
2 21 0 1 0 0 0 3000 2 4 4 3
2 22 1 1 1 0 0 498 1 3 3 4
2 23 1 1 1 0 0 632 1 4 4 3
2 24 0 1 0 0 0 3000 2 15 15 4
2 25 0 1 0 0 0 3000 2 12 12 15
2 26 0 1 0 0 0 3000 3 2 2 12
2 27 0 1 0 0 0 3000 3 11 11 2
2 28 1 1 1 0 0 327 1 2 2 11
2 29 1 1 1 0 0 498 1 11 11 2
2 30 0 1 0 0 0 3000 2 12 12 11
3 1 0 1 0 0 0 3000 1 15 15 12
3 2 0 1 0 0 0 3000 1 7 7 15
3 3 0 1 0 0 0 3000 3 12 12 7
3 4 0 1 0 0 0 3000 2 1 1 12
3 5 0 1 0 0 0 3000 3 14 14 1
3 6 1 1 1 0 0 600 1 1 1 14
3 7 0 1 0 0 0 3000 3 13 13 1
3 8 1 1 1 0 0 401 1 1 1 13
3 9 1 1 1 0 0 625 1 13 13 1
3 10 1 1 1 0 0 471 1 1 1 13
3 11 0 1 0 0 0 3000 3 10 10 1
3 12 1 1 1 0 0 406 1 1 1 10
3 13 0 0 0 0 1 482 2 1 1 1
3 14 0 1 0 0 0 3000 3 3 3 1
3 15 0 1 0 0 0 3000 2 4 4 3
3 16 0 1 0 0 0 3000 2 15 15 4
3 17 1 1 1 0 0 367 1 4 4 15
3 18 1 1 1 0 0 607 1 15 15 4
3 19 0 1 0 0 0 3000 3 14 14 15
3 20 0 1 0 0 0 3000 2 2 2 14
3 21 0 1 0 0 0 3000 2 8 8 2
3 22 1 1 1 0 0 668 1 2 2 8
3 23 0 1 0 0 0 3000 2 14 14 2
3 24 0 1 0 0 0 3000 3 8 8 14
3 25 0 1 0 0 0 3000 2 2 2 8
3 26 0 1 0 0 0 3000 2 4 4 2
3 27 0 1 0 0 0 3000 2 1 1 4
3 28 0 1 0 0 0 3000 2 7 7 1
3 29 0 1 0 0 0 3000 2 6 6 7
3 30 1 1 1 0 0 325 1 7 7 6
