1 1 0 1 0 0 0 3000 3 10 10 0
1 2 0 1 0 0 0 3000 2 10 10 10
1 3 1 1 1 0 0 604 1 10 10 10
1 4 0 1 0 0 0 3000 2 14 14 10
1 5 0 1 0 0 0 3000 3 7 7 14
1 6 1 1 1 0 0 402 1 14 14 7
1 7 0 1 0 0 0 3000 2 12 12 14
1 8 0 1 0 0 0 3000 2 12 12 12
1 9 1 1 1 0 0 393 1 12 12 12
1 10 0 0 0 0 1 689 3 7 7 12
1 11 0 1 0 0 0 3000 2 10 10 7
1 12 1 1 1 0 0 380 1 7 7 10
1 13 0 1 0 0 0 3000 3 7 7 7
1 14 0 1 0 0 0 3000 2 11 11 7
1 15 1 1 1 0 0 429 1 7 7 11
1 16 0 1 0 0 0 3000 2 5 5 7
1 17 0 0 0 0 1 375 3 10 10 5
1 18 0 1 0 0 0 3000 3 14 14 10
1 19 1 1 1 0 0 371 1 10 10 14
1 20 0 1 0 0 0 3000 3 15 15 10
2 1 0 1 0 0 0 3000 2 6 6 15
2 2 0 1 0 0 0 3000 2 6 6 6
2 3 0 1 0 0 0 3000 2 9 9 6
2 4 0 1 0 0 0 3000 2 12 12 9
2 5 0 1 0 0 0 3000 2 12 12 12
2 6 1 1 1 0 0 382 1 12 12 12
2 7 0 1 0 0 0 3000 2 3 3 12
2 8 0 1 0 0 0 3000 3 15 15 3
2 9 0 1 0 0 0 3000 3 12 12 15
2 10 0 1 0 0 0 3000 3 11 11 12
2 11 0 1 0 0 0 3000 3 2 2 11
2 12 0 1 0 0 0 3000 2 12 12 2
2 13 1 1 1 0 0 436 1 2 2 12
2 14 0 1 0 0 0 3000 3 7 7 2
2 15 0 1 0 0 0 3000 3 5 5 7
2 16 1 0 0 1 0 3000 1 7 7 5
2 17 1 0 0 1 0 3000 1 5 5 7
2 18 1 0 0 1 0 3000 1 7 7 5
2 19 1 0 0 1 0 3000 1 5 5 7
2 20 0 1 0 0 0 3000 2 14 14 5
2 21 0 1 0 0 0 3000 2 8 8 14
2 22 1 1 1 0 0 524 1 14 14 8
2 23 1 1 1 0 0 1414 1 8 8 14
2 24 1 0 0 1 0 3000 1 14 14 8
2 25 1 0 0 1 0 3000 1 8 8 14
2 26 0 1 0 0 0 3000 2 8 8 8
2 27 0 1 0 0 0 3000 2 2 2 8
2 28 0 1 0 0 0 3000 2 6 6 2
2 29 1 1 1 0 0 374 1 2 2 6
2 30 1 0 0 1 0 3000 1 6 6 2
3 1 0 1 0 0 0 3000 1 7 7 6
3 2 0 1 0 0 0 3000 2 10 10 7
3 3 1 1 1 0 0 373 1 7 7 10
3 4 0 1 0 0 0 3000 3 2 2 7
3 5 0 1 0 0 0 3000 2 4 4 2
3 6 0 1 0 0 0 3000 3 3 3 4
3 7 0 1 0 0 0 3000 2 2 2 3
3 8 0 1 0 0 0 3000 3 6 6 2
3 9 0 1 0 0 0 3000 2 7 7 6
3 10 0 1 0 0 0 3000 3 9 9 7
3 11 0 1 0 0 0 3000 2 12 12 9
3 12 1 1 1 0 0 391 1 9 9 12
3 13 0 1 0 0 0 3000 2 9 9 9
3 14 0 1 0 0 0 3000 2 4 4 9
3 15 1 1 1 0 0 345 1 9 9 4
3 16 1 1 1 0 0 452 1 4 4 9
3 17 1 1 1 0 0 690 1 9 9 4
3 18 0 1 0 0 0 3000 3 9 9 9
3 19 0 1 0 0 0 3000 2 5 5 9
3 20 1 1 1 0 0 392 1 9 9 5
3 21 1 1 1 0 0 405 1 5 5 9
3 22 0 1 0 0 0 3000 3 8 8 5
3 23 0 1 0 0 0 3000 2 14 14 8
3 24 0 1 0 0 0 3000 2 13 13 14
3 25 0 1 0 0 0 3000 2 7 7 13
3 26 0 1 0 0 0 3000 3 2 2 7
3 27 1 1 1 0 0 370 1 7 7 2
3 28 0 1 0 0 0 3000 3 3 3 7
3 29 0 1 0 0 0 3000 2 1 1 3
3 30 0 1 0 0 0 3000 2 7 7 1
