1 1 0 1 0 0 0 3000 1 2 2 0
1 2 0 1 0 0 0 3000 1 9 9 2
1 3 0 1 0 0 0 3000 2 14 14 9
1 4 0 1 0 0 0 3000 2 1 1 14
1 5 0 1 0 0 0 3000 3 12 12 1
1 6 0 1 0 0 0 3000 3 12 12 12
1 7 1 0 0 1 0 3000 1 12 12 12
1 8 0 1 0 0 0 3000 3 3 3 12
1 9 0 1 0 0 0 3000 3 2 2 3
1 10 0 1 0 0 0 3000 2 1 1 2
1 11 0 0 0 0 1 668 3 1 1 1
1 12 0 1 0 0 0 3000 3 14 14 1
1 13 0 1 0 0 0 3000 3 10 10 14
1 14 1 1 1 0 0 482 1 14 14 10
1 15 1 1 1 0 0 1232 1 10 10 14
1 16 0 1 0 0 0 3000 2 11 11 10
1 17 1 1 1 0 0 1423 1 10 10 11
1 18 0 1 0 0 0 3000 3 6 6 10
1 19 0 1 0 0 0 3000 2 13 13 6
1 20 0 1 0 0 0 3000 2 2 2 13
2 1 0 1 0 0 0 3000 3 6 6 2
2 2 0 1 0 0 0 3000 3 6 6 6
2 3 0 1 0 0 0 3000 3 12 12 6
2 4 0 1 0 0 0 3000 3 9 9 12
2 5 0 1 0 0 0 3000 3 3 3 9
2 6 1 0 0 1 0 3000 1 9 9 3
2 7 0 1 0 0 0 3000 2 4 4 9
2 8 0 1 0 0 0 3000 2 1 1 4
2 9 0 1 0 0 0 3000 2 11 11 1
2 10 0 0 0 0 1 555 2 6 6 11
2 11 1 1 1 0 0 1247 1 11 11 6
2 12 0 0 0 0 1 1148 3 3 3 11
2 13 0 0 0 0 1 913 3 2 2 3
2 14 1 1 1 0 0 687 1 3 3 2
2 15 0 0 0 0 1 596 3 9 9 3
2 16 0 1 0 0 0 3000 2 14 14 9
2 17 0 0 0 0 1 2907 2 14 14 14
2 18 1 1 1 0 0 1111 1 14 14 14
2 19 1 1 1 0 0 628 1 14 14 14
2 20 0 1 0 0 0 3000 3 5 5 14
2 21 1 1 1 0 0 851 1 14 14 5
2 22 1 1 1 0 0 641 1 5 5 14
2 23 0 1 0 0 0 3000 2 5 5 5
2 24 0 1 0 0 0 3000 3 15 15 5
2 25 0 1 0 0 0 3000 2 4 4 15
2 26 0 0 0 0 1 500 2 4 4 4
2 27 0 0 0 0 1 664 2 15 15 4
2 28 0 0 0 0 1 1293 2 9 9 15
2 29 0 1 0 0 0 3000 3 5 5 9
2 30 1 1 1 0 0 540 1 9 9 5
3 1 0 1 0 0 0 3000 3 6 6 9
3 2 0 1 0 0 0 3000 2 8 8 6
3 3 0 1 0 0 0 3000 3 7 7 8
3 4 1 1 1 0 0 654 1 8 8 7
3 5 1 1 1 0 0 1010 1 7 7 8
3 6 1 1 1 0 0 591 1 8 8 7
3 7 1 1 1 0 0 490 1 7 7 8
3 8 0 0 0 0 1 488 3 6 6 7
3 9 1 1 1 0 0 731 1 7 7 6
3 10 0 1 0 0 0 3000 2 4 4 7
3 11 0 1 0 0 0 3000 2 9 9 4
3 12 0 1 0 0 0 3000 3 5 5 9
3 13 0 1 0 0 0 3000 3 14 14 5
3 14 0 1 0 0 0 3000 2 10 10 14
3 15 1 1 1 0 0 523 1 14 14 10
3 16 1 1 1 0 0 608 1 10 10 14
3 17 0 0 0 0 1 564 2 10 10 10
3 18 1 1 1 0 0 1074 1 10 10 10
3 19 0 0 0 0 1 655 2 8 8 10
3 20 0 0 0 0 1 555 2 9 9 8
3 21 1 1 1 0 0 600 1 8 8 9
3 22 0 1 0 0 0 3000 3 13 13 8
3 23 1 0 0 1 0 3000 1 8 8 13
3 24 0 1 0 0 0 3000 3 7 7 8
3 25 1 1 1 0 0 525 1 8 8 7
3 26 1 1 1 0 0 689 1 7 7 8
3 27 1 1 1 0 0 484 1 8 8 7
3 28 0 0 0 0 1 556 3 8 8 8
3 29 0 1 0 0 0 3000 2 3 3 8
3 30 0 1 0 0 0 3000 3 11 11 3
