1 1 0 1 0 0 0 3000 2 13 13 0
1 2 0 1 0 0 0 3000 1 13 13 13
1 3 1 1 1 0 0 585 1 13 13 13
1 4 0 1 0 0 0 3000 2 5 5 13
1 5 0 1 0 0 0 3000 3 6 6 5
1 6 0 1 0 0 0 3000 2 9 9 6
1 7 0 1 0 0 0 3000 2 12 12 9
1 8 1 1 1 0 0 689 1 9 9 12
1 9 0 1 0 0 0 3000 3 8 8 9
1 10 1 1 1 0 0 1050 1 9 9 8
1 11 0 1 0 0 0 3000 2 5 5 9
1 12 1 0 0 1 0 3000 1 9 9 5
1 13 1 1 1 0 0 660 1 5 5 9
1 14 1 0 0 1 0 3000 1 9 9 5
1 15 1 0 0 1 0 3000 1 5 5 9
1 16 0 1 0 0 0 3000 2 5 5 5
1 17 1 1 1 0 0 394 1 5 5 5
1 18 1 1 1 0 0 1305 1 5 5 5
1 19 0 1 0 0 0 3000 3 9 9 5
1 20 1 1 1 0 0 617 1 5 5 9
2 1 0 1 0 0 0 3000 2 1 1 5
2 2 0 1 0 0 0 3000 1 8 8 1
2 3 1 1 1 0 0 461 1 1 1 8
2 4 1 1 1 0 0 571 1 8 8 1
2 5 0 1 0 0 0 3000 3 3 3 8
2 6 0 1 0 0 0 3000 2 9 9 3
2 7 0 1 0 0 0 3000 3 7 7 9
2 8 0 1 0 0 0 3000 2 3 3 7
2 9 0 1 0 0 0 3000 2 13 13 3
2 10 0 1 0 0 0 3000 3 11 11 13
2 11 0 1 0 0 0 3000 3 10 10 11
2 12 0 1 0 0 0 3000 3 7 7 10
2 13 0 1 0 0 0 3000 3 12 12 7
2 14 1 1 1 0 0 517 1 7 7 12
2 15 0 1 0 0 0 3000 2 11 11 7
2 16 0 1 0 0 0 3000 3 2 2 11
2 17 0 1 0 0 0 3000 2 6 6 2
2 18 1 1 1 0 0 651 1 2 2 6
2 19 1 1 1 0 0 891 1 6 6 2
2 20 1 1 1 0 0 740 1 2 2 6
2 21 0 1 0 0 0 3000 3 8 8 2
2 22 0 1 0 0 0 3000 2 7 7 8
2 23 1 1 1 0 0 493 1 8 8 7
2 24 0 1 0 0 0 3000 3 12 12 8
2 25 0 1 0 0 0 3000 2 15 15 12
2 26 1 1 1 0 0 684 1 12 12 15
2 27 0 1 0 0 0 3000 2 8 8 12
2 28 0 1 0 0 0 3000 3 4 4 8
2 29 0 1 0 0 0 3000 3 11 11 4
2 30 0 1 0 0 0 3000 3 1 1 11
3 1 0 1 0 0 0 3000 3 13 13 1
3 2 0 1 0 0 0 3000 2 8 8 13
3 3 0 1 0 0 0 3000 3 3 3 8
3 4 0 1 0 0 0 3000 3 6 6 3
3 5 0 1 0 0 0 3000 3 7 7 6
3 6 0 1 0 0 0 3000 3 8 8 7
3 7 1 1 1 0 0 623 1 7 7 8
3 8 0 1 0 0 0 3000 3 4 4 7
3 9 0 1 0 0 0 3000 3 14 14 4
3 10 1 1 1 0 0 536 1 4 4 14
3 11 1 1 1 0 0 725 1 14 14 4
3 12 1 1 1 0 0 469 1 4 4 14
3 13 0 1 0 0 0 3000 2 5 5 4
3 14 0 1 0 0 0 3000 3 2 2 5
3 15 0 1 0 0 0 3000 2 4 4 2
3 16 0 1 0 0 0 3000 3 6 6 4
3 17 0 1 0 0 0 3000 2 12 12 6
3 18 0 1 0 0 0 3000 3 8 8 12
3 19 0 1 0 0 0 3000 2 10 10 8
3 20 0 1 0 0 0 3000 3 12 12 10
3 21 1 1 1 0 0 391 1 10 10 12
3 22 1 1 1 0 0 684 1 12 12 10
3 23 0 1 0 0 0 3000 2 1 1 12
3 24 0 1 0 0 0 3000 3 10 10 1
3 25 1 1 1 0 0 389 1 1 1 10
3 26 0 1 0 0 0 3000 2 6 6 1
3 27 0 1 0 0 0 3000 3 8 8 6
3 28 1 1 1 0 0 559 1 6 6 8
3 29 0 1 0 0 0 3000 3 3 3 6
3 30 1 1 1 0 0 426 1 6 6 3
