1 1 0 1 0 0 0 3000 3 11 11 0
1 2 0 0 0 0 1 348 3 4 4 11
1 3 0 0 0 0 1 2231 2 10 10 4
1 4 0 1 0 0 0 3000 3 3 3 10
1 5 1 1 1 0 0 2550 1 10 10 3
1 6 1 1 1 0 0 1329 1 3 3 10
1 7 0 0 0 0 1 405 3 6 6 3
1 8 0 1 0 0 0 3000 3 7 7 6
1 9 0 1 0 0 0 3000 3 9 9 7
1 10 0 0 0 0 1 849 2 10 10 9
1 11 1 0 0 1 0 3000 1 9 9 10
1 12 0 1 0 0 0 3000 3 1 1 9
1 13 1 0 0 1 0 3000 1 9 9 1
1 14 0 1 0 0 0 3000 2 12 12 9
1 15 1 0 0 1 0 3000 1 9 9 12
1 16 0 1 0 0 0 3000 2 5 5 9
1 17 0 1 0 0 0 3000 2 14 14 5
1 18 0 1 0 0 0 3000 3 8 8 14
1 19 1 0 0 1 0 3000 1 14 14 8
1 20 1 0 0 1 0 3000 1 8 8 14
2 1 0 0 0 0 1 1454 2 6 6 8
2 2 0 0 0 0 1 422 3 6 6 6
2 3 0 0 0 0 1 55 3 4 4 6
2 4 1 1 1 0 0 303 1 6 6 4
2 5 0 0 0 0 1 326 2 6 6 6
2 6 0 0 0 0 1 615 3 7 7 6
2 7 0 0 0 0 1 443 3 7 7 7
2 8 0 0 0 0 1 326 3 5 5 7
2 9 0 0 0 0 1 212 2 4 4 5
2 10 0 0 0 0 1 565 3 11 11 4
2 11 0 0 0 0 1 334 3 15 15 11
2 12 0 0 0 0 1 412 3 8 8 15
2 13 0 0 0 0 1 279 3 10 10 8
2 14 1 1 1 0 0 466 1 8 8 10
2 15 0 0 0 0 1 675 3 8 8 8
2 16 1 1 1 0 0 1398 1 8 8 8
2 17 0 0 0 0 1 653 3 10 10 8
2 18 0 1 0 0 0 3000 3 15 15 10
2 19 0 1 0 0 0 3000 3 5 5 15
2 20 1 1 1 0 0 259 1 15 15 5
2 21 0 0 0 0 1 440 2 15 15 15
2 22 1 1 1 0 0 964 1 15 15 15
2 23 0 0 0 0 1 1013 2 10 10 15
2 24 1 1 1 0 0 875 1 15 15 10
2 25 0 0 0 0 1 359 2 11 11 15
2 26 0 1 0 0 0 3000 3 2 2 11
2 27 0 0 0 0 1 625 2 8 8 2
2 28 0 0 0 0 1 334 3 8 8 8
2 29 1 1 1 0 0 1382 1 8 8 8
2 30 1 1 1 0 0 840 1 8 8 8
3 1 0 0 0 0 1 1683 1 7 7 8
3 2 0 1 0 0 0 3000 1 4 4 7
3 3 0 0 0 0 1 436 3 14 14 4
3 4 1 1 1 0 0 572 1 4 4 14
3 5 0 0 0 0 1 732 3 10 10 4
3 6 1 1 1 0 0 732 1 4 4 10
3 7 1 0 0 1 0 3000 1 10 10 4
3 8 1 1 1 0 0 2831 1 4 4 10
3 9 0 1 0 0 0 3000 3 8 8 4
3 10 0 1 0 0 0 3000 3 2 2 8
3 11 1 1 1 0 0 812 1 8 8 2
3 12 0 0 0 0 1 685 2 15 15 8
3 13 0 0 0 0 1 659 2 14 14 15
3 14 0 1 0 0 0 3000 3 2 2 14
3 15 0 0 0 0 1 419 2 15 15 2
3 16 1 0 0 1 0 3000 1 2 2 15
3 17 0 0 0 0 1 938 3 13 13 2
3 18 0 0 0 0 1 1480 2 9 9 13
3 19 0 0 0 0 1 1054 2 6 6 9
3 20 0 1 0 0 0 3000 2 15 15 6
3 21 0 0 0 0 1 415 2 7 7 15
3 22 1 1 1 0 0 450 1 15 15 7
3 23 0 0 0 0 1 373 2 14 14 15
3 24 0 1 0 0 0 3000 2 3 3 14
3 25 0 0 0 0 1 21 2 13 13 3
3 26 0 0 0 0 1 358 3 11 11 13
3 27 0 1 0 0 0 3000 2 1 1 11
3 28 0 1 0 0 0 3000 2 5 5 1
3 29 0 0 0 0 1 767 2 4 4 5
3 30 1 0 0 1 0 3000 1 5 5 4
