1 1 0 1 0 0 0 3000 1 7 7 0
1 2 0 1 0 0 0 3000 3 2 2 7
1 3 0 1 0 0 0 3000 2 14 14 2
1 4 0 1 0 0 0 3000 2 12 12 14
1 5 1 0 0 1 0 3000 1 14 14 12
1 6 0 1 0 0 0 3000 2 14 14 14
1 7 0 1 0 0 0 3000 3 4 4 14
1 8 0 1 0 0 0 3000 3 9 9 4
1 9 0 1 0 0 0 3000 2 7 7 9
1 10 1 1 1 0 0 1062 1 9 9 7
1 11 0 1 0 0 0 3000 2 8 8 9
1 12 1 1 1 0 0 1819 1 9 9 8
1 13 0 1 0 0 0 3000 2 2 2 9
1 14 0 1 0 0 0 3000 2 1 1 2
1 15 1 1 1 0 0 1121 1 2 2 1
1 16 0 1 0 0 0 3000 3 13 13 2
1 17 0 1 0 0 0 3000 2 10 10 13
1 18 1 1 1 0 0 614 1 13 13 10
1 19 0 1 0 0 0 3000 2 3 3 13
1 20 0 1 0 0 0 3000 3 4 4 3
2 1 0 1 0 0 0 3000 3 14 14 4
2 2 0 1 0 0 0 3000 3 12 12 14
2 3 0 1 0 0 0 3000 2 8 8 12
2 4 0 1 0 0 0 3000 2 4 4 8
2 5 0 1 0 0 0 3000 3 10 10 4
2 6 0 1 0 0 0 3000 2 13 13 10
2 7 0 1 0 0 0 3000 3 1 1 13
2 8 0 1 0 0 0 3000 3 7 7 1
2 9 0 1 0 0 0 3000 2 5 5 7
2 10 1 1 1 0 0 1214 1 7 7 5
2 11 0 1 0 0 0 3000 3 4 4 7
2 12 0 1 0 0 0 3000 3 10 10 4
2 13 1 1 1 0 0 1069 1 4 4 10
2 14 1 0 0 1 0 3000 1 10 10 4
2 15 1 1 1 0 0 1091 1 4 4 10
2 16 0 1 0 0 0 3000 2 7 7 4
2 17 0 1 0 0 0 3000 2 1 1 7
2 18 0 1 0 0 0 3000 3 12 12 1
2 19 0 1 0 0 0 3000 2 14 14 12
2 20 0 1 0 0 0 3000 2 3 3 14
2 21 0 1 0 0 0 3000 3 13 13 3
2 22 1 1 1 0 0 1260 1 3 3 13
2 23 0 1 0 0 0 3000 3 4 4 3
2 24 0 1 0 0 0 3000 2 11 11 4
2 25 0 1 0 0 0 3000 3 8 8 11
2 26 0 1 0 0 0 3000 2 9 9 8
2 27 1 1 1 0 0 1267 1 8 8 9
2 28 0 1 0 0 0 3000 2 12 12 8
2 29 1 1 1 0 0 1159 1 8 8 12
2 30 1 1 1 0 0 1001 1 12 12 8
3 1 0 1 0 0 0 3000 1 6 6 12
3 2 0 1 0 0 0 3000 2 6 6 6
3 3 0 1 0 0 0 3000 3 2 2 6
3 4 0 1 0 0 0 3000 2 3 3 2
3 5 0 1 0 0 0 3000 3 10 10 3
3 6 1 1 1 0 0 1252 1 3 3 10
3 7 1 1 1 0 0 1294 1 10 10 3
3 8 0 1 0 0 0 3000 2 9 9 10
3 9 0 1 0 0 0 3000 2 5 5 9
3 10 0 1 0 0 0 3000 3 2 2 5
3 11 1 1 1 0 0 1000 1 5 5 2
3 12 0 1 0 0 0 3000 2 3 3 5
3 13 0 1 0 0 0 3000 2 11 11 3
3 14 1 1 1 0 0 935 1 3 3 11
3 15 0 1 0 0 0 3000 3 1 1 3
3 16 0 1 0 0 0 3000 3 2 2 1
3 17 0 1 0 0 0 3000 3 11 11 2
3 18 1 0 0 1 0 3000 1 2 2 11
3 19 0 1 0 0 0 3000 2 6 6 2
3 20 0 1 0 0 0 3000 3 5 5 6
3 21 0 1 0 0 0 3000 2 2 2 5
3 22 0 1 0 0 0 3000 2 3 3 2
3 23 1 1 1 0 0 540 1 2 2 3
3 24 0 1 0 0 0 3000 2 12 12 2
3 25 0 1 0 0 0 3000 3 7 7 12
3 26 1 1 1 0 0 960 1 12 12 7
3 27 1 1 1 0 0 908 1 7 7 12
3 28 0 1 0 0 0 3000 3 13 13 7
3 29 0 1 0 0 0 3000 2 13 13 13
3 30 0 1 0 0 0 3000 3 15 15 13
