1 1 0 1 0 0 0 3000 3 15 15 0
1 2 0 1 0 0 0 3000 2 2 2 15
1 3 0 1 0 0 0 3000 2 8 8 2
1 4 0 1 0 0 0 3000 2 7 7 8
1 5 0 1 0 0 0 3000 2 7 7 7
1 6 1 0 0 1 0 3000 1 7 7 7
1 7 1 0 0 1 0 3000 1 7 7 7
1 8 0 0 0 0 1 1435 2 10 10 7
1 9 1 0 0 1 0 3000 1 7 7 10
1 10 0 1 0 0 0 3000 3 1 1 7
1 11 0 1 0 0 0 3000 3 3 3 1
1 12 0 1 0 0 0 3000 2 9 9 3
1 13 1 0 0 1 0 3000 1 3 3 9
1 14 0 1 0 0 0 3000 2 8 8 3
1 15 0 0 0 0 1 568 2 10 10 8
1 16 0 1 0 0 0 3000 3 15 15 10
1 17 0 1 0 0 0 3000 2 9 9 15
1 18 0 1 0 0 0 3000 3 5 5 9
1 19 0 1 0 0 0 3000 2 14 14 5
1 20 0 1 0 0 0 3000 2 7 7 14
2 1 0 1 0 0 0 3000 2 13 13 7
2 2 0 1 0 0 0 3000 2 4 4 13
2 3 0 1 0 0 0 3000 2 3 3 4
2 4 0 1 0 0 0 3000 2 5 5 3
2 5 0 1 0 0 0 3000 3 1 1 5
2 6 0 1 0 0 0 3000 2 10 10 1
2 7 0 0 0 0 1 2778 3 5 5 10
2 8 0 1 0 0 0 3000 2 1 1 5
2 9 0 1 0 0 0 3000 2 4 4 1
2 10 0 1 0 0 0 3000 2 10 10 4
2 11 1 1 1 0 0 48 1 4 4 10
2 12 1 0 0 1 0 3000 1 10 10 4
2 13 0 1 0 0 0 3000 2 13 13 10
2 14 0 1 0 0 0 3000 2 11 11 13
2 15 1 1 1 0 0 130 1 13 13 11
2 16 0 1 0 0 0 3000 2 5 5 13
2 17 0 1 0 0 0 3000 3 2 2 5
2 18 1 0 0 1 0 3000 1 5 5 2
2 19 0 1 0 0 0 3000 2 14 14 5
2 20 0 1 0 0 0 3000 2 12 12 14
2 21 0 1 0 0 0 3000 3 5 5 12
2 22 0 1 0 0 0 3000 3 15 15 5
2 23 0 1 0 0 0 3000 2 7 7 15
2 24 0 1 0 0 0 3000 3 2 2 7
2 25 0 1 0 0 0 3000 3 2 2 2
2 26 0 1 0 0 0 3000 2 14 14 2
2 27 1 0 0 1 0 3000 1 2 2 14
2 28 0 1 0 0 0 3000 3 7 7 2
2 29 0 1 0 0 0 3000 2 10 10 7
2 30 1 1 1 0 0 1421 1 7 7 10
3 1 0 1 0 0 0 3000 3 2 2 7
3 2 0 1 0 0 0 3000 3 3 3 2
3 3 0 1 0 0 0 3000 3 5 5 3
3 4 0 1 0 0 0 3000 2 15 15 5
3 5 0 1 0 0 0 3000 3 15 15 15
3 6 0 1 0 0 0 3000 3 5 5 15
3 7 0 1 0 0 0 3000 3 10 10 5
3 8 1 0 0 1 0 3000 1 5 5 10
3 9 0 0 0 0 1 1539 2 9 9 5
3 10 0 1 0 0 0 3000 3 4 4 9
3 11 0 1 0 0 0 3000 2 8 8 4
3 12 0 1 0 0 0 3000 2 13 13 8
3 13 0 1 0 0 0 3000 3 4 4 13
3 14 0 1 0 0 0 3000 2 7 7 4
3 15 0 1 0 0 0 3000 3 15 15 7
3 16 0 1 0 0 0 3000 3 4 4 15
3 17 0 1 0 0 0 3000 3 12 12 4
3 18 1 0 0 1 0 3000 1 4 4 12
3 19 0 1 0 0 0 3000 2 7 7 4
3 20 1 0 0 1 0 3000 1 4 4 7
3 21 1 0 0 1 0 3000 1 7 7 4
3 22 1 0 0 1 0 3000 1 4 4 7
3 23 0 1 0 0 0 3000 2 14 14 4
3 24 0 1 0 0 0 3000 2 8 8 14
3 25 1 0 0 1 0 3000 1 14 14 8
3 26 0 1 0 0 0 3000 3 1 1 14
3 27 0 1 0 0 0 3000 3 11 11 1
3 28 0 1 0 0 0 3000 3 4 4 11
3 29 0 1 0 0 0 3000 3 3 3 4
3 30 0 1 0 0 0 3000 3 13 13 3
