1 1 0 1 0 0 0 3000 1 2 2 0
1 2 0 1 0 0 0 3000 1 15 15 2
1 3 1 0 0 1 0 3000 1 2 2 15
1 4 0 1 0 0 0 3000 2 6 6 2
1 5 0 1 0 0 0 3000 2 6 6 6
1 6 1 0 0 1 0 3000 1 6 6 6
1 7 0 1 0 0 0 3000 3 12 12 6
1 8 0 1 0 0 0 3000 2 12 12 12
1 9 0 1 0 0 0 3000 3 8 8 12
1 10 0 1 0 0 0 3000 2 8 8 8
1 11 0 1 0 0 0 3000 3 14 14 8
1 12 1 0 0 1 0 3000 1 8 8 14
1 13 0 1 0 0 0 3000 2 9 9 8
1 14 0 1 0 0 0 3000 3 11 11 9
1 15 0 1 0 0 0 3000 2 3 3 11
1 16 0 1 0 0 0 3000 3 15 15 3
1 17 0 1 0 0 0 3000 3 8 8 15
1 18 1 0 0 1 0 3000 1 15 15 8
1 19 1 0 0 1 0 3000 1 8 8 15
1 20 0 1 0 0 0 3000 3 12 12 8
2 1 0 1 0 0 0 3000 2 11 11 12
2 2 0 1 0 0 0 3000 3 1 1 11
2 3 1 0 0 1 0 3000 1 11 11 1
2 4 0 1 0 0 0 3000 3 8 8 11
2 5 1 0 0 1 0 3000 1 11 11 8
2 6 0 1 0 0 0 3000 2 1 1 11
2 7 0 1 0 0 0 3000 3 9 9 1
2 8 0 1 0 0 0 3000 3 7 7 9
2 9 1 0 0 1 0 3000 1 9 9 7
2 10 0 0 0 0 1 1337 3 10 10 9
2 11 0 1 0 0 0 3000 2 12 12 10
2 12 0 1 0 0 0 3000 2 7 7 12
2 13 1 0 0 1 0 3000 1 12 12 7
2 14 0 1 0 0 0 3000 2 13 13 12
2 15 0 0 0 0 1 1582 2 10 10 13
2 16 0 1 0 0 0 3000 3 4 4 10
2 17 1 1 1 0 0 1137 1 10 10 4
2 18 0 1 0 0 0 3000 2 14 14 10
2 19 0 1 0 0 0 3000 2 1 1 14
2 20 1 0 0 1 0 3000 1 14 14 1
2 21 0 1 0 0 0 3000 2 3 3 14
2 22 1 0 0 1 0 3000 1 14 14 3
2 23 0 0 0 0 1 1493 2 10 10 14
2 24 0 1 0 0 0 3000 3 9 9 10
2 25 0 1 0 0 0 3000 3 4 4 9
2 26 0 1 0 0 0 3000 3 3 3 4
2 27 1 0 0 1 0 3000 1 4 4 3
2 28 0 1 0 0 0 3000 2 4 4 4
2 29 0 1 0 0 0 3000 2 9 9 4
2 30 1 0 0 1 0 3000 1 4 4 9
3 1 0 1 0 0 0 3000 3 15 15 4
3 2 0 1 0 0 0 3000 1 14 14 15
3 3 0 1 0 0 0 3000 2 2 2 14
3 4 0 1 0 0 0 3000 2 13 13 2
3 5 1 0 0 1 0 3000 1 2 2 13
3 6 0 1 0 0 0 3000 2 12 12 2
3 7 0 0 0 0 1 1320 3 10 10 12
3 8 1 0 0 1 0 3000 1 12 12 10
3 9 0 1 0 0 0 3000 3 11 11 12
3 10 0 1 0 0 0 3000 3 14 14 11
3 11 0 1 0 0 0 3000 2 8 8 14
3 12 0 1 0 0 0 3000 3 9 9 8
3 13 0 1 0 0 0 3000 3 15 15 9
3 14 0 1 0 0 0 3000 2 12 12 15
3 15 0 1 0 0 0 3000 3 2 2 12
3 16 0 1 0 0 0 3000 3 15 15 2
3 17 0 1 0 0 0 3000 3 9 9 15
3 18 0 1 0 0 0 3000 2 14 14 9
3 19 0 1 0 0 0 3000 2 7 7 14
3 20 1 0 0 1 0 3000 1 14 14 7
3 21 0 1 0 0 0 3000 2 2 2 14
3 22 1 0 0 1 0 3000 1 14 14 2
3 23 0 1 0 0 0 3000 3 6 6 14
3 24 1 0 0 1 0 3000 1 14 14 6
3 25 1 0 0 1 0 3000 1 6 6 14
3 26 0 1 0 0 0 3000 2 7 7 6
3 27 0 1 0 0 0 3000 3 5 5 7
3 28 0 1 0 0 0 3000 2 8 8 5
3 29 1 0 0 1 0 3000 1 5 5 8
3 30 0 1 0 0 0 3000 2 2 2 5
