1 1 0 1 0 0 0 3000 3 4 4 0
1 2 0 1 0 0 0 3000 1 13 13 4
1 3 0 1 0 0 0 3000 2 2 2 13
1 4 0 1 0 0 0 3000 2 10 10 2
1 5 0 1 0 0 0 3000 3 14 14 10
1 6 1 0 0 1 0 3000 1 10 10 14
1 7 1 0 0 1 0 3000 1 14 14 10
1 8 0 1 0 0 0 3000 3 14 14 14
1 9 1 0 0 1 0 3000 1 14 14 14
1 10 0 1 0 0 0 3000 3 5 5 14
1 11 0 1 0 0 0 3000 2 10 10 5
1 12 0 1 0 0 0 3000 3 11 11 10
1 13 0 1 0 0 0 3000 3 4 4 11
1 14 0 1 0 0 0 3000 2 6 6 4
1 15 1 0 0 1 0 3000 1 4 4 6
1 16 1 0 0 1 0 3000 1 6 6 4
1 17 0 1 0 0 0 3000 2 11 11 6
1 18 0 1 0 0 0 3000 2 11 11 11
1 19 1 0 0 1 0 3000 1 11 11 11
1 20 0 1 0 0 0 3000 3 12 12 11
2 1 0 1 0 0 0 3000 3 7 7 12
2 2 0 1 0 0 0 3000 2 2 2 7
2 3 1 0 0 1 0 3000 1 7 7 2
2 4 0 1 0 0 0 3000 3 9 9 7
2 5 1 0 0 1 0 3000 1 7 7 9
2 6 1 0 0 1 0 3000 1 9 9 7
2 7 1 0 0 1 0 3000 1 7 7 9
2 8 0 1 0 0 0 3000 3 15 15 7
2 9 1 0 0 1 0 3000 1 7 7 15
2 10 0 1 0 0 0 3000 2 4 4 7
2 11 0 1 0 0 0 3000 2 8 8 4
2 12 0 1 0 0 0 3000 3 5 5 8
2 13 0 1 0 0 0 3000 2 4 4 5
2 14 0 1 0 0 0 3000 2 12 12 4
2 15 0 1 0 0 0 3000 2 11 11 12
2 16 0 1 0 0 0 3000 3 6 6 11
2 17 1 0 0 1 0 3000 1 11 11 6
2 18 1 0 0 1 0 3000 1 6 6 11
2 19 1 0 0 1 0 3000 1 11 11 6
2 20 0 1 0 0 0 3000 2 3 3 11
2 21 0 1 0 0 0 3000 2 1 1 3
2 22 0 1 0 0 0 3000 3 5 5 1
2 23 0 1 0 0 0 3000 2 5 5 5
2 24 0 1 0 0 0 3000 2 8 8 5
2 25 1 0 0 1 0 3000 1 5 5 8
2 26 0 1 0 0 0 3000 3 15 15 5
2 27 1 0 0 1 0 3000 1 5 5 15
2 28 1 0 0 1 0 3000 1 15 15 5
2 29 0 1 0 0 0 3000 3 6 6 15
2 30 0 1 0 0 0 3000 2 13 13 6
3 1 0 1 0 0 0 3000 2 14 14 13
3 2 0 1 0 0 0 3000 1 3 3 14
3 3 1 0 0 1 0 3000 1 14 14 3
3 4 0 1 0 0 0 3000 3 2 2 14
3 5 1 0 0 1 0 3000 1 14 14 2
3 6 0 1 0 0 0 3000 3 1 1 14
3 7 0 1 0 0 0 3000 2 2 2 1
3 8 0 1 0 0 0 3000 3 14 14 2
3 9 0 1 0 0 0 3000 2 7 7 14
3 10 0 1 0 0 0 3000 2 6 6 7
3 11 0 1 0 0 0 3000 2 14 14 6
3 12 1 0 0 1 0 3000 1 6 6 14
3 13 0 1 0 0 0 3000 3 10 10 6
3 14 0 1 0 0 0 3000 3 1 1 10
3 15 1 0 0 1 0 3000 1 10 10 1
3 16 1 0 0 1 0 3000 1 1 1 10
3 17 0 1 0 0 0 3000 3 9 9 1
3 18 0 1 0 0 0 3000 3 12 12 9
3 19 0 1 0 0 0 3000 3 13 13 12
3 20 1 0 0 1 0 3000 1 12 12 13
3 21 1 0 0 1 0 3000 1 13 13 12
3 22 0 1 0 0 0 3000 2 4 4 13
3 23 0 1 0 0 0 3000 2 9 9 4
3 24 0 1 0 0 0 3000 3 7 7 9
3 25 0 1 0 0 0 3000 2 11 11 7
3 26 1 0 0 1 0 3000 1 7 7 11
3 27 0 1 0 0 0 3000 2 8 8 7
3 28 0 1 0 0 0 3000 3 9 9 8
3 29 1 0 0 1 0 3000 1 8 8 9
3 30 0 1 0 0 0 3000 2 8 8 8
