1 1 0 0 0 0 1 649 2 10 10 0
1 2 0 0 0 0 1 250 1 15 15 10
1 3 0 1 0 0 0 3000 3 14 14 15
1 4 1 0 0 1 0 3000 1 15 15 14
1 5 0 1 0 0 0 3000 2 3 3 15
1 6 0 1 0 0 0 3000 2 3 3 3
1 7 0 0 0 0 1 234 2 6 6 3
1 8 1 1 1 0 0 369 1 3 3 6
1 9 1 1 1 0 0 225 1 6 6 3
1 10 0 0 0 0 1 238 2 14 14 6
1 11 1 1 1 0 0 85 1 6 6 14
1 12 1 1 1 0 0 247 1 14 14 6
1 13 1 1 1 0 0 239 1 6 6 14
1 14 1 1 1 0 0 278 1 14 14 6
1 15 0 0 0 0 1 246 3 7 7 14
1 16 0 0 0 0 1 218 3 7 7 7
1 17 0 0 0 0 1 222 3 2 2 7
1 18 0 0 0 0 1 214 3 14 14 2
1 19 1 1 1 0 0 232 1 2 2 14
1 20 1 1 1 0 0 430 1 14 14 2
2 1 0 0 0 0 1 537 2 12 12 14
2 2 0 0 0 0 1 269 1 10 10 12
2 3 1 1 1 0 0 231 1 12 12 10
2 4 1 1 1 0 0 238 1 10 10 12
2 5 1 1 1 0 0 233 1 12 12 10
2 6 1 1 1 0 0 250 1 10 10 12
2 7 0 0 0 0 1 235 3 13 13 10
2 8 1 1 1 0 0 231 1 10 10 13
2 9 1 1 1 0 0 229 1 13 13 10
2 10 0 0 0 0 1 1932 2 3 3 13
2 11 1 1 1 0 0 677 1 13 13 3
2 12 0 0 0 0 1 302 2 11 11 13
2 13 1 1 1 0 0 277 1 13 13 11
2 14 1 1 1 0 0 245 1 11 11 13
2 15 1 1 1 0 0 244 1 13 13 11
2 16 1 1 1 0 0 228 1 11 11 13
2 17 1 1 1 0 0 237 1 13 13 11
2 18 0 0 0 0 1 238 2 2 2 13
2 19 1 1 1 0 0 317 1 13 13 2
2 20 1 1 1 0 0 243 1 2 2 13
2 21 0 0 0 0 1 323 3 10 10 2
2 22 0 0 0 0 1 315 3 9 9 10
2 23 0 0 0 0 1 261 2 15 15 9
2 24 0 0 0 0 1 573 3 4 4 15
2 25 0 0 0 0 1 253 3 12 12 4
2 26 1 1 1 0 0 242 1 4 4 12
2 27 0 0 0 0 1 375 3 3 3 4
2 28 0 0 0 0 1 245 3 12 12 3
2 29 1 1 1 0 0 242 1 3 3 12
2 30 0 0 0 0 1 257 2 5 5 3
3 1 0 0 0 0 1 1850 3 2 2 5
3 2 0 0 0 0 1 251 1 3 3 2
3 3 0 0 0 0 1 256 3 13 13 3
3 4 1 1 1 0 0 239 1 3 3 13
3 5 0 0 0 0 1 294 2 8 8 3
3 6 0 0 0 0 1 264 2 15 15 8
3 7 1 1 1 0 0 242 1 8 8 15
3 8 0 0 0 0 1 368 2 4 4 8
3 9 0 0 0 0 1 271 3 9 9 4
3 10 1 1 1 0 0 285 1 4 4 9
3 11 1 1 1 0 0 385 1 9 9 4
3 12 1 1 1 0 0 366 1 4 4 9
3 13 0 0 0 0 1 400 3 1 1 4
3 14 1 1 1 0 0 275 1 4 4 1
3 15 0 0 0 0 1 223 3 12 12 4
3 16 1 1 1 0 0 65 1 4 4 12
3 17 0 0 0 0 1 274 2 6 6 4
3 18 0 0 0 0 1 263 2 13 13 6
3 19 1 1 1 0 0 259 1 6 6 13
3 20 0 0 0 0 1 318 3 15 15 6
3 21 0 0 0 0 1 536 2 12 12 15
3 22 0 0 0 0 1 221 2 1 1 12
3 23 1 1 1 0 0 381 1 12 12 1
3 24 1 1 1 0 0 411 1 1 1 12
3 25 0 0 0 0 1 303 3 2 2 1
3 26 0 0 0 0 1 397 3 3 3 2
3 27 1 1 1 0 0 260 1 2 2 3
3 28 1 1 1 0 0 245 1 3 3 2
3 29 0 0 0 0 1 275 2 10 10 3
3 30 1 1 1 0 0 287 1 3 3 10
