1 1 0 1 0 0 0 3000 1 5 5 0
1 2 0 1 0 0 0 3000 3 2 2 5
1 3 0 1 0 0 0 3000 3 13 13 2
1 4 0 1 0 0 0 3000 3 6 6 13
1 5 0 1 0 0 0 3000 3 3 3 6
1 6 0 1 0 0 0 3000 3 9 9 3
1 7 0 1 0 0 0 3000 2 7 7 9
1 8 1 1 1 0 0 1255 1 9 9 7
1 9 0 1 0 0 0 3000 2 8 8 9
1 10 1 1 1 0 0 722 1 9 9 8
1 11 1 1 1 0 0 850 1 8 8 9
1 12 0 0 0 0 1 684 3 13 13 8
1 13 0 1 0 0 0 3000 2 4 4 13
1 14 1 1 1 0 0 409 1 13 13 4
1 15 0 1 0 0 0 3000 3 10 10 13
1 16 0 1 0 0 0 3000 3 5 5 10
1 17 0 0 0 0 1 410 2 13 13 5
1 18 0 1 0 0 0 3000 2 4 4 13
1 19 0 1 0 0 0 3000 2 6 6 4
1 20 0 1 0 0 0 3000 2 5 5 6
2 1 0 1 0 0 0 3000 1 11 11 5
2 2 0 1 0 0 0 3000 2 15 15 11
2 3 1 1 1 0 0 370 1 11 11 15
2 4 0 1 0 0 0 3000 3 2 2 11
2 5 0 1 0 0 0 3000 3 12 12 2
2 6 1 1 1 0 0 641 1 2 2 12
2 7 1 0 0 1 0 3000 1 12 12 2
2 8 0 1 0 0 0 3000 2 14 14 12
2 9 0 1 0 0 0 3000 3 3 3 14
2 10 1 1 1 0 0 363 1 14 14 3
2 11 0 1 0 0 0 3000 3 9 9 14
2 12 1 1 1 0 0 391 1 14 14 9
2 13 0 0 0 0 1 679 2 15 15 14
2 14 1 1 1 0 0 856 1 14 14 15
2 15 0 0 0 0 1 784 2 12 12 14
2 16 1 1 1 0 0 1029 1 14 14 12
2 17 0 1 0 0 0 3000 2 6 6 14
2 18 0 1 0 0 0 3000 3 13 13 6
2 19 0 1 0 0 0 3000 2 4 4 13
2 20 0 1 0 0 0 3000 2 1 1 4
2 21 1 1 1 0 0 679 1 4 4 1
2 22 0 1 0 0 0 3000 2 12 12 4
2 23 1 1 1 0 0 651 1 4 4 12
2 24 0 1 0 0 0 3000 3 11 11 4
2 25 0 0 0 0 1 826 2 11 11 11
2 26 0 1 0 0 0 3000 2 14 14 11
2 27 0 0 0 0 1 592 2 12 12 14
2 28 0 1 0 0 0 3000 2 2 2 12
2 29 0 0 0 0 1 582 3 14 14 2
2 30 1 1 1 0 0 762 1 2 2 14
3 1 0 1 0 0 0 3000 3 4 4 2
3 2 0 1 0 0 0 3000 2 1 1 4
3 3 0 1 0 0 0 3000 3 15 15 1
3 4 0 1 0 0 0 3000 3 10 10 15
3 5 1 1 1 0 0 302 1 15 15 10
3 6 0 1 0 0 0 3000 3 7 7 15
3 7 0 1 0 0 0 3000 3 1 1 7
3 8 0 1 0 0 0 3000 2 5 5 1
3 9 0 1 0 0 0 3000 2 4 4 5
3 10 0 1 0 0 0 3000 3 6 6 4
3 11 1 0 0 1 0 3000 1 4 4 6
3 12 0 0 0 0 1 509 3 4 4 4
3 13 0 1 0 0 0 3000 2 10 10 4
3 14 0 1 0 0 0 3000 3 8 8 10
3 15 1 1 1 0 0 391 1 10 10 8
3 16 1 1 1 0 0 632 1 8 8 10
3 17 1 1 1 0 0 774 1 10 10 8
3 18 1 1 1 0 0 496 1 8 8 10
3 19 1 1 1 0 0 650 1 10 10 8
3 20 0 1 0 0 0 3000 3 7 7 10
3 21 0 1 0 0 0 3000 2 1 1 7
3 22 1 1 1 0 0 399 1 7 7 1
3 23 1 1 1 0 0 408 1 1 1 7
3 24 1 1 1 0 0 543 1 7 7 1
3 25 1 1 1 0 0 446 1 1 1 7
3 26 0 1 0 0 0 3000 2 5 5 1
3 27 0 1 0 0 0 3000 3 3 3 5
3 28 0 1 0 0 0 3000 3 9 9 3
3 29 0 0 0 0 1 532 3 7 7 9
3 30 0 1 0 0 0 3000 2 7 7 7
