1 1 0 1 0 0 0 3000 3 4 4 0
1 2 0 1 0 0 0 3000 3 13 13 4
1 3 0 1 0 0 0 3000 3 1 1 13
1 4 0 1 0 0 0 3000 3 2 2 1
1 5 0 1 0 0 0 3000 3 8 8 2
1 6 0 1 0 0 0 3000 3 3 3 8
1 7 1 1 1 0 0 938 1 8 8 3
1 8 1 0 0 1 0 3000 1 3 3 8
1 9 0 1 0 0 0 3000 3 10 10 3
1 10 0 1 0 0 0 3000 2 7 7 10
1 11 0 1 0 0 0 3000 3 13 13 7
1 12 0 1 0 0 0 3000 3 11 11 13
1 13 1 1 1 0 0 959 1 13 13 11
1 14 1 1 1 0 0 1076 1 11 11 13
1 15 0 1 0 0 0 3000 2 5 5 11
1 16 1 1 1 0 0 1199 1 11 11 5
1 17 1 0 0 1 0 3000 1 5 5 11
1 18 1 1 1 0 0 755 1 11 11 5
1 19 1 0 0 1 0 3000 1 5 5 11
1 20 0 1 0 0 0 3000 2 2 2 5
2 1 0 1 0 0 0 3000 2 4 4 2
2 2 0 1 0 0 0 3000 3 14 14 4
2 3 1 1 1 0 0 810 1 4 4 14
2 4 0 1 0 0 0 3000 2 11 11 4
2 5 0 1 0 0 0 3000 2 1 1 11
2 6 1 1 1 0 0 762 1 11 11 1
2 7 0 1 0 0 0 3000 3 13 13 11
2 8 0 1 0 0 0 3000 2 3 3 13
2 9 1 1 1 0 0 934 1 13 13 3
2 10 0 1 0 0 0 3000 2 5 5 13
2 11 0 1 0 0 0 3000 3 12 12 5
2 12 0 1 0 0 0 3000 2 2 2 12
2 13 0 1 0 0 0 3000 2 8 8 2
2 14 1 1 1 0 0 772 1 2 2 8
2 15 0 1 0 0 0 3000 2 1 1 2
2 16 0 1 0 0 0 3000 3 3 3 1
2 17 1 1 1 0 0 685 1 1 1 3
2 18 1 0 0 1 0 3000 1 3 3 1
2 19 1 0 0 1 0 3000 1 1 1 3
2 20 1 1 1 0 0 570 1 3 3 1
2 21 1 0 0 1 0 3000 1 1 1 3
2 22 0 1 0 0 0 3000 2 5 5 1
2 23 1 1 1 0 0 613 1 1 1 5
2 24 0 1 0 0 0 3000 3 1 1 1
2 25 0 1 0 0 0 3000 3 11 11 1
2 26 0 1 0 0 0 3000 2 10 10 11
2 27 0 1 0 0 0 3000 2 4 4 10
2 28 0 1 0 0 0 3000 2 4 4 4
2 29 1 1 1 0 0 617 1 4 4 4
2 30 1 1 1 0 0 1860 1 4 4 4
3 1 0 1 0 0 0 3000 1 13 13 4
3 2 0 1 0 0 0 3000 3 7 7 13
3 3 1 1 1 0 0 502 1 13 13 7
3 4 0 1 0 0 0 3000 2 5 5 13
3 5 1 0 0 1 0 3000 1 13 13 5
3 6 1 1 1 0 0 582 1 5 5 13
3 7 0 1 0 0 0 3000 2 11 11 5
3 8 0 1 0 0 0 3000 3 1 1 11
3 9 0 1 0 0 0 3000 2 12 12 1
3 10 0 1 0 0 0 3000 2 11 11 12
3 11 1 1 1 0 0 476 1 12 12 11
3 12 0 1 0 0 0 3000 3 4 4 12
3 13 1 0 0 1 0 3000 1 12 12 4
3 14 0 1 0 0 0 3000 3 15 15 12
3 15 0 1 0 0 0 3000 2 1 1 15
3 16 0 1 0 0 0 3000 2 11 11 1
3 17 0 1 0 0 0 3000 3 4 4 11
3 18 0 1 0 0 0 3000 3 4 4 4
3 19 0 0 0 0 1 732 2 13 13 4
3 20 0 1 0 0 0 3000 2 9 9 13
3 21 0 1 0 0 0 3000 3 12 12 9
3 22 0 1 0 0 0 3000 3 3 3 12
3 23 0 1 0 0 0 3000 3 10 10 3
3 24 0 1 0 0 0 3000 2 12 12 10
3 25 0 1 0 0 0 3000 2 7 7 12
3 26 1 1 1 0 0 1313 1 12 12 7
3 27 1 0 0 1 0 3000 1 7 7 12
3 28 0 0 0 0 1 1143 2 7 7 7
3 29 1 1 1 0 0 945 1 7 7 7
3 30 0 1 0 0 0 3000 3 1 1 7
