1 1 0 1 0 0 0 3000 3 7 7 0
1 2 0 1 0 0 0 3000 3 7 7 7
1 3 1 0 0 1 0 3000 1 7 7 7
1 4 0 1 0 0 0 3000 2 10 10 7
1 5 0 1 0 0 0 3000 2 14 14 10
1 6 0 1 0 0 0 3000 2 7 7 14
1 7 0 1 0 0 0 3000 2 3 3 7
1 8 1 0 0 1 0 3000 1 7 7 3
1 9 1 0 0 1 0 3000 1 3 3 7
1 10 1 0 0 1 0 3000 1 7 7 3
1 11 0 1 0 0 0 3000 3 6 6 7
1 12 1 0 0 1 0 3000 1 7 7 6
1 13 0 1 0 0 0 3000 2 5 5 7
1 14 0 1 0 0 0 3000 3 12 12 5
1 15 0 1 0 0 0 3000 2 11 11 12
1 16 0 1 0 0 0 3000 3 9 9 11
1 17 1 0 0 1 0 3000 1 11 11 9
1 18 1 0 0 1 0 3000 1 9 9 11
1 19 0 1 0 0 0 3000 3 2 2 9
1 20 1 0 0 1 0 3000 1 9 9 2
2 1 0 1 0 0 0 3000 2 8 8 9
2 2 0 1 0 0 0 3000 3 13 13 8
2 3 1 0 0 1 0 3000 1 8 8 13
2 4 0 1 0 0 0 3000 2 9 9 8
2 5 0 1 0 0 0 3000 2 2 2 9
2 6 0 1 0 0 0 3000 2 10 10 2
2 7 0 1 0 0 0 3000 2 7 7 10
2 8 0 1 0 0 0 3000 2 4 4 7
2 9 0 1 0 0 0 3000 2 14 14 4
2 10 0 1 0 0 0 3000 2 15 15 14
2 11 0 1 0 0 0 3000 2 10 10 15
2 12 0 1 0 0 0 3000 3 4 4 10
2 13 0 1 0 0 0 3000 2 2 2 4
2 14 0 1 0 0 0 3000 2 15 15 2
2 15 0 1 0 0 0 3000 2 13 13 15
2 16 1 0 0 1 0 3000 1 15 15 13
2 17 1 0 0 1 0 3000 1 13 13 15
2 18 0 1 0 0 0 3000 2 4 4 13
2 19 0 1 0 0 0 3000 3 1 1 4
2 20 0 1 0 0 0 3000 3 11 11 1
2 21 0 1 0 0 0 3000 3 5 5 11
2 22 0 1 0 0 0 3000 3 5 5 5
2 23 0 1 0 0 0 3000 2 14 14 5
2 24 1 0 0 1 0 3000 1 5 5 14
2 25 0 1 0 0 0 3000 2 2 2 5
2 26 1 0 0 1 0 3000 1 5 5 2
2 27 0 1 0 0 0 3000 3 1 1 5
2 28 0 1 0 0 0 3000 3 6 6 1
2 29 0 1 0 0 0 3000 3 3 3 6
2 30 0 1 0 0 0 3000 2 3 3 3
3 1 0 1 0 0 0 3000 3 1 1 3
3 2 0 1 0 0 0 3000 3 6 6 1
3 3 0 1 0 0 0 3000 3 12 12 6
3 4 0 1 0 0 0 3000 3 11 11 12
3 5 1 0 0 1 0 3000 1 12 12 11
3 6 0 1 0 0 0 3000 3 8 8 12
3 7 0 1 0 0 0 3000 3 5 5 8
3 8 0 1 0 0 0 3000 3 3 3 5
3 9 0 1 0 0 0 3000 2 11 11 3
3 10 0 1 0 0 0 3000 2 1 1 11
3 11 0 1 0 0 0 3000 2 7 7 1
3 12 0 1 0 0 0 3000 3 10 10 7
3 13 0 1 0 0 0 3000 2 9 9 10
3 14 0 1 0 0 0 3000 2 12 12 9
3 15 0 1 0 0 0 3000 3 11 11 12
3 16 0 1 0 0 0 3000 2 3 3 11
3 17 0 1 0 0 0 3000 2 7 7 3
3 18 0 1 0 0 0 3000 3 15 15 7
3 19 0 1 0 0 0 3000 3 13 13 15
3 20 1 0 0 1 0 3000 1 15 15 13
3 21 0 1 0 0 0 3000 2 8 8 15
3 22 0 1 0 0 0 3000 3 14 14 8
3 23 0 1 0 0 0 3000 2 6 6 14
3 24 0 1 0 0 0 3000 2 11 11 6
3 25 1 0 0 1 0 3000 1 6 6 11
3 26 1 0 0 1 0 3000 1 11 11 6
3 27 0 1 0 0 0 3000 2 7 7 11
3 28 1 0 0 1 0 3000 1 11 11 7
3 29 0 1 0 0 0 3000 3 3 3 11
3 30 0 1 0 0 0 3000 3 2 2 3
