1 1 0 0 0 0 1 1600 1 10 10 0
1 2 0 0 0 0 1 686 2 9 9 10
1 3 0 1 0 0 0 3000 3 12 12 9
1 4 0 0 0 0 1 446 3 10 10 12
1 5 0 1 0 0 0 3000 3 6 6 10
1 6 0 1 0 0 0 3000 3 6 6 6
1 7 0 1 0 0 0 3000 2 8 8 6
1 8 0 1 0 0 0 3000 2 4 4 8
1 9 1 0 0 1 0 3000 1 8 8 4
1 10 0 1 0 0 0 3000 2 5 5 8
1 11 1 1 1 0 0 499 1 8 8 5
1 12 0 0 0 0 1 894 3 10 10 8
1 13 0 1 0 0 0 3000 3 15 15 10
1 14 0 0 0 0 1 828 3 2 2 15
1 15 1 1 1 0 0 880 1 15 15 2
1 16 1 1 1 0 0 2989 1 2 2 15
1 17 1 1 1 0 0 464 1 15 15 2
1 18 0 0 0 0 1 17 2 14 14 15
1 19 0 0 0 0 1 337 2 2 2 14
1 20 0 0 0 0 1 604 2 10 10 2
2 1 0 0 0 0 1 1084 1 14 14 10
2 2 0 0 0 0 1 365 2 7 7 14
2 3 1 1 1 0 0 455 1 14 14 7
2 4 0 1 0 0 0 3000 3 4 4 14
2 5 0 1 0 0 0 3000 2 8 8 4
2 6 0 1 0 0 0 3000 2 9 9 8
2 7 1 0 0 1 0 3000 1 8 8 9
2 8 0 1 0 0 0 3000 3 7 7 8
2 9 0 1 0 0 0 3000 3 5 5 7
2 10 1 1 1 0 0 439 1 7 7 5
2 11 1 1 1 0 0 1574 1 5 5 7
2 12 0 0 0 0 1 1315 3 5 5 5
2 13 0 1 0 0 0 3000 2 10 10 5
2 14 0 1 0 0 0 3000 3 13 13 10
2 15 0 1 0 0 0 3000 3 14 14 13
2 16 0 1 0 0 0 3000 2 4 4 14
2 17 0 1 0 0 0 3000 2 11 11 4
2 18 0 1 0 0 0 3000 2 10 10 11
2 19 0 1 0 0 0 3000 3 5 5 10
2 20 0 1 0 0 0 3000 3 13 13 5
2 21 0 1 0 0 0 3000 2 13 13 13
2 22 0 1 0 0 0 3000 2 2 2 13
2 23 1 1 1 0 0 842 1 13 13 2
2 24 0 1 0 0 0 3000 2 8 8 13
2 25 1 0 0 1 0 3000 1 13 13 8
2 26 0 1 0 0 0 3000 2 14 14 13
2 27 0 1 0 0 0 3000 3 11 11 14
2 28 1 1 1 0 0 952 1 14 14 11
2 29 0 1 0 0 0 3000 2 2 2 14
2 30 0 1 0 0 0 3000 3 11 11 2
3 1 0 0 0 0 1 1066 3 15 15 11
3 2 0 0 0 0 1 477 2 13 13 15
3 3 0 0 0 0 1 549 2 14 14 13
3 4 1 1 1 0 0 1155 1 13 13 14
3 5 0 1 0 0 0 3000 2 8 8 13
3 6 0 0 0 0 1 1405 3 8 8 8
3 7 0 1 0 0 0 3000 2 12 12 8
3 8 0 1 0 0 0 3000 2 7 7 12
3 9 0 1 0 0 0 3000 2 5 5 7
3 10 0 0 0 0 1 621 2 12 12 5
3 11 0 0 0 0 1 777 2 7 7 12
3 12 0 1 0 0 0 3000 2 3 3 7
3 13 1 1 1 0 0 566 1 7 7 3
3 14 0 1 0 0 0 3000 2 5 5 7
3 15 0 1 0 0 0 3000 2 15 15 5
3 16 0 1 0 0 0 3000 3 11 11 15
3 17 1 1 1 0 0 581 1 15 15 11
3 18 0 0 0 0 1 895 3 5 5 15
3 19 0 1 0 0 0 3000 3 13 13 5
3 20 1 1 1 0 0 497 1 5 5 13
3 21 0 1 0 0 0 3000 3 2 2 5
3 22 0 1 0 0 0 3000 2 11 11 2
3 23 0 1 0 0 0 3000 3 3 3 11
3 24 0 1 0 0 0 3000 2 8 8 3
3 25 1 1 1 0 0 1188 1 3 3 8
3 26 1 0 0 1 0 3000 1 8 8 3
3 27 1 0 0 1 0 3000 1 3 3 8
3 28 1 1 1 0 0 450 1 8 8 3
3 29 1 1 1 0 0 925 1 3 3 8
3 30 1 1 1 0 0 734 1 8 8 3
