1 1 0 1 0 0 0 3000 2 11 11 0
1 2 0 0 0 0 1 65 2 15 15 11
1 3 1 1 1 0 0 208 1 11 11 15
1 4 1 1 1 0 0 231 1 15 15 11
1 5 0 0 0 0 1 101 2 10 10 15
1 6 0 0 0 0 1 115 2 8 8 10
1 7 1 1 1 0 0 280 1 10 10 8
1 8 0 0 0 0 1 285 3 1 1 10
1 9 0 0 0 0 1 469 2 15 15 1
1 10 1 1 1 0 0 454 1 1 1 15
1 11 0 0 0 0 1 500 2 9 9 1
1 12 1 1 1 0 0 136 1 1 1 9
1 13 1 1 1 0 0 404 1 9 9 1
1 14 0 0 0 0 1 197 3 4 4 9
1 15 0 0 0 0 1 104 2 7 7 4
1 16 1 1 1 0 0 503 1 4 4 7
1 17 1 1 1 0 0 361 1 7 7 4
1 18 0 0 0 0 1 245 3 2 2 7
1 19 1 1 1 0 0 599 1 7 7 2
1 20 0 0 0 0 1 15 3 8 8 7
2 1 0 0 0 0 1 798 3 10 10 8
2 2 0 0 0 0 1 297 1 3 3 10
2 3 0 0 0 0 1 215 3 1 1 3
2 4 1 1 1 0 0 149 1 3 3 1
2 5 1 1 1 0 0 213 1 1 1 3
2 6 0 0 0 0 1 210 2 2 2 1
2 7 0 0 0 0 1 179 2 13 13 2
2 8 0 0 0 0 1 106 2 11 11 13
2 9 1 1 1 0 0 260 1 13 13 11
2 10 0 0 0 0 1 221 2 13 13 13
2 11 0 0 0 0 1 205 3 4 4 13
2 12 1 1 1 0 0 218 1 13 13 4
2 13 0 0 0 0 1 115 3 12 12 13
2 14 0 0 0 0 1 245 2 9 9 12
2 15 0 0 0 0 1 255 3 4 4 9
2 16 0 0 0 0 1 256 3 14 14 4
2 17 1 1 1 0 0 194 1 4 4 14
2 18 1 1 1 0 0 284 1 14 14 4
2 19 1 1 1 0 0 228 1 4 4 14
2 20 0 0 0 0 1 52 2 1 1 4
2 21 0 0 0 0 1 504 3 9 9 1
2 22 0 0 0 0 1 269 3 13 13 9
2 23 0 0 0 0 1 219 2 4 4 13
2 24 0 0 0 0 1 136 2 2 2 4
2 25 0 0 0 0 1 297 2 13 13 2
2 26 1 1 1 0 0 217 1 2 2 13
2 27 0 0 0 0 1 243 2 1 1 2
2 28 1 1 1 0 0 249 1 2 2 1
2 29 0 0 0 0 1 318 2 15 15 2
2 30 0 0 0 0 1 291 3 6 6 15
3 1 0 0 0 0 1 977 3 1 1 6
3 2 0 0 0 0 1 269 2 5 5 1
3 3 1 1 1 0 0 260 1 1 1 5
3 4 0 0 0 0 1 281 2 8 8 1
3 5 0 0 0 0 1 280 2 3 3 8
3 6 0 0 0 0 1 292 2 9 9 3
3 7 0 0 0 0 1 224 3 4 4 9
3 8 0 0 0 0 1 123 3 7 7 4
3 9 1 1 1 0 0 26 1 4 4 7
3 10 0 0 0 0 1 90 3 8 8 4
3 11 1 1 1 0 0 241 1 4 4 8
3 12 0 0 0 0 1 281 2 3 3 4
3 13 0 0 0 0 1 234 3 14 14 3
3 14 0 0 0 0 1 264 3 10 10 14
3 15 0 0 0 0 1 292 2 9 9 10
3 16 0 0 0 0 1 253 3 15 15 9
3 17 1 1 1 0 0 275 1 9 9 15
3 18 1 1 1 0 0 170 1 15 15 9
3 19 0 0 0 0 1 31 2 6 6 15
3 20 1 1 1 0 0 412 1 15 15 6
3 21 1 1 1 0 0 381 1 6 6 15
3 22 0 0 0 0 1 336 3 1 1 6
3 23 1 1 1 0 0 260 1 6 6 1
3 24 0 0 0 0 1 224 2 6 6 6
3 25 1 1 1 0 0 241 1 6 6 6
3 26 0 0 0 0 1 282 3 10 10 6
3 27 0 0 0 0 1 140 2 7 7 10
3 28 1 1 1 0 0 334 1 10 10 7
3 29 0 0 0 0 1 248 2 9 9 10
3 30 0 0 0 0 1 154 3 8 8 9
