1 1 0 1 0 0 0 3000 2 15 15 0
1 2 0 0 0 0 1 567 3 13 13 15
1 3 0 0 0 0 1 771 2 3 3 13
1 4 1 1 1 0 0 436 1 13 13 3
1 5 0 0 0 0 1 414 3 10 10 13
1 6 0 0 0 0 1 502 2 3 3 10
1 7 0 0 0 0 1 326 2 3 3 3
1 8 0 0 0 0 1 332 3 8 8 3
1 9 0 0 0 0 1 479 2 2 2 8
1 10 1 1 1 0 0 565 1 8 8 2
1 11 0 1 0 0 0 3000 2 11 11 8
1 12 0 0 0 0 1 401 2 12 12 11
1 13 1 1 1 0 0 1119 1 11 11 12
1 14 0 0 0 0 1 672 2 10 10 11
1 15 0 0 0 0 1 489 2 6 6 10
1 16 0 0 0 0 1 467 3 1 1 6
1 17 0 0 0 0 1 527 3 3 3 1
1 18 0 0 0 0 1 434 3 11 11 3
1 19 1 1 1 0 0 550 1 3 3 11
1 20 0 0 0 0 1 815 2 4 4 3
2 1 0 1 0 0 0 3000 3 11 11 4
2 2 0 1 0 0 0 3000 1 5 5 11
2 3 0 0 0 0 1 438 3 10 10 5
2 4 1 0 0 1 0 3000 1 5 5 10
2 5 1 1 1 0 0 187 1 10 10 5
2 6 0 0 0 0 1 618 3 3 3 10
2 7 0 0 0 0 1 703 3 13 13 3
2 8 0 1 0 0 0 3000 2 15 15 13
2 9 1 1 1 0 0 843 1 13 13 15
2 10 1 1 1 0 0 877 1 15 15 13
2 11 0 0 0 0 1 713 2 12 12 15
2 12 0 0 0 0 1 655 3 13 13 12
2 13 1 1 1 0 0 428 1 12 12 13
2 14 0 0 0 0 1 687 2 12 12 12
2 15 0 1 0 0 0 3000 3 2 2 12
2 16 0 1 0 0 0 3000 2 14 14 2
2 17 0 0 0 0 1 608 3 7 7 14
2 18 0 0 0 0 1 973 2 3 3 7
2 19 1 0 0 1 0 3000 1 7 7 3
2 20 0 0 0 0 1 752 3 15 15 7
2 21 1 1 1 0 0 599 1 7 7 15
2 22 0 1 0 0 0 3000 2 10 10 7
2 23 0 1 0 0 0 3000 2 1 1 10
2 24 0 1 0 0 0 3000 2 2 2 1
2 25 1 1 1 0 0 394 1 1 1 2
2 26 0 1 0 0 0 3000 2 5 5 1
2 27 1 1 1 0 0 560 1 1 1 5
2 28 1 0 0 1 0 3000 1 5 5 1
2 29 1 1 1 0 0 514 1 1 1 5
2 30 1 1 1 0 0 706 1 5 5 1
3 1 0 1 0 0 0 3000 3 10 10 5
3 2 0 1 0 0 0 3000 2 3 3 10
3 3 1 1 1 0 0 624 1 10 10 3
3 4 1 1 1 0 0 670 1 3 3 10
3 5 1 1 1 0 0 986 1 10 10 3
3 6 0 1 0 0 0 3000 3 1 1 10
3 7 0 1 0 0 0 3000 3 11 11 1
3 8 1 1 1 0 0 555 1 1 1 11
3 9 0 1 0 0 0 3000 2 14 14 1
3 10 0 1 0 0 0 3000 3 7 7 14
3 11 0 1 0 0 0 3000 3 15 15 7
3 12 0 0 0 0 1 960 2 14 14 15
3 13 0 1 0 0 0 3000 3 9 9 14
3 14 1 1 1 0 0 740 1 14 14 9
3 15 0 0 0 0 1 692 2 11 11 14
3 16 0 1 0 0 0 3000 2 10 10 11
3 17 0 0 0 0 1 1132 2 1 1 10
3 18 0 0 0 0 1 634 2 11 11 1
3 19 0 1 0 0 0 3000 3 15 15 11
3 20 0 0 0 0 1 733 2 2 2 15
3 21 0 1 0 0 0 3000 2 7 7 2
3 22 1 1 1 0 0 531 1 2 2 7
3 23 0 1 0 0 0 3000 3 13 13 2
3 24 1 1 1 0 0 934 1 2 2 13
3 25 0 1 0 0 0 3000 3 15 15 2
3 26 1 1 1 0 0 727 1 2 2 15
3 27 1 1 1 0 0 1029 1 15 15 2
3 28 0 1 0 0 0 3000 3 5 5 15
3 29 1 1 1 0 0 716 1 15 15 5
3 30 0 0 0 0 1 704 3 15 15 15
