1 1 0 1 0 0 0 3000 1 5 5 0
1 2 0 1 0 0 0 3000 1 2 2 5
1 3 0 1 0 0 0 3000 2 14 14 2
1 4 0 1 0 0 0 3000 3 3 3 14
1 5 0 1 0 0 0 3000 2 4 4 3
1 6 0 1 0 0 0 3000 2 15 15 4
1 7 0 1 0 0 0 3000 2 7 7 15
1 8 0 0 0 0 1 640 3 5 5 7
1 9 1 1 1 0 0 825 1 7 7 5
1 10 1 1 1 0 0 1624 1 5 5 7
1 11 0 0 0 0 1 922 2 2 2 5
1 12 0 1 0 0 0 3000 2 9 9 2
1 13 0 0 0 0 1 812 2 5 5 9
1 14 1 1 1 0 0 809 1 9 9 5
1 15 0 1 0 0 0 3000 2 9 9 9
1 16 0 1 0 0 0 3000 3 13 13 9
1 17 0 1 0 0 0 3000 3 3 3 13
1 18 0 0 0 0 1 656 2 3 3 3
1 19 0 0 0 0 1 670 3 7 7 3
1 20 0 1 0 0 0 3000 2 1 1 7
2 1 0 1 0 0 0 3000 2 12 12 1
2 2 0 1 0 0 0 3000 1 2 2 12
2 3 0 1 0 0 0 3000 2 15 15 2
2 4 0 1 0 0 0 3000 2 15 15 15
2 5 0 1 0 0 0 3000 3 7 7 15
2 6 0 1 0 0 0 3000 2 1 1 7
2 7 0 1 0 0 0 3000 2 1 1 1
2 8 1 1 1 0 0 833 1 1 1 1
2 9 0 1 0 0 0 3000 2 7 7 1
2 10 0 1 0 0 0 3000 3 3 3 7
2 11 1 1 1 0 0 529 1 7 7 3
2 12 1 1 1 0 0 958 1 3 3 7
2 13 0 1 0 0 0 3000 3 15 15 3
2 14 0 1 0 0 0 3000 2 8 8 15
2 15 0 1 0 0 0 3000 3 3 3 8
2 16 1 1 1 0 0 605 1 8 8 3
2 17 1 1 1 0 0 868 1 3 3 8
2 18 0 0 0 0 1 683 3 15 15 3
2 19 0 1 0 0 0 3000 3 12 12 15
2 20 0 1 0 0 0 3000 3 8 8 12
2 21 1 1 1 0 0 508 1 12 12 8
2 22 0 1 0 0 0 3000 3 14 14 12
2 23 1 0 0 1 0 3000 1 12 12 14
2 24 1 1 1 0 0 464 1 14 14 12
2 25 0 1 0 0 0 3000 3 2 2 14
2 26 0 1 0 0 0 3000 3 1 1 2
2 27 0 1 0 0 0 3000 2 13 13 1
2 28 0 1 0 0 0 3000 2 8 8 13
2 29 1 1 1 0 0 1004 1 13 13 8
2 30 1 1 1 0 0 643 1 8 8 13
3 1 0 1 0 0 0 3000 1 10 10 8
3 2 0 1 0 0 0 3000 2 11 11 10
3 3 0 1 0 0 0 3000 2 7 7 11
3 4 0 1 0 0 0 3000 3 15 15 7
3 5 0 1 0 0 0 3000 2 13 13 15
3 6 1 1 1 0 0 812 1 15 15 13
3 7 0 1 0 0 0 3000 2 7 7 15
3 8 1 0 0 1 0 3000 1 15 15 7
3 9 0 1 0 0 0 3000 3 13 13 15
3 10 1 1 1 0 0 777 1 15 15 13
3 11 0 1 0 0 0 3000 2 6 6 15
3 12 1 1 1 0 0 489 1 15 15 6
3 13 0 1 0 0 0 3000 3 9 9 15
3 14 1 1 1 0 0 679 1 15 15 9
3 15 0 1 0 0 0 3000 2 4 4 15
3 16 1 1 1 0 0 508 1 15 15 4
3 17 0 1 0 0 0 3000 3 10 10 15
3 18 0 1 0 0 0 3000 3 2 2 10
3 19 0 1 0 0 0 3000 3 4 4 2
3 20 0 1 0 0 0 3000 2 5 5 4
3 21 0 1 0 0 0 3000 3 11 11 5
3 22 1 1 1 0 0 457 1 5 5 11
3 23 0 1 0 0 0 3000 2 10 10 5
3 24 0 1 0 0 0 3000 2 10 10 10
3 25 0 1 0 0 0 3000 3 6 6 10
3 26 1 1 1 0 0 491 1 10 10 6
3 27 0 1 0 0 0 3000 2 1 1 10
3 28 1 0 0 1 0 3000 1 10 10 1
3 29 0 1 0 0 0 3000 3 12 12 10
3 30 1 1 1 0 0 459 1 10 10 12
